380      0.69314718        
374      4.87303911        
370      4.20541279        
368      8.34861207        
366      4.11795877        
364      8.30651410        
362      11.43138249       
360      8.54905104        
358      11.75713040       
356      14.24009538       
354      12.18919506       
352      14.82572126       
350      16.84946024       
348      15.40979057       
346      17.61411349       
344      19.28740358       
342      18.32770493       
340      20.19677685       
338      21.60157786       
336      21.01493254       
334      22.61402920       
332      23.79788633       
330      23.51771076       
328      24.89204322       
326      25.89522366       
324      25.84967758       
322      27.05978253       
320      27.92026152       
318      28.06066672       
316      29.12534691       
314      29.88467800       
312      30.17214469       
310      31.11071387       
308      31.80360324       
306      32.18206258       
304      33.02033785       
302      33.66708125       
300      34.11695297       
298      34.87764060       
296      35.48443030       
294      35.97812867       
292      36.67315997       
290      37.25610556       
288      37.77037237       
286      38.41882215       
284      38.98153642       
282      39.50588570       
280      40.11747205       
278      40.66530715       
276      41.19200419       
274      41.77038058       
272      42.30758624       
270      42.82652916       
268      43.37777257       
266      43.90589428       
264      44.41884759       
262      44.95540184       
260      45.46421674       
258      45.97449599       
256      46.48780800       
254      46.98741913       
252      47.48560987       
250      47.98539154       
248      48.47752455       
246      48.97079465       
244      49.45643216       
242      49.93516515       
240      50.41290988       
238      50.89344220       
236      51.36510493       
234      51.82575477       
232      52.29066077       
230      52.75973031       
228      53.21180035       
226      53.67027879       
224      54.12648427       
222      54.56894009       
220      55.02018040       
218      55.46259208       
216      55.90446539       
214      56.34493685       
212      56.77651563       
210      57.20181221       
208      57.63727563       
206      58.06125009       
204      58.48513081       
202      58.90712443       
200      59.32222068       
198      59.73973755       
196      60.15060141       
194      60.55818270       
192      60.96670019       
190      61.37266300       
188      61.77228068       
186      62.17515842       
184      62.57358354       
182      62.96764245       
180      63.35976784       
178      63.75010751       
176      64.13729068       
174      64.51918733       
172      64.90417339       
170      65.28348541       
168      65.66279821       
166      66.03647636       
164      66.40982044       
162      66.78102682       
160      67.15177995       
158      67.51719649       
156      67.87820750       
154      68.24026172       
152      68.60258177       
150      68.95543237       
148      69.30705890       
146      69.65899464       
144      70.00572596       
142      70.35086529       
140      70.69716644       
138      71.03878139       
136      71.37793170       
134      71.71307187       
132      72.04999937       
130      72.38282579       
128      72.71382074       
126      73.03815666       
124      73.36020580       
122      73.68341215       
120      74.00216660       
118      74.31741108       
116      74.63144733       
114      74.94194314       
112      75.25243991       
110      75.56113893       
108      75.86146737       
106      76.16260570       
104      76.45944556       
102      76.75264764       
100      77.04380689       
98       77.33059287       
96       77.61761296       
94       77.90426479       
92       78.18561598       
90       78.45928955       
88       78.73486584       
86       79.00535103       
84       79.27068177       
82       79.53753875       
80       79.80026881       
78       80.05865943       
76       80.30930179       
74       80.56023986       
72       80.80602015       
70       81.05075581       
68       81.29158088       
66       81.52509542       
64       81.75660780       
62       81.98354955       
60       82.20728057       
58       82.42696945       
56       82.64165155       
54       82.84984803       
52       83.05409932       
50       83.25413018       
48       83.44781686       
46       83.63793930       
44       83.81980234       
42       84.00105069       
40       84.17362197       
38       84.34304590       
36       84.50483252       
34       84.66165548       
32       84.81098403       
30       84.95643629       
28       85.09353420       
26       85.22305746       
24       85.34605665       
22       85.46505511       
20       85.57550627       
18       85.67546643       
16       85.77030031       
14       85.85560180       
12       85.93426497       
10       86.00377972       
8        86.06265198       
6        86.11220933       
4        86.15408878       
2        86.18471257       
0        86.20433532       
-2       86.21680727       
-4       86.21757892       
-6       86.20459652       
-8       86.18118676       
-10      86.14703499       
-12      86.09814955       
-14      86.03764853       
-16      85.96013188       
-18      85.87226485       
-20      85.77362487       
-22      85.65534583       
-24      85.52486843       
-26      85.37844181       
-28      85.21620668       
-30      85.03551869       
-32      84.84042586       
-34      84.63137895       
-36      84.40198126       
-38      84.15295501       
-40      83.88759202       
-42      83.60398748       
-44      83.29864125       
-46      82.97415674       
-48      82.62919080       
-50      82.26010394       
-52      81.87201306       
-54      81.46497862       
-56      81.03823842       
-58      80.58687571       
-60      80.10751942       
-62      79.61036566       
-64      79.08614728       
-66      78.53651643       
-68      77.96243155       
-70      77.36624022       
-72      76.74646169       
-74      76.10321434       
-76      75.42584248       
-78      74.72288675       
-80      74.00178619       
-82      73.24897681       
-84      72.46266372       
-86      71.64902320       
-88      70.80656002       
-90      69.93618819       
-92      69.03422987       
-94      68.10634298       
-96      67.14297056       
-98      66.14651134       
-100     65.11300860       
-102     64.04338105       
-104     62.93865347       
-106     61.80446146       
-108     60.63428107       
-110     59.42277190       
-112     58.17851424       
-114     56.88744061       
-116     55.55145769       
-118     54.17068349       
-120     52.75772649       
-122     51.29288317       
-124     49.77183501       
-126     48.19403688       
-128     46.57818423       
-130     44.90196676       
-132     43.15939273       
-134     41.36689541       
-136     39.50843634       
-138     37.57655746       
-140     35.58461922       
-142     33.49995845       
-144     31.32532193       
-146     29.06195593       
-148     26.69664876       
-150     24.21586039       
-152     21.60744077       
-154     18.83899915       
-156     15.88902919       
-158     12.71835480       
-160     9.24088944        
-162     5.33475366        
-164     0.70264305        
