92       0.69314718        
86       3.45936656        
82       2.78618701        
80       5.58433071        
78       2.78141212        
76       5.38969958        
74       7.36423760        
72       5.87073175        
70       7.49310702        
68       8.87626248        
66       8.12393687        
64       9.25837141        
62       10.24945640       
60       9.99101032        
58       10.83585961       
56       11.54182648       
54       11.59599773       
52       12.24107961       
50       12.80885140       
48       13.05028122       
46       13.56619319       
44       14.02516031       
42       14.35035613       
40       14.79207915       
38       15.20612198       
36       15.54741756       
34       15.94170879       
32       16.31650153       
30       16.65708852       
28       17.00258662       
26       17.34624736       
24       17.67103971       
22       17.98806037       
20       18.30222623       
18       18.60367609       
16       18.87897272       
14       19.14958314       
12       19.40424660       
10       19.63338782       
8        19.84099918       
6        20.03403020       
4        20.19077509       
2        20.31584076       
0        20.40611671       
-2       20.45042644       
-4       20.43936795       
-6       20.38193930       
-8       20.24256083       
-10      20.01736769       
-12      19.71974796       
-14      19.33598698       
-16      18.85802379       
-18      18.27820942       
-20      17.61162485       
-22      16.81822917       
-24      15.90021995       
-26      14.86360280       
-28      13.69340013       
-30      12.35933532       
-32      10.83281441       
-34      9.10080614        
-36      7.05056600        
-38      4.60087713        
-40      1.41385010        
