#	k0	k1	y
#	 1.00	 1.00	 1.00	
   2                    -8                    -2
   3                   -20                  -2.5
   4                   -44                 -2.75
   5                   -92                -2.875
   6                  -188               -2.9375
   7                  -380              -2.96875
   8                  -764             -2.984375
   9                 -1532            -2.9921875
  10                 -3068           -2.99609375
  11                 -6140          -2.998046875
