#	k0	k1	y
#	 1.00	 1.00	 0.00	
   2                    -6                  -1.5
   3                   -14                 -1.75
   4                   -30                -1.875
   5                   -62               -1.9375
   6                  -126              -1.96875
   7                  -254             -1.984375
   8                  -510            -1.9921875
   9                 -1022           -1.99609375
  10                 -2046          -1.998046875
  11                 -4094          -1.999023438
  12                 -8190          -1.999511719
  13                -16382          -1.999755859
  14                -32766           -1.99987793
  15                -65534          -1.999938965
  16               -131070          -1.999969482
