62       0.69314718        
56       3.83714911        
54       3.37078115        
52       3.16673626        
50       6.29472771        
48       6.61635110        
46       6.73134391        
44       8.47804659        
42       9.18937333        
40       9.60984921        
38       10.60755996       
36       11.39378018       
34       12.03600596       
32       12.79324496       
30       13.53335094       
28       14.18780003       
26       14.86024816       
24       15.51083040       
22       16.11881128       
20       16.72498283       
18       17.28732860       
16       17.81466234       
14       18.30944702       
12       18.73213836       
10       19.09054959       
8        19.39781886       
6        19.65006354       
4        19.82558605       
2        19.93204337       
0        19.95924906       
-2       19.92348444       
-4       19.80210385       
-6       19.61500007       
-8       19.36861658       
-10      19.06048560       
-12      18.69197307       
-14      18.27496438       
-16      17.81322446       
-18      17.27821654       
-20      16.73072615       
-22      16.11422010       
-24      15.42962920       
-26      14.69819754       
-28      13.91604824       
-30      13.08700105       
-32      12.19210158       
-34      11.17881635       
-36      10.13425019       
-38      8.98306791        
-40      7.64267099        
-42      6.10923299        
-44      4.09723538        
-46      1.49343005        
