510      0.69314718        
504      5.97625574        
502      5.55009027        
500      5.24244518        
498      10.54490466       
496      10.84217302       
494      10.91350454       
492      14.71238078       
490      15.40221663       
488      15.76540002       
486      18.61010456       
484      19.56608736       
482      20.13676923       
480      22.33700684       
478      23.46612064       
476      24.19152254       
474      25.93452380       
472      27.15760974       
470      28.00939500       
468      29.45688565       
466      30.68931737       
464      31.64397697       
462      32.90207496       
460      34.12231214       
458      35.12122991       
456      36.26653120       
454      37.43521872       
452      38.47021200       
450      39.56927810       
448      40.67548042       
446      41.72692992       
444      42.78495045       
442      43.85700482       
440      44.89827822       
438      45.92626516       
436      46.96849401       
434      47.99057655       
432      48.99423195       
430      50.00947651       
428      51.01076296       
426      52.00300413       
424      52.99548481       
422      53.97761701       
420      54.95518960       
418      55.92388928       
416      56.88982415       
414      57.84624241       
412      58.80206694       
410      59.75110473       
408      60.69068575       
406      61.62374416       
404      62.56043881       
402      63.47997545       
400      64.40129711       
398      65.32146372       
396      66.23280459       
394      67.13892641       
392      68.04536357       
390      68.93720451       
388      69.83320090       
386      70.72715272       
384      71.60790211       
382      72.49184680       
380      73.37091748       
378      74.24178399       
376      75.10964662       
374      75.97642353       
372      76.83947262       
370      77.69526434       
368      78.55652915       
366      79.40457259       
364      80.24342176       
362      81.09054912       
360      81.93194932       
358      82.76312135       
356      83.59750843       
354      84.42448047       
352      85.24755350       
350      86.07180960       
348      86.88908551       
346      87.70542955       
344      88.51991473       
342      89.32725298       
340      90.13333320       
338      90.93594891       
336      91.73301987       
334      92.52924546       
332      93.32052114       
330      94.10812840       
328      94.89536969       
326      95.68048356       
324      96.46105417       
322      97.23702521       
320      98.01098582       
318      98.78452433       
316      99.55125966       
314      100.32104370      
312      101.08360697      
310      101.84111722      
308      102.59901224      
306      103.35968458      
304      104.10977723      
302      104.85750069      
300      105.60775298      
298      106.35466206      
296      107.09777440      
294      107.83669895      
292      108.57765662      
290      109.31533243      
288      110.04763113      
286      110.77696933      
284      111.50490388      
282      112.22984491      
280      112.95212541      
278      113.67514384      
276      114.39030269      
274      115.10758348      
272      115.82377571      
270      116.53126289      
268      117.24194251      
266      117.94680026      
264      118.64969674      
262      119.34996420      
260      120.04570029      
258      120.74392886      
256      121.43785979      
254      122.12633416      
252      122.81447920      
250      123.50131319      
248      124.18694460      
246      124.86244488      
244      125.54206852      
242      126.21803208      
240      126.89107247      
238      127.55948992      
236      128.22727032      
234      128.89376733      
232      129.55472657      
230      130.21357120      
228      130.87209910      
226      131.52524467      
224      132.17910799      
222      132.83278432      
220      133.47724637      
218      134.11933787      
216      134.76130594      
214      135.40229146      
212      136.03765458      
210      136.66989231      
208      137.30064742      
206      137.92738199      
204      138.54884593      
202      139.16875294      
200      139.78501729      
198      140.39765289      
196      141.00807117      
194      141.61179268      
192      142.21696649      
190      142.81497803      
188      143.41136445      
186      144.00388507      
184      144.59332360      
182      145.17604215      
180      145.75843708      
178      146.33380543      
176      146.90570800      
174      147.47539586      
172      148.04086613      
170      148.59968221      
168      149.15894307      
166      149.71334258      
164      150.26240389      
162      150.80528536      
160      151.34561984      
158      151.88179500      
156      152.41026202      
154      152.93835830      
152      153.46206595      
150      153.97920570      
148      154.49175498      
146      154.99980558      
144      155.50365886      
142      156.00011197      
140      156.49506269      
138      156.98488277      
136      157.46517177      
134      157.94196155      
132      158.41694338      
130      158.88273066      
128      159.34423120      
126      159.80050158      
124      160.25028889      
122      160.69333532      
120      161.13307500      
118      161.56645185      
116      161.99249652      
114      162.41326441      
112      162.82707493      
110      163.23510705      
108      163.63718255      
106      164.03353362      
104      164.42268055      
102      164.80663752      
100      165.18309091      
98       165.55284707      
96       165.91788059      
94       166.27411027      
92       166.62351847      
90       166.96893048      
88       167.30625853      
86       167.63700688      
84       167.96043004      
82       168.27642087      
80       168.58667125      
78       168.88761093      
76       169.18315488      
74       169.47364700      
72       169.75305931      
70       170.02517512      
68       170.29137675      
66       170.55042793      
64       170.80350654      
62       171.04713762      
60       171.28322375      
58       171.51443575      
56       171.73669439      
54       171.95097123      
52       172.15872967      
50       172.35719469      
48       172.54700652      
46       172.73092338      
44       172.90769440      
42       173.07673842      
40       173.23762697      
38       173.39078264      
36       173.53667615      
34       173.67372978      
32       173.80428773      
30       173.92676142      
28       174.04067461      
26       174.14747572      
24       174.24536259      
22       174.33640457      
20       174.41869566      
18       174.49215279      
16       174.55829592      
14       174.61846484      
12       174.66878740      
10       174.70943247      
8        174.74559362      
6        174.77238995      
4        174.79095782      
2        174.80365245      
0        174.80656117      
-2       174.80202803      
-4       174.78936417      
-6       174.76849620      
-8       174.74048759      
-10      174.70526081      
-12      174.66117869      
-14      174.60974455      
-16      174.55203126      
-18      174.48513965      
-20      174.41146706      
-22      174.32761773      
-24      174.23641196      
-26      174.13806632      
-28      174.03223055      
-30      173.91730518      
-32      173.79474503      
-34      173.66472253      
-36      173.52767829      
-38      173.38252415      
-40      173.22953413      
-42      173.06880303      
-44      172.90106050      
-46      172.72515029      
-48      172.54000079      
-50      172.34950678      
-52      172.15182374      
-54      171.94398223      
-56      171.73028508      
-58      171.50796756      
-60      171.27643448      
-62      171.03970220      
-64      170.79499584      
-66      170.54129170      
-68      170.28309454      
-70      170.01513456      
-72      169.74132103      
-74      169.45930056      
-76      169.16720047      
-78      168.87046864      
-80      168.56456719      
-82      168.25301185      
-84      167.93319329      
-86      167.60504593      
-88      167.26866247      
-90      166.92800483      
-92      166.57931384      
-94      166.22314319      
-96      165.85749559      
-98      165.48481996      
-100     165.10663740      
-102     164.72028756      
-104     164.32594874      
-106     163.92440149      
-108     163.51697095      
-110     163.10158273      
-112     162.67863968      
-114     162.24699668      
-116     161.80859823      
-118     161.36401325      
-120     160.91042955      
-122     160.45195591      
-124     159.98709598      
-126     159.51378907      
-128     159.03315525      
-130     158.54583673      
-132     158.04963630      
-134     157.54567809      
-136     157.03334710      
-138     156.51513368      
-140     155.99136141      
-142     155.45741918      
-144     154.91906158      
-146     154.37294294      
-148     153.81980443      
-150     153.26045793      
-152     152.68855697      
-154     152.11137299      
-156     151.52818057      
-158     150.93465397      
-160     150.33397953      
-162     149.72680573      
-164     149.11017062      
-166     148.48984006      
-168     147.86045840      
-170     147.22073494      
-172     146.57740389      
-174     145.92302029      
-176     145.26437744      
-178     144.59566229      
-180     143.91804860      
-182     143.23421711      
-184     142.54205887      
-186     141.84567118      
-188     141.13974282      
-190     140.42370589      
-192     139.70330550      
-194     138.97133462      
-196     138.22962244      
-198     137.48308240      
-200     136.72755615      
-202     135.96546991      
-204     135.19401291      
-206     134.41537946      
-208     133.63103942      
-210     132.83271609      
-212     132.02762598      
-214     131.21235642      
-216     130.39030121      
-218     129.55859633      
-220     128.71641527      
-222     127.86737470      
-224     127.00802852      
-226     126.14045277      
-228     125.26465423      
-230     124.37664740      
-232     123.48007132      
-234     122.57722768      
-236     121.66193607      
-238     120.73819391      
-240     119.80324749      
-242     118.85975487      
-244     117.91027124      
-246     116.94679455      
-248     115.96956776      
-250     114.98681661      
-252     113.98728144      
-254     112.98134215      
-256     111.96132831      
-258     110.92805072      
-260     109.88394779      
-262     108.83198465      
-264     107.76885919      
-266     106.69522233      
-268     105.60199551      
-270     104.50264618      
-272     103.38858698      
-274     102.25741145      
-276     101.11594957      
-278     99.96356739       
-280     98.79730154       
-282     97.61348831       
-284     96.41053730       
-286     95.19830310       
-288     93.96770520       
-290     92.72460384       
-292     91.46318696       
-294     90.18552100       
-296     88.88708506       
-298     87.56775085       
-300     86.23759395       
-302     84.88676333       
-304     83.50935568       
-306     82.12011261       
-308     80.71086895       
-310     79.27230719       
-312     77.80761285       
-314     76.32278237       
-316     74.81545208       
-318     73.28490659       
-320     71.72268572       
-322     70.13756318       
-324     68.51994018       
-326     66.87183890       
-328     65.18951265       
-330     63.47491349       
-332     61.72767761       
-334     59.94156229       
-336     58.11930573       
-338     56.25046900       
-340     54.33433439       
-342     52.37459259       
-344     50.35886977       
-346     48.29418328       
-348     46.16802434       
-350     43.98893447       
-352     41.73071055       
-354     39.41406770       
-356     37.02503247       
-358     34.54052444       
-360     31.96182373       
-362     29.26904481       
-364     26.47425659       
-366     23.55583411       
-368     20.46095584       
-370     17.19245994       
-372     13.70922865       
-374     9.91022977        
-376     5.71636580        
-378     0.78026362        
