254      0.69314718        
248      5.25790794        
246      4.87878914        
244      4.56501046        
242      9.11928861        
240      9.45222552        
238      9.54646964        
236      12.62499396       
234      13.32338315       
232      13.68490773       
230      15.87325930       
228      16.81063187       
226      17.38823351       
224      18.99040922       
222      20.04194426       
220      20.78259453       
218      22.02551043       
216      23.09862332       
214      23.93465018       
212      25.00050157       
210      26.03399876       
208      26.91316917       
206      27.88191429       
204      28.86758944       
202      29.76659220       
200      30.67616299       
198      31.62447665       
196      32.52604441       
194      33.40888965       
192      34.32092188       
190      35.18489693       
188      36.06053617       
186      36.93340206       
184      37.77857528       
182      38.64044103       
180      39.47797119       
178      40.30812381       
176      41.14249518       
174      41.96600160       
172      42.77995933       
170      43.60053165       
168      44.40319268       
166      45.19660803       
164      45.99797913       
162      46.78639713       
160      47.56509189       
158      48.34712237       
156      49.12253417       
154      49.88760590       
152      50.64746947       
150      51.40544504       
148      52.15552614       
146      52.90930962       
144      53.65098873       
142      54.38668746       
140      55.12456886       
138      55.86265570       
136      56.57849586       
134      57.30269649       
132      58.01631717       
130      58.72797356       
128      59.43455994       
126      60.13383426       
124      60.82230699       
122      61.51201138       
120      62.19635394       
118      62.87894553       
116      63.55548757       
114      64.22205494       
112      64.89377186       
110      65.54688071       
108      66.19932653       
106      66.84282450       
104      67.48632279       
102      68.11610527       
100      68.74422152       
98       69.36361779       
96       69.97456005       
94       70.58437893       
92       71.18475738       
90       71.77253373       
88       72.36218326       
86       72.94474317       
84       73.51193395       
82       74.07190482       
80       74.62637354       
78       75.17059494       
76       75.70129600       
74       76.22565792       
72       76.73982501       
70       77.24410237       
68       77.73719288       
66       78.22131058       
64       78.69185585       
62       79.15422877       
60       79.60157791       
58       80.03749569       
56       80.46457784       
54       80.87937127       
52       81.27863681       
50       81.66399564       
48       82.03665216       
46       82.39328292       
44       82.73601299       
42       83.06875583       
40       83.38594588       
38       83.68587048       
36       83.97171648       
34       84.24368535       
32       84.50212182       
30       84.74550012       
28       84.97428685       
26       85.18926331       
24       85.38718056       
22       85.56950874       
20       85.73568855       
18       85.88467902       
16       86.02000043       
14       86.14168329       
12       86.24373276       
10       86.33126423       
8        86.40446587       
6        86.45738609       
4        86.49548307       
2        86.52046926       
0        86.52842013       
-2       86.52189129       
-4       86.49813959       
-6       86.45645995       
-8       86.40052806       
-10      86.33004656       
-12      86.24352713       
-14      86.14146162       
-16      86.02463743       
-18      85.88928163       
-20      85.73727529       
-22      85.57048692       
-24      85.39138976       
-26      85.19291143       
-28      84.97545583       
-30      84.74801692       
-32      84.50575766       
-34      84.24542162       
-36      83.97029026       
-38      83.68189190       
-40      83.37703553       
-42      83.06138602       
-44      82.72874373       
-46      82.38356384       
-48      82.02044987       
-50      81.63797685       
-52      81.24677858       
-54      80.84028335       
-56      80.41302162       
-58      79.97676167       
-60      79.52685834       
-62      79.06184555       
-64      78.58783832       
-66      78.09379956       
-68      77.58879277       
-70      77.06407317       
-72      76.52253206       
-74      75.97370799       
-76      75.40471379       
-78      74.82515216       
-80      74.22975874       
-82      73.61979554       
-84      72.99272464       
-86      72.35097599       
-88      71.69608442       
-90      71.01880441       
-92      70.33622618       
-94      69.63121089       
-96      68.91369225       
-98      68.17417003       
-100     67.42308500       
-102     66.65883840       
-104     65.88082234       
-106     65.07937360       
-108     64.26205551       
-110     63.43418559       
-112     62.57722197       
-114     61.70519794       
-116     60.81818513       
-118     59.91392678       
-120     58.98432770       
-122     58.03664172       
-124     57.07269963       
-126     56.07928404       
-128     55.07090391       
-130     54.04597388       
-132     52.98860545       
-134     51.91389161       
-136     50.81718623       
-138     49.68684166       
-140     48.52995258       
-142     47.34568998       
-144     46.12654610       
-146     44.87414199       
-148     43.58697922       
-150     42.27760237       
-152     40.91765013       
-154     39.51509253       
-156     38.08189826       
-158     36.59788525       
-160     35.06106183       
-162     33.46651026       
-164     31.80209701       
-166     30.06605102       
-168     28.25334532       
-170     26.35154612       
-172     24.35008301       
-174     22.23122458       
-176     19.99554108       
-178     17.59218897       
-180     15.01187976       
-182     12.22046894       
-184     9.13752800        
-186     5.65198439        
-188     1.48527440        
