-496.00    -502.00    -506.00    -504.00    -504.00    -502.00    -510.00    -510.00    -508.00    -508.00    
-492.00    -500.00    -496.00    -500.00    -502.00    -506.00    -504.00    -510.00    -508.00    -506.00    
-492.00    -500.00    -498.00    -502.00    -504.00    -506.00    -508.00    -510.00    -508.00    -510.00    
-500.00    -494.00    -502.00    -498.00    -510.00    -506.00    -508.00    -502.00    -504.00    -508.00    
-506.00    -504.00    -504.00    -502.00    -508.00    -502.00    -504.00    -508.00    -508.00    -510.00    
-492.00    -494.00    -500.00    -504.00    -504.00    -506.00    -510.00    -508.00    -508.00    -508.00    
-494.00    -498.00    -504.00    -504.00    -504.00    -502.00    -506.00    -506.00    -510.00    -512.00    
-492.00    -504.00    -500.00    -502.00    -504.00    -506.00    -506.00    -510.00    -506.00    -508.00    
-500.00    -498.00    -506.00    -498.00    -504.00    -510.00    -510.00    -508.00    -512.00    -510.00    
-500.00    -498.00    -502.00    -502.00    -502.00    -504.00    -508.00    -506.00    -508.00    -512.00    
-498.00    -496.00    -504.00    -502.00    -502.00    -510.00    -506.00    -508.00    -504.00    -512.00    
-504.00    -498.00    -502.00    -500.00    -506.00    -508.00    -512.00    -510.00    -506.00    -508.00    
-486.00    -506.00    -500.00    -504.00    -510.00    -504.00    -510.00    -508.00    -510.00    -510.00    
-500.00    -498.00    -502.00    -502.00    -502.00    -504.00    -506.00    -510.00    -510.00    -510.00    
-498.00    -508.00    -498.00    -506.00    -506.00    -506.00    -510.00    -508.00    -510.00    -508.00    
-494.00    -502.00    -494.00    -504.00    -498.00    -506.00    -508.00    -510.00    -508.00    -508.00    
-496.00    -490.00    -504.00    -504.00    -500.00    -512.00    -510.00    -506.00    -508.00    -508.00    
-498.00    -500.00    -500.00    -510.00    -506.00    -506.00    -506.00    -506.00    -510.00    -508.00    
-494.00    -500.00    -496.00    -508.00    -510.00    -506.00    -506.00    -512.00    -508.00    -510.00    
-498.00    -504.00    -508.00    -506.00    -506.00    -506.00    -506.00    -508.00    -506.00    -510.00    
-492.00    -498.00    -502.00    -504.00    -510.00    -508.00    -510.00    -510.00    -506.00    -508.00    
-500.00    -502.00    -500.00    -502.00    -502.00    -508.00    -510.00    -508.00    -508.00    -510.00    
-494.00    -504.00    -498.00    -502.00    -500.00    -506.00    -510.00    -508.00    -506.00    -508.00    
-500.00    -496.00    -506.00    -500.00    -504.00    -506.00    -506.00    -508.00    -504.00    -512.00    
-502.00    -504.00    -506.00    -502.00    -504.00    -504.00    -506.00    -510.00    -506.00    -510.00    
-496.00    -504.00    -494.00    -502.00    -506.00    -506.00    -510.00    -508.00    -512.00    -508.00    
-502.00    -504.00    -498.00    -508.00    -506.00    -498.00    -506.00    -512.00    -512.00    -508.00    
-502.00    -500.00    -500.00    -510.00    -504.00    -506.00    -506.00    -502.00    -508.00    -508.00    
-492.00    -500.00    -500.00    -508.00    -508.00    -504.00    -506.00    -510.00    -510.00    -508.00    
-500.00    -500.00    -492.00    -504.00    -502.00    -506.00    -506.00    -506.00    -510.00    -506.00    
-490.00    -500.00    -504.00    -502.00    -508.00    -506.00    -502.00    -512.00    -512.00    -506.00    
-492.00    -502.00    -498.00    -502.00    -506.00    -508.00    -502.00    -506.00    -510.00    -506.00    
-490.00    -492.00    -500.00    -500.00    -504.00    -506.00    -510.00    -506.00    -508.00    -508.00    
-494.00    -490.00    -504.00    -502.00    -502.00    -506.00    -512.00    -504.00    -506.00    -508.00    
-494.00    -500.00    -504.00    -504.00    -498.00    -504.00    -510.00    -506.00    -508.00    -508.00    
-494.00    -500.00    -496.00    -502.00    -510.00    -502.00    -506.00    -508.00    -506.00    -508.00    
-498.00    -496.00    -498.00    -500.00    -500.00    -506.00    -508.00    -506.00    -508.00    -512.00    
-492.00    -498.00    -502.00    -504.00    -504.00    -506.00    -506.00    -506.00    -510.00    -510.00    
-500.00    -496.00    -496.00    -504.00    -504.00    -498.00    -504.00    -508.00    -508.00    -508.00    
-496.00    -494.00    -498.00    -498.00    -506.00    -508.00    -502.00    -506.00    -506.00    -508.00    
-496.00    -502.00    -502.00    -498.00    -506.00    -506.00    -500.00    -508.00    -504.00    -506.00    
-496.00    -498.00    -500.00    -498.00    -506.00    -506.00    -506.00    -506.00    -508.00    -508.00    
-496.00    -496.00    -500.00    -504.00    -504.00    -502.00    -508.00    -508.00    -508.00    -512.00    
-494.00    -500.00    -498.00    -504.00    -504.00    -508.00    -510.00    -508.00    -506.00    -510.00    
-496.00    -496.00    -494.00    -502.00    -506.00    -508.00    -508.00    -510.00    -510.00    -512.00    
-496.00    -498.00    -496.00    -504.00    -504.00    -510.00    -506.00    -506.00    -508.00    -510.00    
-494.00    -496.00    -494.00    -502.00    -508.00    -508.00    -510.00    -508.00    -510.00    -508.00    
-494.00    -494.00    -508.00    -498.00    -506.00    -506.00    -510.00    -510.00    -504.00    -510.00    
-504.00    -494.00    -500.00    -496.00    -504.00    -506.00    -502.00    -506.00    -506.00    -510.00    
-498.00    -502.00    -500.00    -508.00    -500.00    -502.00    -510.00    -506.00    -510.00    -506.00    
-494.00    -500.00    -494.00    -506.00    -500.00    -500.00    -502.00    -508.00    -506.00    -512.00    
-506.00    -490.00    -502.00    -498.00    -508.00    -506.00    -506.00    -508.00    -506.00    -508.00    
-494.00    -488.00    -502.00    -508.00    -506.00    -508.00    -508.00    -512.00    -512.00    -510.00    
-498.00    -494.00    -504.00    -504.00    -504.00    -504.00    -500.00    -508.00    -508.00    -512.00    
-490.00    -502.00    -498.00    -504.00    -506.00    -508.00    -506.00    -508.00    -510.00    -512.00    
-492.00    -500.00    -504.00    -504.00    -506.00    -500.00    -508.00    -508.00    -510.00    -508.00    
-494.00    -492.00    -496.00    -504.00    -504.00    -508.00    -508.00    -508.00    -508.00    -510.00    
-498.00    -500.00    -500.00    -500.00    -500.00    -506.00    -504.00    -508.00    -506.00    -510.00    
-502.00    -498.00    -498.00    -504.00    -500.00    -506.00    -504.00    -508.00    -510.00    -508.00    
-492.00    -506.00    -506.00    -502.00    -506.00    -506.00    -500.00    -506.00    -508.00    -510.00    
-488.00    -498.00    -508.00    -506.00    -504.00    -504.00    -508.00    -508.00    -508.00    -510.00    
-498.00    -500.00    -496.00    -504.00    -502.00    -500.00    -506.00    -512.00    -508.00    -508.00    
-498.00    -494.00    -494.00    -500.00    -508.00    -500.00    -510.00    -508.00    -508.00    -512.00    
-496.00    -496.00    -502.00    -500.00    -508.00    -506.00    -506.00    -508.00    -504.00    -512.00    
-502.00    -502.00    -504.00    -502.00    -506.00    -504.00    -510.00    -508.00    -512.00    -508.00    
-482.00    -502.00    -500.00    -506.00    -508.00    -506.00    -510.00    -508.00    -510.00    -506.00    
-496.00    -502.00    -500.00    -504.00    -502.00    -506.00    -506.00    -502.00    -510.00    -510.00    
-500.00    -494.00    -500.00    -502.00    -508.00    -502.00    -502.00    -508.00    -506.00    -508.00    
-494.00    -494.00    -498.00    -498.00    -500.00    -512.00    -506.00    -508.00    -504.00    -510.00    
-498.00    -496.00    -502.00    -502.00    -502.00    -502.00    -510.00    -508.00    -508.00    -508.00    
-500.00    -498.00    -502.00    -506.00    -506.00    -504.00    -506.00    -510.00    -512.00    -510.00    
-488.00    -500.00    -492.00    -498.00    -498.00    -506.00    -506.00    -508.00    -508.00    -510.00    
-492.00    -502.00    -502.00    -502.00    -504.00    -502.00    -510.00    -512.00    -510.00    -506.00    
-490.00    -502.00    -498.00    -504.00    -504.00    -506.00    -508.00    -508.00    -512.00    -508.00    
-494.00    -504.00    -506.00    -504.00    -508.00    -506.00    -502.00    -510.00    -508.00    -510.00    
-496.00    -494.00    -504.00    -508.00    -502.00    -504.00    -504.00    -506.00    -508.00    -510.00    
-498.00    -494.00    -500.00    -500.00    -506.00    -506.00    -504.00    -512.00    -510.00    -508.00    
-502.00    -498.00    -500.00    -504.00    -510.00    -504.00    -508.00    -508.00    -512.00    -510.00    
-502.00    -500.00    -502.00    -504.00    -500.00    -506.00    -508.00    -508.00    -504.00    -510.00    
-494.00    -498.00    -500.00    -502.00    -502.00    -508.00    -508.00    -512.00    -504.00    -512.00    
-494.00    -500.00    -508.00    -506.00    -510.00    -502.00    -508.00    -506.00    -510.00    -508.00    
-490.00    -502.00    -504.00    -498.00    -502.00    -504.00    -506.00    -506.00    -512.00    -512.00    
-494.00    -502.00    -502.00    -506.00    -506.00    -504.00    -506.00    -508.00    -512.00    -510.00    
-494.00    -502.00    -494.00    -502.00    -508.00    -508.00    -502.00    -504.00    -510.00    -508.00    
-490.00    -494.00    -502.00    -506.00    -508.00    -504.00    -506.00    -506.00    -508.00    -510.00    
-496.00    -504.00    -496.00    -504.00    -500.00    -506.00    -504.00    -506.00    -510.00    -510.00    
-504.00    -494.00    -504.00    -500.00    -504.00    -508.00    -508.00    -508.00    -510.00    -510.00    
-500.00    -506.00    -504.00    -502.00    -508.00    -512.00    -512.00    -508.00    -510.00    -510.00    
-504.00    -496.00    -498.00    -504.00    -510.00    -506.00    -510.00    -506.00    -508.00    -508.00    
-494.00    -506.00    -502.00    -506.00    -506.00    -506.00    -508.00    -508.00    -512.00    -504.00    
-498.00    -496.00    -502.00    -502.00    -506.00    -502.00    -508.00    -510.00    -506.00    -510.00    
-500.00    -498.00    -508.00    -506.00    -502.00    -504.00    -508.00    -506.00    -510.00    -508.00    
-494.00    -496.00    -500.00    -508.00    -502.00    -502.00    -506.00    -510.00    -510.00    -512.00    
-492.00    -502.00    -502.00    -502.00    -506.00    -500.00    -508.00    -510.00    -508.00    -512.00    
-498.00    -496.00    -494.00    -502.00    -510.00    -506.00    -508.00    -506.00    -508.00    -512.00    
-498.00    -498.00    -498.00    -502.00    -502.00    -504.00    -506.00    -504.00    -508.00    -512.00    
-506.00    -502.00    -504.00    -506.00    -510.00    -506.00    -506.00    -508.00    -510.00    -508.00    
-492.00    -498.00    -498.00    -500.00    -510.00    -504.00    -504.00    -512.00    -510.00    -512.00    
-490.00    -504.00    -504.00    -498.00    -502.00    -508.00    -508.00    -510.00    -504.00    -508.00    
-494.00    -494.00    -498.00    -498.00    -504.00    -504.00    -502.00    -506.00    -506.00    -508.00    
-500.00    -500.00    -500.00    -500.00    -506.00    -506.00    -506.00    -504.00    -508.00    -512.00    
-498.00    -498.00    -500.00    -502.00    -506.00    -506.00    -510.00    -510.00    -510.00    -512.00    
-488.00    -492.00    -506.00    -504.00    -506.00    -506.00    -510.00    -510.00    -508.00    -510.00    
-490.00    -502.00    -498.00    -500.00    -500.00    -504.00    -506.00    -510.00    -508.00    -508.00    
-500.00    -496.00    -502.00    -504.00    -502.00    -504.00    -504.00    -506.00    -508.00    -504.00    
-484.00    -502.00    -498.00    -502.00    -504.00    -506.00    -512.00    -506.00    -506.00    -508.00    
-494.00    -494.00    -502.00    -502.00    -504.00    -508.00    -506.00    -512.00    -510.00    -510.00    
-494.00    -498.00    -504.00    -506.00    -506.00    -510.00    -506.00    -512.00    -510.00    -510.00    
-498.00    -492.00    -502.00    -502.00    -502.00    -504.00    -510.00    -508.00    -506.00    -510.00    
-488.00    -496.00    -500.00    -508.00    -504.00    -508.00    -508.00    -510.00    -510.00    -510.00    
-500.00    -496.00    -502.00    -500.00    -502.00    -508.00    -506.00    -508.00    -508.00    -506.00    
-494.00    -498.00    -498.00    -502.00    -510.00    -500.00    -508.00    -504.00    -508.00    -510.00    
-498.00    -494.00    -496.00    -500.00    -502.00    -510.00    -500.00    -510.00    -510.00    -504.00    
-498.00    -496.00    -504.00    -504.00    -504.00    -510.00    -508.00    -510.00    -508.00    -510.00    
-496.00    -500.00    -502.00    -510.00    -506.00    -504.00    -504.00    -506.00    -504.00    -510.00    
-496.00    -500.00    -506.00    -502.00    -502.00    -506.00    -508.00    -508.00    -510.00    -508.00    
-504.00    -502.00    -504.00    -502.00    -500.00    -506.00    -506.00    -510.00    -510.00    -508.00    
-486.00    -496.00    -500.00    -506.00    -498.00    -504.00    -510.00    -506.00    -512.00    -508.00    
-504.00    -502.00    -498.00    -500.00    -500.00    -510.00    -510.00    -506.00    -506.00    -512.00    
-494.00    -498.00    -500.00    -502.00    -510.00    -498.00    -510.00    -508.00    -506.00    -508.00    
-494.00    -500.00    -498.00    -502.00    -508.00    -506.00    -502.00    -510.00    -506.00    -510.00    
-496.00    -498.00    -500.00    -506.00    -500.00    -502.00    -502.00    -506.00    -508.00    -510.00    
-494.00    -504.00    -504.00    -500.00    -512.00    -504.00    -506.00    -508.00    -508.00    -508.00    
-494.00    -498.00    -504.00    -506.00    -506.00    -508.00    -506.00    -506.00    -510.00    -506.00    
-494.00    -502.00    -500.00    -496.00    -510.00    -504.00    -504.00    -504.00    -512.00    -508.00    
-500.00    -500.00    -504.00    -506.00    -502.00    -506.00    -504.00    -512.00    -508.00    -510.00    
-498.00    -492.00    -498.00    -504.00    -508.00    -504.00    -508.00    -510.00    -508.00    -506.00    
-500.00    -492.00    -502.00    -504.00    -502.00    -502.00    -504.00    -508.00    -508.00    -506.00    
-496.00    -496.00    -504.00    -504.00    -506.00    -504.00    -504.00    -506.00    -508.00    -506.00    
-494.00    -496.00    -498.00    -494.00    -502.00    -510.00    -508.00    -506.00    -506.00    -508.00    
-494.00    -502.00    -498.00    -496.00    -508.00    -504.00    -510.00    -504.00    -508.00    -510.00    
-500.00    -496.00    -504.00    -506.00    -510.00    -506.00    -508.00    -506.00    -508.00    -510.00    
-498.00    -500.00    -496.00    -502.00    -502.00    -508.00    -500.00    -510.00    -506.00    -508.00    
-494.00    -502.00    -506.00    -500.00    -510.00    -510.00    -508.00    -510.00    -508.00    -508.00    
-498.00    -492.00    -502.00    -504.00    -508.00    -506.00    -504.00    -508.00    -512.00    -508.00    
-494.00    -496.00    -504.00    -500.00    -506.00    -506.00    -504.00    -506.00    -508.00    -512.00    
-496.00    -496.00    -496.00    -504.00    -502.00    -506.00    -510.00    -510.00    -510.00    -510.00    
-494.00    -498.00    -500.00    -498.00    -500.00    -508.00    -508.00    -510.00    -510.00    -508.00    
-496.00    -504.00    -502.00    -502.00    -500.00    -504.00    -502.00    -504.00    -510.00    -510.00    
-496.00    -498.00    -500.00    -502.00    -502.00    -508.00    -508.00    -510.00    -508.00    -508.00    
-500.00    -494.00    -502.00    -498.00    -504.00    -504.00    -504.00    -508.00    -512.00    -508.00    
-490.00    -496.00    -502.00    -502.00    -500.00    -500.00    -506.00    -508.00    -510.00    -508.00    
-496.00    -496.00    -500.00    -506.00    -502.00    -502.00    -510.00    -502.00    -508.00    -512.00    
-492.00    -500.00    -508.00    -502.00    -502.00    -506.00    -502.00    -506.00    -502.00    -508.00    
-494.00    -500.00    -498.00    -496.00    -506.00    -510.00    -508.00    -506.00    -504.00    -506.00    
-498.00    -498.00    -496.00    -500.00    -502.00    -500.00    -506.00    -502.00    -506.00    -508.00    
-498.00    -500.00    -500.00    -504.00    -502.00    -506.00    -510.00    -508.00    -508.00    -510.00    
-496.00    -502.00    -502.00    -504.00    -504.00    -504.00    -504.00    -506.00    -508.00    -510.00    
-492.00    -502.00    -496.00    -504.00    -504.00    -506.00    -506.00    -508.00    -508.00    -508.00    
-500.00    -488.00    -502.00    -508.00    -504.00    -504.00    -504.00    -506.00    -506.00    -512.00    
-500.00    -498.00    -498.00    -504.00    -504.00    -504.00    -506.00    -508.00    -508.00    -512.00    
-498.00    -494.00    -498.00    -500.00    -506.00    -512.00    -504.00    -512.00    -512.00    -506.00    
-498.00    -502.00    -500.00    -500.00    -506.00    -510.00    -508.00    -506.00    -510.00    -510.00    
-496.00    -496.00    -502.00    -504.00    -506.00    -508.00    -506.00    -508.00    -508.00    -508.00    
-498.00    -500.00    -498.00    -502.00    -504.00    -502.00    -506.00    -508.00    -508.00    -510.00    
-494.00    -504.00    -506.00    -502.00    -506.00    -502.00    -502.00    -504.00    -512.00    -512.00    
-492.00    -502.00    -496.00    -506.00    -506.00    -502.00    -506.00    -510.00    -508.00    -512.00    
-504.00    -500.00    -504.00    -506.00    -506.00    -508.00    -504.00    -510.00    -510.00    -510.00    
-492.00    -502.00    -508.00    -500.00    -504.00    -508.00    -506.00    -506.00    -510.00    -512.00    
-494.00    -500.00    -506.00    -506.00    -502.00    -512.00    -510.00    -506.00    -508.00    -510.00    
-496.00    -500.00    -496.00    -502.00    -502.00    -506.00    -508.00    -504.00    -508.00    -510.00    
-490.00    -500.00    -502.00    -502.00    -506.00    -502.00    -510.00    -508.00    -510.00    -510.00    
-496.00    -494.00    -506.00    -506.00    -500.00    -506.00    -510.00    -510.00    -508.00    -508.00    
-490.00    -500.00    -504.00    -496.00    -498.00    -504.00    -506.00    -508.00    -512.00    -510.00    
-504.00    -500.00    -502.00    -506.00    -504.00    -510.00    -508.00    -506.00    -510.00    -508.00    
-502.00    -496.00    -498.00    -502.00    -506.00    -508.00    -510.00    -506.00    -510.00    -506.00    
-500.00    -508.00    -504.00    -506.00    -510.00    -510.00    -506.00    -508.00    -506.00    -506.00    
-498.00    -494.00    -488.00    -502.00    -502.00    -506.00    -508.00    -506.00    -508.00    -510.00    
-494.00    -502.00    -502.00    -496.00    -502.00    -506.00    -502.00    -510.00    -510.00    -508.00    
-494.00    -496.00    -506.00    -510.00    -504.00    -506.00    -508.00    -506.00    -506.00    -512.00    
-492.00    -500.00    -504.00    -502.00    -506.00    -504.00    -506.00    -504.00    -510.00    -512.00    
-494.00    -496.00    -506.00    -500.00    -502.00    -508.00    -508.00    -504.00    -512.00    -506.00    
-496.00    -498.00    -498.00    -506.00    -504.00    -506.00    -510.00    -506.00    -510.00    -512.00    
-492.00    -494.00    -498.00    -502.00    -506.00    -502.00    -508.00    -510.00    -512.00    -510.00    
-502.00    -502.00    -502.00    -502.00    -500.00    -504.00    -508.00    -510.00    -510.00    -512.00    
-496.00    -506.00    -502.00    -504.00    -504.00    -504.00    -512.00    -506.00    -508.00    -510.00    
-496.00    -496.00    -502.00    -502.00    -502.00    -504.00    -508.00    -510.00    -510.00    -510.00    
-496.00    -500.00    -504.00    -506.00    -504.00    -504.00    -508.00    -504.00    -510.00    -510.00    
-496.00    -496.00    -502.00    -506.00    -508.00    -508.00    -510.00    -510.00    -506.00    -508.00    
-494.00    -500.00    -498.00    -508.00    -502.00    -510.00    -504.00    -506.00    -510.00    -504.00    
-492.00    -498.00    -496.00    -498.00    -506.00    -504.00    -508.00    -510.00    -510.00    -510.00    
-498.00    -500.00    -502.00    -500.00    -504.00    -508.00    -502.00    -512.00    -508.00    -512.00    
-488.00    -498.00    -498.00    -506.00    -500.00    -506.00    -502.00    -510.00    -512.00    -506.00    
-494.00    -496.00    -500.00    -502.00    -500.00    -502.00    -506.00    -508.00    -510.00    -512.00    
-496.00    -496.00    -498.00    -500.00    -504.00    -510.00    -506.00    -508.00    -512.00    -512.00    
-498.00    -498.00    -500.00    -508.00    -508.00    -504.00    -506.00    -510.00    -510.00    -510.00    
-504.00    -498.00    -500.00    -504.00    -500.00    -506.00    -508.00    -512.00    -510.00    -508.00    
-496.00    -500.00    -498.00    -506.00    -502.00    -508.00    -500.00    -508.00    -506.00    -510.00    
-496.00    -494.00    -506.00    -502.00    -502.00    -500.00    -506.00    -506.00    -508.00    -508.00    
-500.00    -502.00    -502.00    -506.00    -508.00    -512.00    -510.00    -506.00    -510.00    -510.00    
-494.00    -504.00    -498.00    -500.00    -498.00    -502.00    -506.00    -504.00    -508.00    -508.00    
-494.00    -502.00    -496.00    -506.00    -500.00    -506.00    -506.00    -508.00    -512.00    -512.00    
-496.00    -498.00    -498.00    -504.00    -508.00    -504.00    -508.00    -508.00    -504.00    -510.00    
-498.00    -496.00    -494.00    -504.00    -508.00    -504.00    -502.00    -510.00    -506.00    -512.00    
-488.00    -500.00    -496.00    -502.00    -506.00    -504.00    -502.00    -510.00    -506.00    -506.00    
-498.00    -504.00    -504.00    -508.00    -508.00    -508.00    -508.00    -506.00    -508.00    -510.00    
-496.00    -498.00    -502.00    -504.00    -510.00    -508.00    -508.00    -508.00    -508.00    -512.00    
-496.00    -502.00    -502.00    -500.00    -502.00    -506.00    -504.00    -508.00    -510.00    -510.00    
-496.00    -502.00    -506.00    -508.00    -506.00    -506.00    -510.00    -512.00    -512.00    -510.00    
-500.00    -492.00    -502.00    -500.00    -506.00    -508.00    -508.00    -508.00    -506.00    -506.00    
-496.00    -500.00    -504.00    -498.00    -510.00    -502.00    -504.00    -512.00    -510.00    -508.00    
-494.00    -496.00    -502.00    -502.00    -504.00    -504.00    -504.00    -508.00    -508.00    -510.00    
-498.00    -500.00    -500.00    -502.00    -506.00    -506.00    -510.00    -506.00    -510.00    -512.00    
-494.00    -502.00    -502.00    -506.00    -498.00    -508.00    -508.00    -506.00    -510.00    -510.00    
-498.00    -498.00    -496.00    -498.00    -504.00    -506.00    -510.00    -508.00    -510.00    -510.00    
-496.00    -502.00    -506.00    -504.00    -508.00    -502.00    -508.00    -508.00    -510.00    -510.00    
-496.00    -498.00    -506.00    -504.00    -502.00    -502.00    -510.00    -510.00    -508.00    -510.00    
-496.00    -502.00    -506.00    -506.00    -504.00    -504.00    -506.00    -506.00    -508.00    -504.00    
-498.00    -498.00    -498.00    -502.00    -502.00    -508.00    -510.00    -504.00    -508.00    -508.00    
-498.00    -498.00    -502.00    -498.00    -506.00    -506.00    -506.00    -508.00    -510.00    -508.00    
-490.00    -494.00    -502.00    -506.00    -502.00    -506.00    -506.00    -510.00    -508.00    -508.00    
-488.00    -496.00    -494.00    -502.00    -508.00    -506.00    -506.00    -508.00    -510.00    -506.00    
-496.00    -502.00    -500.00    -500.00    -496.00    -508.00    -510.00    -510.00    -510.00    -510.00    
-496.00    -504.00    -500.00    -504.00    -506.00    -506.00    -508.00    -510.00    -508.00    -508.00    
-496.00    -500.00    -504.00    -506.00    -508.00    -504.00    -508.00    -502.00    -510.00    -504.00    
-496.00    -498.00    -500.00    -500.00    -504.00    -506.00    -508.00    -508.00    -512.00    -508.00    
-492.00    -498.00    -502.00    -504.00    -500.00    -508.00    -510.00    -508.00    -510.00    -512.00    
-504.00    -492.00    -496.00    -502.00    -504.00    -508.00    -508.00    -504.00    -508.00    -508.00    
-492.00    -496.00    -500.00    -504.00    -508.00    -508.00    -504.00    -510.00    -504.00    -512.00    
-500.00    -502.00    -504.00    -502.00    -502.00    -510.00    -504.00    -504.00    -510.00    -510.00    
-500.00    -500.00    -494.00    -506.00    -502.00    -510.00    -508.00    -508.00    -510.00    -510.00    
-494.00    -498.00    -500.00    -500.00    -504.00    -504.00    -508.00    -506.00    -510.00    -510.00    
-502.00    -488.00    -494.00    -500.00    -506.00    -502.00    -502.00    -506.00    -508.00    -510.00    
-494.00    -500.00    -506.00    -500.00    -510.00    -512.00    -506.00    -508.00    -508.00    -510.00    
-494.00    -500.00    -494.00    -506.00    -498.00    -508.00    -504.00    -512.00    -510.00    -508.00    
-490.00    -500.00    -496.00    -502.00    -504.00    -502.00    -506.00    -506.00    -510.00    -510.00    
-496.00    -500.00    -496.00    -502.00    -506.00    -506.00    -502.00    -512.00    -510.00    -506.00    
-494.00    -496.00    -506.00    -504.00    -508.00    -502.00    -506.00    -510.00    -506.00    -510.00    
-490.00    -502.00    -502.00    -508.00    -504.00    -504.00    -508.00    -510.00    -508.00    -508.00    
-492.00    -496.00    -498.00    -500.00    -510.00    -506.00    -506.00    -504.00    -508.00    -506.00    
-494.00    -496.00    -510.00    -502.00    -502.00    -500.00    -504.00    -510.00    -510.00    -512.00    
-496.00    -498.00    -504.00    -506.00    -506.00    -506.00    -508.00    -510.00    -510.00    -512.00    
-490.00    -496.00    -498.00    -500.00    -508.00    -508.00    -508.00    -508.00    -510.00    -510.00    
-490.00    -504.00    -500.00    -502.00    -498.00    -508.00    -506.00    -508.00    -512.00    -510.00    
-500.00    -504.00    -500.00    -506.00    -502.00    -504.00    -508.00    -506.00    -506.00    -508.00    
-494.00    -504.00    -502.00    -504.00    -506.00    -506.00    -508.00    -508.00    -510.00    -510.00    
-494.00    -496.00    -502.00    -508.00    -504.00    -508.00    -502.00    -510.00    -506.00    -508.00    
-492.00    -502.00    -500.00    -502.00    -496.00    -504.00    -512.00    -512.00    -510.00    -508.00    
-496.00    -500.00    -500.00    -500.00    -504.00    -508.00    -506.00    -510.00    -510.00    -512.00    
-488.00    -500.00    -500.00    -504.00    -502.00    -502.00    -508.00    -512.00    -506.00    -506.00    
-504.00    -498.00    -504.00    -504.00    -510.00    -502.00    -504.00    -508.00    -508.00    -508.00    
-500.00    -492.00    -494.00    -498.00    -506.00    -504.00    -508.00    -508.00    -512.00    -508.00    
-502.00    -496.00    -506.00    -500.00    -500.00    -504.00    -504.00    -506.00    -510.00    -508.00    
-502.00    -498.00    -504.00    -506.00    -502.00    -510.00    -506.00    -506.00    -508.00    -510.00    
-498.00    -498.00    -502.00    -502.00    -506.00    -508.00    -506.00    -508.00    -512.00    -508.00    
-496.00    -500.00    -502.00    -502.00    -508.00    -504.00    -510.00    -510.00    -510.00    -512.00    
-494.00    -498.00    -508.00    -502.00    -498.00    -508.00    -510.00    -512.00    -506.00    -512.00    
-490.00    -496.00    -498.00    -502.00    -502.00    -502.00    -506.00    -504.00    -510.00    -510.00    
-500.00    -496.00    -506.00    -508.00    -498.00    -498.00    -508.00    -506.00    -508.00    -510.00    
-498.00    -498.00    -508.00    -500.00    -504.00    -506.00    -508.00    -512.00    -506.00    -510.00    
-500.00    -504.00    -502.00    -500.00    -506.00    -508.00    -504.00    -510.00    -510.00    -508.00    
-490.00    -500.00    -498.00    -498.00    -500.00    -500.00    -508.00    -508.00    -508.00    -510.00    
-492.00    -500.00    -496.00    -502.00    -504.00    -504.00    -512.00    -506.00    -506.00    -508.00    
-492.00    -500.00    -506.00    -502.00    -506.00    -506.00    -508.00    -510.00    -512.00    -510.00    
-498.00    -500.00    -494.00    -504.00    -508.00    -506.00    -510.00    -508.00    -506.00    -510.00    
-494.00    -502.00    -498.00    -506.00    -500.00    -508.00    -508.00    -510.00    -508.00    -512.00    
-496.00    -506.00    -496.00    -496.00    -508.00    -506.00    -504.00    -506.00    -510.00    -510.00    
-494.00    -498.00    -502.00    -494.00    -504.00    -504.00    -506.00    -510.00    -506.00    -512.00    
-502.00    -504.00    -504.00    -504.00    -500.00    -508.00    -504.00    -506.00    -508.00    -508.00    
-498.00    -498.00    -506.00    -504.00    -500.00    -506.00    -510.00    -508.00    -510.00    -510.00    
-496.00    -502.00    -506.00    -504.00    -500.00    -508.00    -506.00    -508.00    -512.00    -510.00    
-498.00    -500.00    -498.00    -502.00    -504.00    -506.00    -506.00    -506.00    -512.00    -512.00    
-496.00    -490.00    -500.00    -498.00    -502.00    -504.00    -506.00    -508.00    -506.00    -510.00    
-500.00    -496.00    -494.00    -504.00    -502.00    -504.00    -510.00    -506.00    -502.00    -510.00    
-494.00    -498.00    -498.00    -506.00    -502.00    -506.00    -508.00    -504.00    -510.00    -510.00    
-502.00    -500.00    -502.00    -502.00    -508.00    -506.00    -510.00    -506.00    -512.00    -508.00    
-496.00    -496.00    -498.00    -506.00    -506.00    -506.00    -504.00    -510.00    -508.00    -510.00    
-498.00    -500.00    -500.00    -502.00    -506.00    -504.00    -508.00    -506.00    -510.00    -512.00    
-492.00    -502.00    -498.00    -500.00    -506.00    -506.00    -506.00    -510.00    -508.00    -510.00    
-494.00    -500.00    -502.00    -504.00    -500.00    -506.00    -510.00    -506.00    -508.00    -512.00    
-488.00    -496.00    -500.00    -498.00    -508.00    -502.00    -506.00    -508.00    -510.00    -510.00    
-494.00    -500.00    -498.00    -506.00    -510.00    -504.00    -508.00    -508.00    -508.00    -512.00    
-502.00    -500.00    -506.00    -502.00    -506.00    -506.00    -502.00    -512.00    -510.00    -508.00    
-496.00    -500.00    -500.00    -506.00    -504.00    -508.00    -508.00    -504.00    -508.00    -508.00    
-494.00    -496.00    -504.00    -500.00    -502.00    -506.00    -508.00    -506.00    -508.00    -510.00    
-496.00    -504.00    -502.00    -502.00    -502.00    -502.00    -506.00    -506.00    -506.00    -508.00    
-492.00    -504.00    -500.00    -502.00    -504.00    -508.00    -510.00    -508.00    -508.00    -508.00    
-500.00    -498.00    -498.00    -502.00    -504.00    -506.00    -506.00    -508.00    -512.00    -508.00    
-496.00    -492.00    -502.00    -508.00    -506.00    -504.00    -508.00    -506.00    -506.00    -508.00    
-496.00    -502.00    -506.00    -504.00    -502.00    -506.00    -512.00    -510.00    -510.00    -510.00    
-500.00    -494.00    -496.00    -498.00    -502.00    -504.00    -504.00    -506.00    -510.00    -506.00    
-502.00    -500.00    -494.00    -500.00    -506.00    -502.00    -506.00    -510.00    -508.00    -510.00    
-498.00    -494.00    -498.00    -502.00    -508.00    -506.00    -510.00    -508.00    -508.00    -512.00    
-498.00    -500.00    -500.00    -498.00    -506.00    -508.00    -504.00    -508.00    -508.00    -508.00    
-490.00    -488.00    -500.00    -504.00    -500.00    -510.00    -510.00    -510.00    -510.00    -508.00    
-494.00    -506.00    -502.00    -510.00    -498.00    -506.00    -508.00    -510.00    -508.00    -510.00    
-498.00    -492.00    -500.00    -496.00    -500.00    -504.00    -508.00    -504.00    -506.00    -508.00    
-500.00    -498.00    -494.00    -502.00    -506.00    -510.00    -506.00    -512.00    -510.00    -508.00    
-498.00    -496.00    -500.00    -504.00    -506.00    -508.00    -504.00    -504.00    -512.00    -512.00    
-498.00    -494.00    -506.00    -506.00    -504.00    -506.00    -508.00    -510.00    -508.00    -508.00    
-498.00    -504.00    -508.00    -500.00    -506.00    -506.00    -504.00    -508.00    -508.00    -508.00    
-490.00    -496.00    -502.00    -504.00    -502.00    -508.00    -508.00    -506.00    -510.00    -508.00    
-498.00    -500.00    -506.00    -504.00    -500.00    -508.00    -502.00    -512.00    -508.00    -508.00    
-494.00    -504.00    -502.00    -498.00    -510.00    -504.00    -504.00    -510.00    -508.00    -512.00    
-496.00    -492.00    -500.00    -502.00    -502.00    -504.00    -506.00    -512.00    -510.00    -510.00    
-492.00    -496.00    -504.00    -496.00    -504.00    -506.00    -510.00    -510.00    -504.00    -508.00    
-500.00    -492.00    -502.00    -502.00    -504.00    -506.00    -506.00    -506.00    -510.00    -510.00    
-498.00    -500.00    -506.00    -502.00    -506.00    -506.00    -504.00    -508.00    -510.00    -510.00    
-492.00    -498.00    -492.00    -502.00    -506.00    -504.00    -508.00    -506.00    -510.00    -510.00    
-500.00    -500.00    -500.00    -504.00    -506.00    -506.00    -504.00    -508.00    -508.00    -510.00    
-496.00    -500.00    -500.00    -504.00    -502.00    -506.00    -510.00    -508.00    -504.00    -510.00    
-498.00    -500.00    -496.00    -504.00    -498.00    -502.00    -512.00    -510.00    -508.00    -510.00    
-494.00    -500.00    -502.00    -502.00    -506.00    -504.00    -506.00    -504.00    -508.00    -512.00    
-496.00    -500.00    -508.00    -500.00    -504.00    -506.00    -512.00    -506.00    -510.00    -508.00    
-492.00    -488.00    -508.00    -502.00    -506.00    -506.00    -508.00    -502.00    -510.00    -510.00    
-494.00    -496.00    -504.00    -502.00    -500.00    -504.00    -508.00    -508.00    -506.00    -512.00    
-494.00    -492.00    -502.00    -506.00    -504.00    -504.00    -510.00    -510.00    -508.00    -512.00    
-488.00    -494.00    -494.00    -502.00    -498.00    -504.00    -506.00    -510.00    -512.00    -512.00    
-496.00    -502.00    -500.00    -506.00    -508.00    -508.00    -508.00    -506.00    -510.00    -512.00    
-498.00    -494.00    -500.00    -506.00    -504.00    -502.00    -510.00    -508.00    -510.00    -508.00    
-486.00    -492.00    -506.00    -498.00    -500.00    -504.00    -508.00    -510.00    -508.00    -510.00    
-500.00    -498.00    -504.00    -504.00    -508.00    -506.00    -508.00    -508.00    -510.00    -512.00    
-496.00    -490.00    -502.00    -502.00    -506.00    -504.00    -512.00    -510.00    -506.00    -510.00    
-496.00    -500.00    -504.00    -504.00    -504.00    -504.00    -504.00    -508.00    -512.00    -508.00    
-502.00    -498.00    -502.00    -504.00    -500.00    -506.00    -506.00    -512.00    -510.00    -508.00    
-488.00    -492.00    -504.00    -506.00    -504.00    -510.00    -510.00    -506.00    -510.00    -512.00    
-506.00    -494.00    -500.00    -496.00    -494.00    -506.00    -508.00    -500.00    -512.00    -512.00    
-500.00    -494.00    -498.00    -504.00    -502.00    -506.00    -508.00    -510.00    -508.00    -506.00    
-492.00    -500.00    -496.00    -502.00    -502.00    -506.00    -508.00    -506.00    -510.00    -506.00    
-502.00    -500.00    -500.00    -506.00    -500.00    -508.00    -508.00    -506.00    -508.00    -510.00    
-492.00    -504.00    -498.00    -510.00    -506.00    -508.00    -510.00    -508.00    -510.00    -512.00    
-496.00    -498.00    -502.00    -504.00    -504.00    -502.00    -510.00    -508.00    -508.00    -510.00    
-498.00    -500.00    -502.00    -502.00    -506.00    -504.00    -506.00    -510.00    -510.00    -510.00    
-492.00    -500.00    -502.00    -500.00    -508.00    -506.00    -502.00    -504.00    -510.00    -508.00    
-498.00    -508.00    -504.00    -496.00    -502.00    -508.00    -510.00    -508.00    -508.00    -508.00    
-494.00    -502.00    -504.00    -500.00    -504.00    -510.00    -506.00    -510.00    -512.00    -508.00    
-502.00    -492.00    -498.00    -506.00    -496.00    -512.00    -510.00    -510.00    -506.00    -512.00    
-496.00    -500.00    -500.00    -502.00    -506.00    -502.00    -508.00    -510.00    -510.00    -508.00    
-498.00    -492.00    -494.00    -500.00    -510.00    -506.00    -508.00    -510.00    -506.00    -508.00    
-490.00    -500.00    -496.00    -506.00    -500.00    -506.00    -508.00    -506.00    -510.00    -508.00    
-500.00    -498.00    -498.00    -502.00    -506.00    -504.00    -510.00    -508.00    -508.00    -510.00    
-498.00    -500.00    -500.00    -502.00    -504.00    -504.00    -502.00    -506.00    -510.00    -512.00    
-494.00    -492.00    -502.00    -498.00    -504.00    -508.00    -502.00    -508.00    -510.00    -512.00    
-488.00    -504.00    -504.00    -510.00    -506.00    -500.00    -508.00    -506.00    -508.00    -508.00    
-492.00    -498.00    -504.00    -508.00    -502.00    -506.00    -508.00    -506.00    -510.00    -504.00    
-498.00    -500.00    -500.00    -500.00    -502.00    -502.00    -508.00    -508.00    -510.00    -510.00    
-492.00    -490.00    -504.00    -504.00    -508.00    -504.00    -502.00    -510.00    -504.00    -510.00    
-492.00    -496.00    -502.00    -508.00    -504.00    -506.00    -506.00    -510.00    -512.00    -512.00    
-494.00    -498.00    -494.00    -506.00    -510.00    -502.00    -512.00    -508.00    -506.00    -512.00    
-496.00    -496.00    -496.00    -504.00    -506.00    -504.00    -508.00    -506.00    -510.00    -510.00    
-496.00    -494.00    -502.00    -498.00    -500.00    -504.00    -508.00    -508.00    -510.00    -510.00    
-496.00    -494.00    -494.00    -502.00    -506.00    -504.00    -506.00    -508.00    -508.00    -508.00    
-494.00    -496.00    -502.00    -504.00    -508.00    -510.00    -510.00    -510.00    -510.00    -510.00    
-496.00    -494.00    -500.00    -502.00    -498.00    -500.00    -504.00    -510.00    -508.00    -510.00    
-492.00    -498.00    -502.00    -510.00    -502.00    -510.00    -506.00    -510.00    -508.00    -510.00    
-492.00    -506.00    -502.00    -500.00    -504.00    -504.00    -508.00    -508.00    -508.00    -512.00    
-494.00    -500.00    -500.00    -506.00    -504.00    -504.00    -508.00    -504.00    -508.00    -508.00    
-488.00    -502.00    -506.00    -504.00    -510.00    -510.00    -508.00    -508.00    -512.00    -506.00    
-492.00    -496.00    -496.00    -504.00    -506.00    -504.00    -504.00    -508.00    -508.00    -512.00    
-492.00    -496.00    -504.00    -504.00    -504.00    -504.00    -506.00    -508.00    -510.00    -510.00    
-498.00    -492.00    -500.00    -504.00    -500.00    -506.00    -508.00    -504.00    -508.00    -508.00    
-494.00    -496.00    -502.00    -506.00    -502.00    -510.00    -508.00    -504.00    -510.00    -512.00    
-496.00    -502.00    -502.00    -506.00    -498.00    -498.00    -504.00    -510.00    -506.00    -508.00    
-494.00    -490.00    -500.00    -506.00    -504.00    -504.00    -506.00    -508.00    -506.00    -508.00    
-496.00    -494.00    -512.00    -500.00    -508.00    -510.00    -508.00    -508.00    -508.00    -508.00    
-492.00    -498.00    -506.00    -504.00    -508.00    -500.00    -502.00    -506.00    -504.00    -510.00    
-494.00    -502.00    -494.00    -502.00    -500.00    -506.00    -508.00    -512.00    -506.00    -508.00    
-492.00    -498.00    -502.00    -502.00    -504.00    -508.00    -504.00    -506.00    -506.00    -512.00    
-494.00    -498.00    -506.00    -500.00    -502.00    -510.00    -500.00    -510.00    -508.00    -510.00    
-494.00    -500.00    -502.00    -504.00    -506.00    -510.00    -508.00    -506.00    -508.00    -508.00    
-488.00    -500.00    -498.00    -504.00    -500.00    -510.00    -506.00    -512.00    -506.00    -506.00    
-496.00    -498.00    -508.00    -506.00    -504.00    -508.00    -506.00    -510.00    -508.00    -510.00    
-502.00    -502.00    -504.00    -506.00    -506.00    -500.00    -508.00    -506.00    -508.00    -508.00    
-496.00    -500.00    -492.00    -500.00    -504.00    -510.00    -508.00    -508.00    -504.00    -506.00    
-492.00    -498.00    -506.00    -500.00    -502.00    -508.00    -508.00    -508.00    -508.00    -508.00    
-498.00    -498.00    -500.00    -498.00    -504.00    -510.00    -506.00    -504.00    -508.00    -506.00    
-492.00    -496.00    -494.00    -506.00    -506.00    -502.00    -506.00    -506.00    -508.00    -508.00    
-496.00    -502.00    -496.00    -500.00    -508.00    -506.00    -504.00    -510.00    -508.00    -512.00    
-504.00    -502.00    -502.00    -502.00    -502.00    -504.00    -510.00    -510.00    -506.00    -510.00    
-500.00    -492.00    -502.00    -504.00    -510.00    -506.00    -506.00    -508.00    -510.00    -510.00    
-500.00    -498.00    -502.00    -508.00    -506.00    -506.00    -510.00    -512.00    -508.00    -508.00    
-490.00    -500.00    -496.00    -502.00    -504.00    -504.00    -508.00    -508.00    -512.00    -512.00    
-492.00    -494.00    -502.00    -502.00    -504.00    -506.00    -504.00    -506.00    -508.00    -512.00    
-502.00    -498.00    -496.00    -504.00    -508.00    -508.00    -508.00    -506.00    -510.00    -512.00    
-492.00    -504.00    -492.00    -506.00    -506.00    -504.00    -510.00    -504.00    -510.00    -508.00    
-494.00    -496.00    -500.00    -504.00    -504.00    -508.00    -508.00    -508.00    -508.00    -510.00    
-494.00    -498.00    -502.00    -502.00    -506.00    -506.00    -510.00    -506.00    -512.00    -508.00    
-498.00    -500.00    -502.00    -504.00    -508.00    -506.00    -508.00    -512.00    -510.00    -504.00    
-500.00    -496.00    -498.00    -504.00    -506.00    -502.00    -508.00    -510.00    -504.00    -512.00    
-496.00    -500.00    -500.00    -502.00    -506.00    -496.00    -510.00    -510.00    -510.00    -508.00    
-488.00    -498.00    -504.00    -498.00    -506.00    -504.00    -508.00    -510.00    -510.00    -512.00    
-502.00    -502.00    -504.00    -502.00    -508.00    -504.00    -506.00    -510.00    -508.00    -510.00    
-496.00    -504.00    -496.00    -506.00    -504.00    -508.00    -504.00    -508.00    -508.00    -510.00    
-498.00    -500.00    -502.00    -506.00    -508.00    -502.00    -504.00    -506.00    -506.00    -510.00    
-494.00    -502.00    -498.00    -502.00    -508.00    -506.00    -508.00    -508.00    -508.00    -512.00    
-502.00    -498.00    -502.00    -502.00    -504.00    -508.00    -510.00    -510.00    -508.00    -508.00    
-494.00    -498.00    -502.00    -502.00    -502.00    -506.00    -502.00    -510.00    -512.00    -510.00    
-494.00    -494.00    -500.00    -500.00    -506.00    -506.00    -510.00    -510.00    -510.00    -508.00    
-496.00    -496.00    -506.00    -506.00    -500.00    -502.00    -510.00    -506.00    -508.00    -508.00    
-504.00    -500.00    -502.00    -502.00    -508.00    -504.00    -506.00    -510.00    -510.00    -508.00    
-494.00    -494.00    -496.00    -506.00    -504.00    -506.00    -506.00    -506.00    -506.00    -510.00    
-496.00    -500.00    -500.00    -496.00    -506.00    -506.00    -510.00    -512.00    -508.00    -506.00    
-494.00    -492.00    -498.00    -500.00    -506.00    -504.00    -502.00    -510.00    -506.00    -508.00    
-490.00    -502.00    -506.00    -500.00    -508.00    -508.00    -508.00    -508.00    -512.00    -508.00    
-496.00    -498.00    -502.00    -502.00    -498.00    -504.00    -508.00    -510.00    -512.00    -510.00    
-502.00    -494.00    -500.00    -510.00    -500.00    -506.00    -504.00    -506.00    -506.00    -510.00    
-496.00    -496.00    -494.00    -506.00    -504.00    -506.00    -504.00    -504.00    -510.00    -510.00    
-494.00    -498.00    -498.00    -504.00    -504.00    -508.00    -508.00    -508.00    -508.00    -508.00    
-494.00    -494.00    -502.00    -502.00    -496.00    -504.00    -508.00    -506.00    -510.00    -510.00    
-498.00    -496.00    -498.00    -508.00    -506.00    -502.00    -506.00    -510.00    -510.00    -510.00    
-496.00    -500.00    -490.00    -506.00    -504.00    -506.00    -506.00    -510.00    -510.00    -510.00    
-492.00    -496.00    -498.00    -508.00    -500.00    -504.00    -502.00    -508.00    -508.00    -508.00    
-496.00    -498.00    -504.00    -500.00    -498.00    -506.00    -508.00    -504.00    -508.00    -508.00    
-490.00    -498.00    -504.00    -502.00    -508.00    -504.00    -510.00    -508.00    -510.00    -506.00    
-500.00    -496.00    -502.00    -500.00    -494.00    -508.00    -510.00    -502.00    -510.00    -508.00    
-502.00    -498.00    -494.00    -496.00    -510.00    -506.00    -510.00    -504.00    -508.00    -512.00    
-494.00    -502.00    -502.00    -500.00    -504.00    -506.00    -506.00    -504.00    -508.00    -508.00    
-498.00    -494.00    -498.00    -508.00    -502.00    -504.00    -508.00    -512.00    -508.00    -508.00    
-500.00    -504.00    -498.00    -500.00    -508.00    -504.00    -502.00    -504.00    -508.00    -512.00    
-496.00    -500.00    -500.00    -500.00    -510.00    -510.00    -502.00    -508.00    -510.00    -508.00    
-500.00    -504.00    -494.00    -504.00    -502.00    -504.00    -504.00    -506.00    -508.00    -510.00    
-502.00    -498.00    -508.00    -500.00    -508.00    -506.00    -508.00    -508.00    -508.00    -510.00    
-496.00    -504.00    -506.00    -506.00    -508.00    -502.00    -508.00    -504.00    -510.00    -510.00    
-502.00    -502.00    -498.00    -500.00    -506.00    -502.00    -506.00    -508.00    -512.00    -512.00    
-500.00    -506.00    -502.00    -504.00    -508.00    -506.00    -500.00    -512.00    -512.00    -512.00    
-490.00    -496.00    -500.00    -500.00    -500.00    -506.00    -510.00    -506.00    -506.00    -510.00    
-500.00    -498.00    -498.00    -498.00    -502.00    -506.00    -508.00    -512.00    -506.00    -510.00    
-502.00    -492.00    -502.00    -502.00    -506.00    -508.00    -508.00    -506.00    -510.00    -510.00    
-500.00    -500.00    -502.00    -502.00    -504.00    -504.00    -508.00    -512.00    -506.00    -508.00    
-502.00    -492.00    -496.00    -502.00    -506.00    -506.00    -510.00    -506.00    -512.00    -510.00    
-500.00    -498.00    -498.00    -494.00    -506.00    -508.00    -506.00    -510.00    -508.00    -508.00    
-502.00    -496.00    -500.00    -502.00    -506.00    -510.00    -506.00    -506.00    -512.00    -512.00    
-488.00    -504.00    -502.00    -504.00    -502.00    -506.00    -508.00    -508.00    -508.00    -508.00    
-486.00    -500.00    -502.00    -508.00    -510.00    -504.00    -508.00    -508.00    -510.00    -508.00    
-492.00    -500.00    -496.00    -500.00    -506.00    -504.00    -506.00    -512.00    -508.00    -510.00    
-496.00    -502.00    -502.00    -502.00    -502.00    -504.00    -504.00    -508.00    -510.00    -510.00    
-498.00    -498.00    -504.00    -508.00    -508.00    -508.00    -504.00    -510.00    -506.00    -510.00    
-490.00    -502.00    -498.00    -502.00    -502.00    -502.00    -506.00    -512.00    -512.00    -512.00    
-498.00    -506.00    -502.00    -504.00    -506.00    -506.00    -512.00    -508.00    -504.00    -510.00    
-498.00    -500.00    -500.00    -502.00    -502.00    -502.00    -508.00    -508.00    -506.00    -510.00    
-496.00    -500.00    -502.00    -498.00    -500.00    -504.00    -504.00    -504.00    -510.00    -512.00    
-492.00    -500.00    -504.00    -506.00    -502.00    -508.00    -504.00    -510.00    -510.00    -512.00    
-496.00    -496.00    -502.00    -504.00    -508.00    -502.00    -502.00    -506.00    -508.00    -508.00    
-494.00    -502.00    -504.00    -506.00    -504.00    -504.00    -508.00    -508.00    -508.00    -510.00    
-504.00    -504.00    -498.00    -502.00    -506.00    -504.00    -506.00    -508.00    -508.00    -508.00    
-498.00    -502.00    -504.00    -508.00    -504.00    -504.00    -508.00    -506.00    -512.00    -512.00    
-504.00    -506.00    -504.00    -506.00    -498.00    -504.00    -508.00    -510.00    -506.00    -512.00    
-502.00    -502.00    -500.00    -504.00    -504.00    -504.00    -508.00    -506.00    -510.00    -508.00    
-496.00    -500.00    -500.00    -504.00    -510.00    -508.00    -508.00    -508.00    -508.00    -510.00    
-498.00    -502.00    -498.00    -500.00    -500.00    -506.00    -504.00    -508.00    -506.00    -508.00    
-496.00    -500.00    -502.00    -504.00    -502.00    -504.00    -506.00    -504.00    -508.00    -512.00    
-504.00    -498.00    -500.00    -504.00    -504.00    -510.00    -508.00    -508.00    -510.00    -512.00    
-492.00    -494.00    -500.00    -502.00    -500.00    -506.00    -506.00    -510.00    -508.00    -508.00    
-490.00    -498.00    -502.00    -504.00    -504.00    -508.00    -510.00    -510.00    -510.00    -512.00    
-494.00    -496.00    -504.00    -506.00    -504.00    -508.00    -508.00    -508.00    -506.00    -510.00    
-496.00    -500.00    -500.00    -496.00    -504.00    -506.00    -504.00    -510.00    -510.00    -512.00    
-492.00    -500.00    -500.00    -502.00    -506.00    -508.00    -502.00    -508.00    -512.00    -508.00    
-494.00    -492.00    -502.00    -502.00    -502.00    -506.00    -504.00    -508.00    -510.00    -512.00    
-494.00    -504.00    -506.00    -500.00    -506.00    -508.00    -504.00    -508.00    -510.00    -512.00    
-496.00    -498.00    -500.00    -502.00    -504.00    -506.00    -508.00    -510.00    -510.00    -510.00    
-500.00    -502.00    -500.00    -508.00    -504.00    -504.00    -508.00    -510.00    -506.00    -510.00    
-496.00    -494.00    -494.00    -502.00    -506.00    -502.00    -502.00    -508.00    -510.00    -508.00    
-496.00    -492.00    -498.00    -506.00    -502.00    -504.00    -506.00    -508.00    -510.00    -512.00    
-490.00    -500.00    -502.00    -500.00    -506.00    -508.00    -504.00    -508.00    -510.00    -510.00    
-498.00    -502.00    -496.00    -508.00    -502.00    -508.00    -506.00    -504.00    -508.00    -510.00    
-490.00    -502.00    -504.00    -504.00    -502.00    -508.00    -502.00    -510.00    -510.00    -512.00    
-500.00    -498.00    -504.00    -502.00    -508.00    -504.00    -510.00    -508.00    -508.00    -510.00    
-498.00    -494.00    -492.00    -510.00    -502.00    -502.00    -506.00    -508.00    -508.00    -510.00    
-496.00    -500.00    -494.00    -490.00    -508.00    -502.00    -510.00    -508.00    -506.00    -508.00    
-496.00    -506.00    -500.00    -498.00    -504.00    -504.00    -506.00    -506.00    -506.00    -508.00    
-494.00    -504.00    -498.00    -504.00    -500.00    -510.00    -510.00    -506.00    -506.00    -512.00    
-498.00    -498.00    -500.00    -500.00    -508.00    -504.00    -502.00    -508.00    -506.00    -510.00    
-500.00    -494.00    -502.00    -500.00    -506.00    -506.00    -502.00    -500.00    -512.00    -510.00    
-494.00    -494.00    -502.00    -506.00    -502.00    -504.00    -506.00    -508.00    -508.00    -508.00    
-494.00    -500.00    -504.00    -500.00    -506.00    -508.00    -508.00    -510.00    -510.00    -510.00    
-494.00    -498.00    -498.00    -506.00    -506.00    -506.00    -508.00    -512.00    -506.00    -508.00    
-502.00    -498.00    -500.00    -504.00    -506.00    -508.00    -504.00    -508.00    -510.00    -510.00    
-498.00    -504.00    -498.00    -496.00    -506.00    -508.00    -508.00    -508.00    -506.00    -510.00    
-494.00    -496.00    -500.00    -504.00    -502.00    -506.00    -512.00    -508.00    -504.00    -508.00    
-504.00    -502.00    -502.00    -502.00    -504.00    -506.00    -508.00    -510.00    -512.00    -508.00    
-498.00    -498.00    -498.00    -506.00    -506.00    -508.00    -510.00    -512.00    -512.00    -512.00    
-498.00    -502.00    -502.00    -504.00    -504.00    -506.00    -504.00    -506.00    -510.00    -512.00    
-500.00    -500.00    -504.00    -502.00    -502.00    -506.00    -506.00    -508.00    -512.00    -506.00    
-494.00    -494.00    -502.00    -504.00    -504.00    -510.00    -508.00    -504.00    -510.00    -508.00    
-500.00    -502.00    -498.00    -504.00    -502.00    -506.00    -510.00    -506.00    -506.00    -510.00    
-500.00    -498.00    -502.00    -508.00    -504.00    -508.00    -506.00    -504.00    -512.00    -508.00    
-488.00    -500.00    -500.00    -500.00    -510.00    -506.00    -506.00    -510.00    -508.00    -508.00    
-496.00    -500.00    -500.00    -506.00    -506.00    -506.00    -506.00    -506.00    -508.00    -510.00    
-492.00    -502.00    -504.00    -502.00    -502.00    -498.00    -508.00    -508.00    -510.00    -508.00    
-504.00    -500.00    -498.00    -496.00    -506.00    -506.00    -506.00    -506.00    -510.00    -510.00    
-498.00    -494.00    -496.00    -498.00    -494.00    -508.00    -504.00    -510.00    -510.00    -510.00    
-496.00    -502.00    -502.00    -506.00    -504.00    -508.00    -508.00    -510.00    -506.00    -510.00    
-500.00    -498.00    -506.00    -500.00    -504.00    -504.00    -508.00    -510.00    -512.00    -508.00    
-494.00    -500.00    -496.00    -504.00    -504.00    -504.00    -508.00    -510.00    -506.00    -510.00    
-500.00    -494.00    -498.00    -504.00    -506.00    -508.00    -506.00    -510.00    -506.00    -512.00    
-504.00    -498.00    -498.00    -502.00    -506.00    -504.00    -504.00    -512.00    -512.00    -510.00    
-488.00    -496.00    -502.00    -504.00    -504.00    -506.00    -508.00    -506.00    -506.00    -508.00    
-498.00    -506.00    -500.00    -504.00    -506.00    -504.00    -502.00    -510.00    -508.00    -510.00    
-494.00    -496.00    -498.00    -500.00    -506.00    -508.00    -504.00    -504.00    -508.00    -508.00    
-492.00    -502.00    -502.00    -506.00    -498.00    -508.00    -506.00    -504.00    -506.00    -510.00    
-490.00    -498.00    -502.00    -504.00    -502.00    -508.00    -508.00    -508.00    -508.00    -508.00    
-500.00    -504.00    -504.00    -504.00    -504.00    -504.00    -512.00    -508.00    -510.00    -512.00    
-492.00    -506.00    -502.00    -506.00    -500.00    -508.00    -508.00    -510.00    -510.00    -510.00    
-498.00    -496.00    -502.00    -504.00    -504.00    -500.00    -508.00    -510.00    -508.00    -512.00    
-494.00    -500.00    -504.00    -502.00    -504.00    -508.00    -506.00    -512.00    -510.00    -506.00    
-492.00    -498.00    -500.00    -506.00    -508.00    -504.00    -508.00    -508.00    -508.00    -508.00    
-502.00    -498.00    -496.00    -502.00    -500.00    -504.00    -502.00    -506.00    -508.00    -510.00    
-492.00    -498.00    -494.00    -506.00    -502.00    -508.00    -506.00    -510.00    -510.00    -510.00    
-498.00    -496.00    -500.00    -502.00    -504.00    -504.00    -508.00    -506.00    -508.00    -510.00    
-490.00    -494.00    -502.00    -506.00    -506.00    -504.00    -512.00    -506.00    -508.00    -510.00    
