-246.00    -248.00    -248.00    -250.00    -252.00    -252.00    -254.00    -256.00    -252.00    -254.00    
-246.00    -248.00    -254.00    -250.00    -250.00    -254.00    -254.00    -256.00    -252.00    -256.00    
-242.00    -242.00    -246.00    -248.00    -250.00    -250.00    -252.00    -254.00    -254.00    -256.00    
-252.00    -252.00    -252.00    -250.00    -252.00    -256.00    -254.00    -254.00    -254.00    -254.00    
-246.00    -252.00    -250.00    -250.00    -252.00    -252.00    -256.00    -256.00    -252.00    -254.00    
-250.00    -250.00    -252.00    -252.00    -252.00    -254.00    -252.00    -254.00    -254.00    -254.00    
-252.00    -252.00    -254.00    -252.00    -252.00    -252.00    -254.00    -252.00    -252.00    -254.00    
-246.00    -246.00    -248.00    -254.00    -252.00    -248.00    -252.00    -256.00    -252.00    -256.00    
-248.00    -250.00    -246.00    -252.00    -252.00    -254.00    -252.00    -254.00    -252.00    -256.00    
-248.00    -248.00    -254.00    -254.00    -250.00    -254.00    -254.00    -246.00    -254.00    -256.00    
-252.00    -250.00    -250.00    -254.00    -252.00    -254.00    -252.00    -256.00    -256.00    -256.00    
-252.00    -250.00    -248.00    -250.00    -252.00    -250.00    -252.00    -254.00    -256.00    -254.00    
-250.00    -246.00    -252.00    -250.00    -250.00    -254.00    -256.00    -254.00    -256.00    -256.00    
-252.00    -250.00    -250.00    -252.00    -254.00    -252.00    -254.00    -256.00    -254.00    -256.00    
-250.00    -248.00    -252.00    -254.00    -252.00    -248.00    -254.00    -254.00    -254.00    -256.00    
-244.00    -244.00    -252.00    -252.00    -250.00    -254.00    -252.00    -252.00    -252.00    -256.00    
-250.00    -250.00    -252.00    -252.00    -252.00    -254.00    -256.00    -254.00    -254.00    -254.00    
-246.00    -252.00    -248.00    -250.00    -252.00    -250.00    -254.00    -256.00    -256.00    -256.00    
-252.00    -250.00    -254.00    -252.00    -254.00    -254.00    -254.00    -256.00    -256.00    -254.00    
-252.00    -248.00    -250.00    -252.00    -254.00    -250.00    -254.00    -254.00    -254.00    -254.00    
-246.00    -252.00    -248.00    -248.00    -256.00    -254.00    -254.00    -256.00    -254.00    -254.00    
-246.00    -250.00    -248.00    -250.00    -252.00    -256.00    -252.00    -254.00    -252.00    -256.00    
-248.00    -248.00    -248.00    -252.00    -254.00    -252.00    -256.00    -254.00    -256.00    -256.00    
-250.00    -250.00    -250.00    -248.00    -252.00    -252.00    -254.00    -252.00    -252.00    -252.00    
-248.00    -248.00    -246.00    -252.00    -256.00    -254.00    -254.00    -256.00    -254.00    -256.00    
-250.00    -248.00    -248.00    -248.00    -252.00    -252.00    -250.00    -252.00    -254.00    -256.00    
-246.00    -242.00    -254.00    -254.00    -252.00    -252.00    -252.00    -254.00    -254.00    -254.00    
-248.00    -250.00    -250.00    -254.00    -252.00    -252.00    -254.00    -254.00    -254.00    -254.00    
-244.00    -252.00    -250.00    -250.00    -250.00    -252.00    -256.00    -256.00    -254.00    -254.00    
-252.00    -248.00    -250.00    -254.00    -254.00    -254.00    -252.00    -254.00    -256.00    -256.00    
-246.00    -252.00    -250.00    -252.00    -252.00    -254.00    -254.00    -254.00    -256.00    -254.00    
-248.00    -252.00    -250.00    -254.00    -252.00    -254.00    -254.00    -254.00    -256.00    -256.00    
-252.00    -250.00    -252.00    -246.00    -248.00    -250.00    -254.00    -252.00    -256.00    -252.00    
-252.00    -244.00    -252.00    -250.00    -254.00    -254.00    -256.00    -254.00    -252.00    -256.00    
-254.00    -252.00    -248.00    -252.00    -250.00    -256.00    -256.00    -254.00    -252.00    -256.00    
-250.00    -252.00    -250.00    -252.00    -256.00    -254.00    -254.00    -254.00    -254.00    -256.00    
-244.00    -248.00    -250.00    -250.00    -250.00    -252.00    -252.00    -252.00    -254.00    -256.00    
-248.00    -246.00    -250.00    -248.00    -252.00    -254.00    -254.00    -254.00    -256.00    -256.00    
-250.00    -250.00    -252.00    -254.00    -252.00    -254.00    -256.00    -254.00    -256.00    -254.00    
-250.00    -250.00    -250.00    -248.00    -254.00    -256.00    -256.00    -254.00    -256.00    -252.00    
-248.00    -246.00    -252.00    -256.00    -254.00    -252.00    -256.00    -252.00    -254.00    -256.00    
-250.00    -248.00    -252.00    -252.00    -250.00    -254.00    -250.00    -254.00    -256.00    -256.00    
-242.00    -248.00    -252.00    -250.00    -250.00    -254.00    -250.00    -254.00    -254.00    -252.00    
-246.00    -248.00    -252.00    -256.00    -252.00    -252.00    -256.00    -252.00    -254.00    -254.00    
-250.00    -244.00    -252.00    -252.00    -254.00    -252.00    -252.00    -254.00    -256.00    -256.00    
-248.00    -250.00    -254.00    -254.00    -252.00    -256.00    -254.00    -256.00    -254.00    -256.00    
-246.00    -250.00    -250.00    -250.00    -252.00    -254.00    -250.00    -254.00    -252.00    -256.00    
-252.00    -248.00    -252.00    -252.00    -254.00    -254.00    -252.00    -254.00    -256.00    -252.00    
-248.00    -248.00    -256.00    -254.00    -252.00    -254.00    -250.00    -254.00    -254.00    -256.00    
-252.00    -250.00    -248.00    -252.00    -250.00    -254.00    -254.00    -256.00    -254.00    -254.00    
-246.00    -250.00    -254.00    -252.00    -254.00    -250.00    -250.00    -252.00    -254.00    -256.00    
-244.00    -248.00    -246.00    -250.00    -254.00    -254.00    -252.00    -254.00    -254.00    -254.00    
-254.00    -248.00    -248.00    -246.00    -254.00    -256.00    -254.00    -254.00    -252.00    -254.00    
-246.00    -254.00    -248.00    -252.00    -252.00    -254.00    -256.00    -254.00    -254.00    -256.00    
-254.00    -250.00    -254.00    -252.00    -252.00    -250.00    -254.00    -254.00    -256.00    -254.00    
-244.00    -254.00    -250.00    -254.00    -252.00    -252.00    -256.00    -256.00    -254.00    -256.00    
-250.00    -242.00    -250.00    -254.00    -250.00    -256.00    -250.00    -252.00    -256.00    -254.00    
-252.00    -250.00    -250.00    -252.00    -254.00    -252.00    -256.00    -256.00    -252.00    -252.00    
-248.00    -252.00    -252.00    -250.00    -254.00    -254.00    -254.00    -256.00    -254.00    -256.00    
-248.00    -252.00    -254.00    -252.00    -252.00    -256.00    -256.00    -254.00    -256.00    -254.00    
-250.00    -254.00    -250.00    -254.00    -254.00    -254.00    -254.00    -256.00    -252.00    -256.00    
-248.00    -250.00    -252.00    -248.00    -250.00    -252.00    -254.00    -254.00    -256.00    -256.00    
-240.00    -250.00    -254.00    -250.00    -256.00    -254.00    -256.00    -254.00    -254.00    -256.00    
-248.00    -252.00    -252.00    -254.00    -250.00    -254.00    -254.00    -256.00    -252.00    -254.00    
-252.00    -254.00    -248.00    -252.00    -254.00    -254.00    -256.00    -256.00    -254.00    -256.00    
-250.00    -250.00    -250.00    -252.00    -250.00    -256.00    -252.00    -250.00    -256.00    -256.00    
-248.00    -250.00    -250.00    -250.00    -250.00    -254.00    -252.00    -254.00    -254.00    -254.00    
-248.00    -250.00    -250.00    -248.00    -250.00    -256.00    -254.00    -254.00    -254.00    -254.00    
-248.00    -252.00    -250.00    -254.00    -256.00    -252.00    -254.00    -252.00    -256.00    -254.00    
-248.00    -254.00    -250.00    -250.00    -252.00    -254.00    -254.00    -254.00    -256.00    -256.00    
-246.00    -252.00    -254.00    -250.00    -252.00    -254.00    -250.00    -256.00    -256.00    -256.00    
-246.00    -242.00    -248.00    -252.00    -250.00    -250.00    -250.00    -256.00    -252.00    -256.00    
-248.00    -244.00    -252.00    -252.00    -256.00    -252.00    -254.00    -256.00    -254.00    -254.00    
-248.00    -250.00    -252.00    -252.00    -250.00    -254.00    -252.00    -252.00    -254.00    -256.00    
-254.00    -250.00    -250.00    -250.00    -248.00    -252.00    -256.00    -254.00    -254.00    -254.00    
-242.00    -244.00    -252.00    -252.00    -252.00    -250.00    -252.00    -254.00    -256.00    -256.00    
-248.00    -252.00    -252.00    -256.00    -254.00    -256.00    -254.00    -254.00    -256.00    -254.00    
-248.00    -248.00    -250.00    -248.00    -252.00    -250.00    -248.00    -256.00    -252.00    -254.00    
-248.00    -252.00    -254.00    -252.00    -254.00    -250.00    -254.00    -252.00    -252.00    -256.00    
-248.00    -248.00    -250.00    -254.00    -256.00    -252.00    -252.00    -252.00    -256.00    -256.00    
-248.00    -254.00    -254.00    -250.00    -246.00    -254.00    -254.00    -252.00    -254.00    -256.00    
-252.00    -244.00    -252.00    -250.00    -254.00    -256.00    -254.00    -254.00    -256.00    -254.00    
-250.00    -252.00    -252.00    -254.00    -252.00    -254.00    -252.00    -254.00    -254.00    -254.00    
-250.00    -252.00    -252.00    -250.00    -252.00    -252.00    -256.00    -254.00    -254.00    -254.00    
-248.00    -252.00    -252.00    -254.00    -254.00    -256.00    -252.00    -254.00    -256.00    -252.00    
-254.00    -248.00    -248.00    -248.00    -252.00    -252.00    -250.00    -256.00    -254.00    -256.00    
-252.00    -250.00    -250.00    -252.00    -256.00    -254.00    -256.00    -256.00    -252.00    -256.00    
-254.00    -250.00    -250.00    -254.00    -252.00    -256.00    -254.00    -254.00    -256.00    -254.00    
-248.00    -250.00    -248.00    -252.00    -252.00    -250.00    -252.00    -254.00    -256.00    -256.00    
-246.00    -250.00    -256.00    -250.00    -254.00    -254.00    -256.00    -250.00    -254.00    -252.00    
-248.00    -246.00    -248.00    -250.00    -252.00    -254.00    -256.00    -250.00    -256.00    -252.00    
-244.00    -250.00    -250.00    -252.00    -252.00    -252.00    -252.00    -252.00    -254.00    -256.00    
-250.00    -246.00    -252.00    -254.00    -252.00    -254.00    -256.00    -256.00    -256.00    -254.00    
-246.00    -248.00    -252.00    -254.00    -254.00    -252.00    -256.00    -254.00    -254.00    -256.00    
-248.00    -252.00    -252.00    -254.00    -252.00    -254.00    -256.00    -254.00    -252.00    -256.00    
-252.00    -250.00    -250.00    -254.00    -254.00    -256.00    -254.00    -254.00    -252.00    -256.00    
-252.00    -250.00    -252.00    -250.00    -254.00    -256.00    -254.00    -256.00    -252.00    -254.00    
-246.00    -248.00    -252.00    -252.00    -254.00    -252.00    -252.00    -252.00    -252.00    -254.00    
-250.00    -252.00    -246.00    -252.00    -254.00    -252.00    -254.00    -254.00    -254.00    -256.00    
-246.00    -252.00    -248.00    -248.00    -252.00    -254.00    -256.00    -256.00    -256.00    -254.00    
-248.00    -250.00    -246.00    -252.00    -256.00    -250.00    -252.00    -254.00    -256.00    -256.00    
-246.00    -250.00    -248.00    -250.00    -248.00    -254.00    -256.00    -254.00    -254.00    -256.00    
-246.00    -250.00    -250.00    -250.00    -248.00    -254.00    -256.00    -252.00    -256.00    -254.00    
-244.00    -248.00    -248.00    -252.00    -252.00    -252.00    -252.00    -254.00    -254.00    -256.00    
-246.00    -250.00    -252.00    -254.00    -250.00    -252.00    -256.00    -256.00    -256.00    -256.00    
-246.00    -248.00    -250.00    -248.00    -248.00    -254.00    -254.00    -256.00    -254.00    -252.00    
-250.00    -248.00    -252.00    -256.00    -254.00    -252.00    -254.00    -254.00    -254.00    -254.00    
-244.00    -254.00    -248.00    -252.00    -252.00    -252.00    -254.00    -252.00    -256.00    -256.00    
-248.00    -250.00    -252.00    -252.00    -252.00    -254.00    -254.00    -250.00    -256.00    -256.00    
-250.00    -248.00    -244.00    -254.00    -254.00    -254.00    -252.00    -254.00    -252.00    -254.00    
-248.00    -250.00    -252.00    -248.00    -252.00    -250.00    -252.00    -254.00    -256.00    -256.00    
-248.00    -254.00    -250.00    -250.00    -250.00    -256.00    -254.00    -254.00    -254.00    -256.00    
-250.00    -248.00    -252.00    -252.00    -252.00    -252.00    -254.00    -254.00    -252.00    -256.00    
-246.00    -250.00    -250.00    -248.00    -252.00    -252.00    -254.00    -256.00    -256.00    -256.00    
-250.00    -252.00    -252.00    -252.00    -254.00    -254.00    -254.00    -256.00    -256.00    -254.00    
-248.00    -248.00    -252.00    -254.00    -252.00    -252.00    -252.00    -256.00    -254.00    -256.00    
-250.00    -244.00    -248.00    -256.00    -250.00    -252.00    -254.00    -256.00    -256.00    -256.00    
-256.00    -250.00    -252.00    -252.00    -256.00    -252.00    -254.00    -252.00    -256.00    -256.00    
-246.00    -248.00    -254.00    -250.00    -254.00    -250.00    -252.00    -252.00    -252.00    -256.00    
-244.00    -248.00    -250.00    -252.00    -254.00    -256.00    -252.00    -254.00    -256.00    -256.00    
-246.00    -248.00    -250.00    -252.00    -252.00    -252.00    -252.00    -256.00    -252.00    -254.00    
-248.00    -252.00    -248.00    -254.00    -250.00    -256.00    -250.00    -256.00    -256.00    -254.00    
-250.00    -248.00    -246.00    -250.00    -252.00    -256.00    -254.00    -254.00    -256.00    -252.00    
-250.00    -244.00    -248.00    -254.00    -252.00    -252.00    -250.00    -254.00    -256.00    -256.00    
-250.00    -244.00    -250.00    -254.00    -252.00    -254.00    -254.00    -250.00    -254.00    -256.00    
-244.00    -250.00    -250.00    -252.00    -254.00    -254.00    -256.00    -256.00    -254.00    -256.00    
-236.00    -250.00    -254.00    -250.00    -254.00    -256.00    -254.00    -254.00    -254.00    -254.00    
-246.00    -254.00    -250.00    -250.00    -252.00    -254.00    -250.00    -254.00    -254.00    -256.00    
-250.00    -248.00    -254.00    -248.00    -252.00    -252.00    -254.00    -254.00    -256.00    -254.00    
-246.00    -246.00    -250.00    -252.00    -250.00    -256.00    -256.00    -254.00    -256.00    -254.00    
-246.00    -248.00    -254.00    -252.00    -250.00    -254.00    -256.00    -254.00    -254.00    -254.00    
-248.00    -254.00    -248.00    -256.00    -250.00    -250.00    -252.00    -256.00    -256.00    -254.00    
-244.00    -254.00    -252.00    -256.00    -254.00    -252.00    -248.00    -254.00    -256.00    -254.00    
-248.00    -252.00    -252.00    -252.00    -252.00    -254.00    -256.00    -252.00    -254.00    -254.00    
-248.00    -250.00    -250.00    -252.00    -252.00    -252.00    -252.00    -256.00    -254.00    -254.00    
-252.00    -254.00    -252.00    -246.00    -254.00    -254.00    -252.00    -256.00    -252.00    -254.00    
-248.00    -252.00    -252.00    -254.00    -248.00    -252.00    -252.00    -252.00    -254.00    -256.00    
-250.00    -254.00    -252.00    -248.00    -250.00    -250.00    -254.00    -256.00    -252.00    -254.00    
-250.00    -250.00    -252.00    -246.00    -252.00    -252.00    -254.00    -254.00    -252.00    -256.00    
-246.00    -248.00    -250.00    -250.00    -254.00    -252.00    -252.00    -254.00    -254.00    -256.00    
-246.00    -248.00    -248.00    -252.00    -252.00    -254.00    -252.00    -254.00    -254.00    -256.00    
-244.00    -252.00    -250.00    -256.00    -254.00    -256.00    -252.00    -256.00    -256.00    -256.00    
-248.00    -250.00    -250.00    -252.00    -250.00    -254.00    -254.00    -256.00    -254.00    -254.00    
-244.00    -248.00    -252.00    -254.00    -252.00    -254.00    -254.00    -254.00    -254.00    -254.00    
-248.00    -250.00    -252.00    -252.00    -250.00    -254.00    -256.00    -256.00    -254.00    -254.00    
-248.00    -250.00    -252.00    -254.00    -252.00    -252.00    -254.00    -252.00    -254.00    -254.00    
-252.00    -250.00    -252.00    -252.00    -252.00    -252.00    -256.00    -256.00    -256.00    -254.00    
-244.00    -244.00    -248.00    -254.00    -250.00    -252.00    -252.00    -256.00    -254.00    -256.00    
-246.00    -250.00    -250.00    -250.00    -252.00    -250.00    -250.00    -254.00    -256.00    -254.00    
-250.00    -248.00    -248.00    -252.00    -252.00    -252.00    -248.00    -254.00    -254.00    -254.00    
-250.00    -246.00    -250.00    -254.00    -254.00    -256.00    -256.00    -252.00    -256.00    -256.00    
-248.00    -246.00    -248.00    -252.00    -252.00    -256.00    -252.00    -256.00    -252.00    -256.00    
-246.00    -252.00    -248.00    -254.00    -256.00    -254.00    -254.00    -254.00    -254.00    -256.00    
-252.00    -248.00    -248.00    -246.00    -252.00    -254.00    -256.00    -254.00    -252.00    -254.00    
-248.00    -250.00    -250.00    -256.00    -254.00    -252.00    -254.00    -254.00    -252.00    -254.00    
-250.00    -252.00    -250.00    -254.00    -250.00    -254.00    -256.00    -254.00    -254.00    -254.00    
-248.00    -248.00    -248.00    -252.00    -256.00    -254.00    -252.00    -252.00    -254.00    -256.00    
-248.00    -246.00    -252.00    -252.00    -254.00    -252.00    -254.00    -254.00    -254.00    -254.00    
-250.00    -248.00    -248.00    -254.00    -256.00    -254.00    -252.00    -254.00    -254.00    -254.00    
-250.00    -244.00    -252.00    -248.00    -252.00    -256.00    -254.00    -256.00    -256.00    -254.00    
-252.00    -250.00    -252.00    -254.00    -252.00    -252.00    -256.00    -254.00    -256.00    -254.00    
-246.00    -252.00    -250.00    -250.00    -252.00    -252.00    -256.00    -256.00    -256.00    -254.00    
-246.00    -252.00    -252.00    -250.00    -254.00    -252.00    -252.00    -254.00    -252.00    -254.00    
-248.00    -246.00    -252.00    -250.00    -254.00    -254.00    -252.00    -254.00    -252.00    -250.00    
-252.00    -246.00    -254.00    -250.00    -254.00    -254.00    -254.00    -254.00    -256.00    -254.00    
-242.00    -246.00    -250.00    -252.00    -254.00    -250.00    -252.00    -252.00    -252.00    -252.00    
-252.00    -250.00    -252.00    -250.00    -254.00    -254.00    -254.00    -256.00    -254.00    -254.00    
-252.00    -246.00    -250.00    -254.00    -256.00    -254.00    -252.00    -254.00    -256.00    -256.00    
-252.00    -246.00    -250.00    -254.00    -252.00    -254.00    -250.00    -254.00    -252.00    -256.00    
-248.00    -250.00    -252.00    -252.00    -250.00    -252.00    -252.00    -252.00    -254.00    -256.00    
-248.00    -250.00    -252.00    -250.00    -252.00    -254.00    -252.00    -252.00    -256.00    -254.00    
-250.00    -252.00    -254.00    -254.00    -254.00    -252.00    -254.00    -254.00    -256.00    -254.00    
-252.00    -252.00    -252.00    -250.00    -252.00    -252.00    -252.00    -254.00    -252.00    -254.00    
-246.00    -244.00    -256.00    -252.00    -254.00    -250.00    -254.00    -254.00    -254.00    -256.00    
-248.00    -250.00    -252.00    -252.00    -254.00    -256.00    -256.00    -256.00    -252.00    -256.00    
-246.00    -246.00    -256.00    -252.00    -252.00    -252.00    -256.00    -252.00    -256.00    -252.00    
-250.00    -250.00    -246.00    -252.00    -252.00    -254.00    -256.00    -252.00    -256.00    -254.00    
-246.00    -248.00    -244.00    -254.00    -252.00    -252.00    -254.00    -256.00    -256.00    -254.00    
-252.00    -248.00    -246.00    -248.00    -252.00    -250.00    -256.00    -254.00    -256.00    -256.00    
-244.00    -250.00    -250.00    -252.00    -252.00    -254.00    -254.00    -256.00    -252.00    -254.00    
-248.00    -254.00    -248.00    -254.00    -250.00    -256.00    -256.00    -254.00    -254.00    -254.00    
-250.00    -250.00    -250.00    -250.00    -252.00    -252.00    -254.00    -256.00    -254.00    -254.00    
-248.00    -248.00    -252.00    -252.00    -254.00    -252.00    -254.00    -254.00    -256.00    -254.00    
-244.00    -246.00    -248.00    -254.00    -254.00    -254.00    -252.00    -252.00    -254.00    -256.00    
-250.00    -254.00    -250.00    -254.00    -252.00    -252.00    -252.00    -252.00    -254.00    -256.00    
-250.00    -250.00    -252.00    -252.00    -250.00    -254.00    -254.00    -254.00    -256.00    -256.00    
-248.00    -246.00    -252.00    -250.00    -250.00    -250.00    -252.00    -256.00    -256.00    -254.00    
-248.00    -248.00    -252.00    -252.00    -252.00    -256.00    -256.00    -256.00    -254.00    -256.00    
-250.00    -252.00    -252.00    -256.00    -252.00    -254.00    -256.00    -250.00    -254.00    -256.00    
-248.00    -246.00    -252.00    -252.00    -250.00    -252.00    -254.00    -254.00    -256.00    -252.00    
-252.00    -252.00    -252.00    -252.00    -256.00    -250.00    -252.00    -250.00    -254.00    -252.00    
-252.00    -246.00    -250.00    -252.00    -252.00    -256.00    -256.00    -256.00    -254.00    -252.00    
-248.00    -250.00    -248.00    -250.00    -250.00    -252.00    -254.00    -252.00    -256.00    -256.00    
-248.00    -250.00    -252.00    -248.00    -254.00    -254.00    -252.00    -254.00    -254.00    -256.00    
-246.00    -252.00    -250.00    -246.00    -250.00    -252.00    -252.00    -254.00    -254.00    -256.00    
-248.00    -248.00    -250.00    -252.00    -252.00    -254.00    -254.00    -252.00    -256.00    -256.00    
-246.00    -246.00    -248.00    -250.00    -252.00    -252.00    -254.00    -256.00    -256.00    -256.00    
-246.00    -252.00    -250.00    -252.00    -252.00    -252.00    -254.00    -254.00    -256.00    -254.00    
-248.00    -250.00    -250.00    -252.00    -252.00    -254.00    -256.00    -256.00    -256.00    -256.00    
-252.00    -246.00    -252.00    -250.00    -252.00    -254.00    -254.00    -254.00    -256.00    -256.00    
-248.00    -250.00    -252.00    -252.00    -252.00    -256.00    -252.00    -254.00    -254.00    -256.00    
-244.00    -250.00    -252.00    -250.00    -254.00    -254.00    -250.00    -256.00    -252.00    -256.00    
-252.00    -254.00    -254.00    -254.00    -254.00    -254.00    -256.00    -254.00    -256.00    -254.00    
-246.00    -248.00    -248.00    -252.00    -254.00    -256.00    -256.00    -254.00    -256.00    -256.00    
-250.00    -252.00    -250.00    -252.00    -250.00    -254.00    -256.00    -254.00    -254.00    -254.00    
-246.00    -252.00    -250.00    -242.00    -250.00    -254.00    -256.00    -254.00    -256.00    -254.00    
-254.00    -244.00    -250.00    -248.00    -252.00    -254.00    -254.00    -254.00    -256.00    -256.00    
-248.00    -252.00    -248.00    -250.00    -250.00    -248.00    -250.00    -254.00    -254.00    -254.00    
-244.00    -252.00    -248.00    -252.00    -254.00    -254.00    -254.00    -252.00    -256.00    -256.00    
-250.00    -248.00    -252.00    -244.00    -254.00    -252.00    -250.00    -254.00    -252.00    -254.00    
-254.00    -250.00    -252.00    -250.00    -252.00    -250.00    -254.00    -254.00    -254.00    -254.00    
-248.00    -250.00    -246.00    -252.00    -252.00    -252.00    -256.00    -254.00    -256.00    -250.00    
-246.00    -250.00    -248.00    -252.00    -254.00    -256.00    -252.00    -252.00    -256.00    -254.00    
-250.00    -254.00    -246.00    -252.00    -254.00    -254.00    -252.00    -254.00    -256.00    -256.00    
-250.00    -242.00    -252.00    -252.00    -250.00    -250.00    -254.00    -256.00    -256.00    -254.00    
-248.00    -254.00    -248.00    -252.00    -250.00    -254.00    -254.00    -256.00    -252.00    -254.00    
-248.00    -248.00    -252.00    -256.00    -250.00    -254.00    -250.00    -254.00    -254.00    -252.00    
-252.00    -244.00    -250.00    -252.00    -250.00    -252.00    -256.00    -256.00    -256.00    -256.00    
-250.00    -250.00    -248.00    -252.00    -250.00    -250.00    -256.00    -252.00    -254.00    -254.00    
-244.00    -248.00    -252.00    -250.00    -252.00    -252.00    -252.00    -256.00    -254.00    -256.00    
-244.00    -248.00    -246.00    -250.00    -250.00    -252.00    -254.00    -254.00    -256.00    -256.00    
-248.00    -248.00    -254.00    -250.00    -252.00    -254.00    -254.00    -256.00    -250.00    -254.00    
-246.00    -246.00    -254.00    -256.00    -252.00    -254.00    -252.00    -254.00    -254.00    -256.00    
-252.00    -250.00    -252.00    -252.00    -248.00    -256.00    -252.00    -252.00    -256.00    -250.00    
-248.00    -250.00    -248.00    -250.00    -254.00    -252.00    -254.00    -252.00    -252.00    -254.00    
-250.00    -250.00    -246.00    -252.00    -248.00    -256.00    -248.00    -256.00    -256.00    -254.00    
-248.00    -250.00    -252.00    -252.00    -252.00    -254.00    -254.00    -256.00    -256.00    -256.00    
-246.00    -244.00    -248.00    -256.00    -252.00    -256.00    -250.00    -252.00    -250.00    -256.00    
-252.00    -246.00    -248.00    -250.00    -252.00    -254.00    -250.00    -254.00    -256.00    -256.00    
-240.00    -250.00    -248.00    -250.00    -250.00    -250.00    -250.00    -256.00    -254.00    -256.00    
-248.00    -244.00    -252.00    -254.00    -254.00    -252.00    -256.00    -256.00    -256.00    -256.00    
-242.00    -250.00    -246.00    -252.00    -252.00    -254.00    -256.00    -254.00    -256.00    -254.00    
-246.00    -248.00    -252.00    -250.00    -254.00    -254.00    -254.00    -256.00    -254.00    -254.00    
-246.00    -246.00    -252.00    -250.00    -254.00    -256.00    -252.00    -252.00    -254.00    -256.00    
-246.00    -252.00    -254.00    -250.00    -250.00    -256.00    -252.00    -256.00    -254.00    -254.00    
-250.00    -242.00    -254.00    -250.00    -254.00    -254.00    -252.00    -254.00    -254.00    -254.00    
-246.00    -252.00    -250.00    -252.00    -254.00    -256.00    -254.00    -254.00    -256.00    -254.00    
-254.00    -250.00    -252.00    -250.00    -256.00    -254.00    -256.00    -256.00    -252.00    -254.00    
-246.00    -250.00    -250.00    -250.00    -254.00    -250.00    -254.00    -256.00    -256.00    -252.00    
-248.00    -252.00    -252.00    -252.00    -254.00    -254.00    -250.00    -256.00    -252.00    -256.00    
-248.00    -248.00    -250.00    -252.00    -248.00    -252.00    -256.00    -254.00    -254.00    -256.00    
-252.00    -252.00    -250.00    -252.00    -250.00    -248.00    -250.00    -256.00    -256.00    -254.00    
-250.00    -252.00    -252.00    -248.00    -252.00    -254.00    -254.00    -256.00    -252.00    -256.00    
-248.00    -250.00    -254.00    -252.00    -252.00    -254.00    -254.00    -256.00    -256.00    -254.00    
-244.00    -248.00    -250.00    -246.00    -254.00    -254.00    -254.00    -250.00    -254.00    -254.00    
-252.00    -246.00    -246.00    -254.00    -256.00    -254.00    -254.00    -256.00    -254.00    -256.00    
-248.00    -250.00    -250.00    -252.00    -252.00    -256.00    -256.00    -254.00    -254.00    -254.00    
-244.00    -248.00    -254.00    -250.00    -252.00    -254.00    -254.00    -256.00    -256.00    -256.00    
-250.00    -248.00    -250.00    -254.00    -254.00    -254.00    -252.00    -256.00    -254.00    -256.00    
-248.00    -250.00    -250.00    -252.00    -254.00    -254.00    -252.00    -254.00    -254.00    -254.00    
-248.00    -252.00    -252.00    -248.00    -250.00    -254.00    -252.00    -252.00    -256.00    -256.00    
-248.00    -248.00    -248.00    -250.00    -252.00    -254.00    -256.00    -252.00    -254.00    -254.00    
-250.00    -248.00    -252.00    -252.00    -252.00    -252.00    -250.00    -254.00    -256.00    -256.00    
-246.00    -252.00    -248.00    -250.00    -254.00    -254.00    -252.00    -256.00    -254.00    -256.00    
-248.00    -250.00    -252.00    -250.00    -252.00    -252.00    -254.00    -252.00    -252.00    -256.00    
-244.00    -252.00    -250.00    -246.00    -254.00    -254.00    -256.00    -254.00    -254.00    -256.00    
-246.00    -248.00    -248.00    -254.00    -254.00    -252.00    -252.00    -254.00    -254.00    -252.00    
-246.00    -250.00    -254.00    -246.00    -254.00    -256.00    -252.00    -254.00    -254.00    -256.00    
-250.00    -252.00    -252.00    -254.00    -254.00    -252.00    -256.00    -252.00    -256.00    -254.00    
-250.00    -252.00    -250.00    -252.00    -254.00    -256.00    -252.00    -252.00    -254.00    -256.00    
-250.00    -250.00    -256.00    -250.00    -254.00    -254.00    -250.00    -256.00    -252.00    -256.00    
-246.00    -250.00    -250.00    -248.00    -252.00    -252.00    -252.00    -256.00    -254.00    -252.00    
-248.00    -252.00    -248.00    -248.00    -250.00    -254.00    -256.00    -252.00    -254.00    -256.00    
-246.00    -250.00    -246.00    -254.00    -250.00    -254.00    -250.00    -256.00    -254.00    -256.00    
-250.00    -252.00    -250.00    -254.00    -254.00    -254.00    -250.00    -256.00    -254.00    -254.00    
-252.00    -248.00    -252.00    -254.00    -254.00    -256.00    -256.00    -252.00    -256.00    -254.00    
-248.00    -246.00    -250.00    -252.00    -252.00    -252.00    -254.00    -256.00    -254.00    -256.00    
-252.00    -246.00    -254.00    -252.00    -252.00    -256.00    -254.00    -252.00    -256.00    -254.00    
-244.00    -246.00    -250.00    -254.00    -254.00    -252.00    -252.00    -254.00    -254.00    -256.00    
-244.00    -254.00    -252.00    -250.00    -256.00    -252.00    -252.00    -254.00    -256.00    -254.00    
-246.00    -248.00    -248.00    -254.00    -252.00    -254.00    -252.00    -254.00    -254.00    -254.00    
-246.00    -244.00    -248.00    -252.00    -252.00    -254.00    -256.00    -256.00    -254.00    -254.00    
-248.00    -252.00    -252.00    -252.00    -250.00    -254.00    -252.00    -256.00    -254.00    -256.00    
-246.00    -248.00    -244.00    -252.00    -250.00    -252.00    -256.00    -254.00    -254.00    -254.00    
-246.00    -248.00    -246.00    -252.00    -254.00    -250.00    -254.00    -250.00    -254.00    -254.00    
-244.00    -246.00    -254.00    -254.00    -254.00    -254.00    -256.00    -254.00    -256.00    -254.00    
-246.00    -248.00    -254.00    -250.00    -250.00    -252.00    -256.00    -254.00    -254.00    -256.00    
-252.00    -250.00    -252.00    -254.00    -252.00    -254.00    -256.00    -256.00    -254.00    -254.00    
-246.00    -250.00    -248.00    -252.00    -256.00    -250.00    -252.00    -252.00    -254.00    -256.00    
-246.00    -244.00    -250.00    -254.00    -254.00    -252.00    -254.00    -256.00    -256.00    -256.00    
-246.00    -246.00    -252.00    -252.00    -250.00    -248.00    -252.00    -256.00    -256.00    -254.00    
-250.00    -252.00    -246.00    -248.00    -254.00    -252.00    -252.00    -254.00    -254.00    -256.00    
-248.00    -248.00    -248.00    -252.00    -254.00    -254.00    -252.00    -252.00    -252.00    -252.00    
-248.00    -248.00    -252.00    -252.00    -254.00    -248.00    -256.00    -254.00    -254.00    -252.00    
-246.00    -248.00    -248.00    -252.00    -254.00    -254.00    -252.00    -254.00    -254.00    -256.00    
-246.00    -250.00    -254.00    -250.00    -252.00    -252.00    -254.00    -254.00    -254.00    -252.00    
-252.00    -250.00    -252.00    -250.00    -252.00    -254.00    -252.00    -254.00    -252.00    -254.00    
-244.00    -252.00    -250.00    -250.00    -256.00    -250.00    -252.00    -254.00    -254.00    -256.00    
-250.00    -246.00    -250.00    -252.00    -254.00    -252.00    -252.00    -254.00    -254.00    -256.00    
-246.00    -244.00    -250.00    -252.00    -254.00    -250.00    -250.00    -248.00    -256.00    -254.00    
-252.00    -252.00    -248.00    -250.00    -250.00    -254.00    -254.00    -256.00    -252.00    -256.00    
-246.00    -246.00    -246.00    -252.00    -250.00    -254.00    -252.00    -252.00    -256.00    -254.00    
-248.00    -242.00    -254.00    -252.00    -252.00    -250.00    -252.00    -256.00    -254.00    -254.00    
-250.00    -250.00    -250.00    -252.00    -252.00    -254.00    -254.00    -254.00    -250.00    -256.00    
-248.00    -244.00    -250.00    -252.00    -254.00    -254.00    -256.00    -252.00    -256.00    -256.00    
-248.00    -246.00    -250.00    -250.00    -252.00    -252.00    -252.00    -254.00    -256.00    -256.00    
-244.00    -250.00    -252.00    -250.00    -256.00    -254.00    -250.00    -254.00    -254.00    -254.00    
-250.00    -246.00    -254.00    -252.00    -252.00    -256.00    -252.00    -252.00    -256.00    -254.00    
-246.00    -250.00    -252.00    -252.00    -254.00    -254.00    -254.00    -252.00    -256.00    -254.00    
-250.00    -250.00    -250.00    -248.00    -254.00    -252.00    -252.00    -252.00    -254.00    -256.00    
-246.00    -248.00    -252.00    -252.00    -250.00    -254.00    -254.00    -254.00    -256.00    -254.00    
-246.00    -248.00    -248.00    -254.00    -252.00    -254.00    -252.00    -254.00    -252.00    -254.00    
-244.00    -252.00    -250.00    -248.00    -250.00    -254.00    -254.00    -256.00    -250.00    -256.00    
-246.00    -250.00    -246.00    -254.00    -256.00    -254.00    -254.00    -254.00    -254.00    -254.00    
-246.00    -256.00    -250.00    -250.00    -252.00    -254.00    -254.00    -254.00    -254.00    -254.00    
-248.00    -250.00    -250.00    -250.00    -254.00    -252.00    -256.00    -256.00    -256.00    -254.00    
-252.00    -244.00    -252.00    -246.00    -254.00    -254.00    -256.00    -250.00    -256.00    -254.00    
-244.00    -246.00    -252.00    -252.00    -256.00    -252.00    -256.00    -254.00    -254.00    -256.00    
-250.00    -250.00    -246.00    -254.00    -252.00    -250.00    -256.00    -254.00    -256.00    -254.00    
-248.00    -250.00    -248.00    -252.00    -250.00    -250.00    -254.00    -256.00    -254.00    -256.00    
-246.00    -254.00    -252.00    -254.00    -252.00    -254.00    -256.00    -252.00    -254.00    -256.00    
-250.00    -248.00    -252.00    -254.00    -250.00    -254.00    -256.00    -254.00    -256.00    -254.00    
-252.00    -248.00    -252.00    -252.00    -252.00    -256.00    -256.00    -254.00    -252.00    -256.00    
-248.00    -252.00    -246.00    -252.00    -254.00    -250.00    -254.00    -254.00    -252.00    -256.00    
-248.00    -250.00    -252.00    -252.00    -254.00    -254.00    -254.00    -256.00    -254.00    -254.00    
-246.00    -254.00    -254.00    -246.00    -248.00    -254.00    -256.00    -254.00    -254.00    -254.00    
-254.00    -252.00    -256.00    -248.00    -250.00    -252.00    -256.00    -256.00    -254.00    -254.00    
-250.00    -248.00    -244.00    -254.00    -252.00    -252.00    -254.00    -254.00    -256.00    -254.00    
-246.00    -248.00    -250.00    -252.00    -256.00    -254.00    -252.00    -254.00    -256.00    -256.00    
-248.00    -246.00    -252.00    -252.00    -252.00    -252.00    -256.00    -256.00    -252.00    -256.00    
-246.00    -254.00    -254.00    -250.00    -248.00    -252.00    -252.00    -252.00    -256.00    -254.00    
-252.00    -246.00    -248.00    -252.00    -254.00    -250.00    -250.00    -256.00    -256.00    -254.00    
-244.00    -248.00    -248.00    -254.00    -250.00    -252.00    -254.00    -256.00    -256.00    -252.00    
-250.00    -248.00    -252.00    -250.00    -256.00    -252.00    -256.00    -252.00    -254.00    -254.00    
-250.00    -248.00    -250.00    -252.00    -252.00    -254.00    -248.00    -256.00    -254.00    -254.00    
-248.00    -252.00    -246.00    -250.00    -250.00    -250.00    -254.00    -254.00    -250.00    -254.00    
-246.00    -248.00    -254.00    -250.00    -254.00    -254.00    -254.00    -254.00    -256.00    -256.00    
-246.00    -248.00    -250.00    -254.00    -252.00    -252.00    -252.00    -256.00    -250.00    -256.00    
-250.00    -248.00    -252.00    -252.00    -256.00    -252.00    -254.00    -256.00    -252.00    -256.00    
-248.00    -252.00    -252.00    -256.00    -254.00    -256.00    -254.00    -252.00    -256.00    -256.00    
-250.00    -252.00    -248.00    -250.00    -252.00    -252.00    -254.00    -254.00    -254.00    -256.00    
-252.00    -248.00    -252.00    -252.00    -252.00    -252.00    -252.00    -252.00    -254.00    -256.00    
-242.00    -252.00    -246.00    -250.00    -252.00    -252.00    -256.00    -252.00    -256.00    -254.00    
-246.00    -252.00    -250.00    -254.00    -250.00    -250.00    -250.00    -256.00    -256.00    -254.00    
-248.00    -250.00    -248.00    -248.00    -250.00    -254.00    -250.00    -256.00    -252.00    -256.00    
-250.00    -248.00    -250.00    -254.00    -252.00    -254.00    -254.00    -254.00    -256.00    -256.00    
-246.00    -248.00    -250.00    -254.00    -252.00    -250.00    -254.00    -252.00    -256.00    -254.00    
-250.00    -248.00    -252.00    -250.00    -252.00    -252.00    -254.00    -256.00    -256.00    -256.00    
-250.00    -246.00    -252.00    -254.00    -252.00    -254.00    -254.00    -256.00    -254.00    -256.00    
-248.00    -252.00    -246.00    -250.00    -256.00    -254.00    -254.00    -254.00    -256.00    -256.00    
-252.00    -248.00    -250.00    -252.00    -254.00    -252.00    -252.00    -254.00    -256.00    -254.00    
-252.00    -242.00    -250.00    -248.00    -254.00    -254.00    -252.00    -256.00    -256.00    -256.00    
-248.00    -250.00    -248.00    -252.00    -248.00    -254.00    -254.00    -256.00    -256.00    -256.00    
-248.00    -248.00    -250.00    -254.00    -250.00    -252.00    -254.00    -256.00    -256.00    -256.00    
-252.00    -246.00    -254.00    -252.00    -254.00    -254.00    -254.00    -254.00    -256.00    -252.00    
-248.00    -248.00    -246.00    -252.00    -248.00    -254.00    -254.00    -254.00    -256.00    -256.00    
-250.00    -252.00    -254.00    -254.00    -256.00    -256.00    -254.00    -256.00    -252.00    -252.00    
-252.00    -244.00    -254.00    -250.00    -252.00    -254.00    -254.00    -252.00    -256.00    -254.00    
-248.00    -250.00    -248.00    -252.00    -252.00    -252.00    -252.00    -252.00    -254.00    -256.00    
-248.00    -252.00    -250.00    -252.00    -252.00    -252.00    -252.00    -254.00    -256.00    -256.00    
-246.00    -252.00    -254.00    -248.00    -250.00    -254.00    -254.00    -254.00    -254.00    -254.00    
-250.00    -250.00    -252.00    -254.00    -254.00    -252.00    -254.00    -250.00    -256.00    -256.00    
-244.00    -252.00    -252.00    -254.00    -252.00    -254.00    -256.00    -256.00    -256.00    -256.00    
-250.00    -246.00    -248.00    -252.00    -252.00    -252.00    -254.00    -254.00    -254.00    -254.00    
-246.00    -250.00    -250.00    -246.00    -250.00    -254.00    -252.00    -254.00    -256.00    -254.00    
-246.00    -246.00    -250.00    -248.00    -250.00    -256.00    -254.00    -252.00    -254.00    -254.00    
-248.00    -250.00    -252.00    -252.00    -254.00    -252.00    -256.00    -254.00    -256.00    -254.00    
-248.00    -248.00    -256.00    -254.00    -252.00    -254.00    -254.00    -256.00    -254.00    -256.00    
-250.00    -242.00    -252.00    -248.00    -254.00    -254.00    -254.00    -254.00    -256.00    -252.00    
-244.00    -246.00    -250.00    -250.00    -252.00    -252.00    -252.00    -256.00    -256.00    -254.00    
-248.00    -250.00    -248.00    -248.00    -252.00    -252.00    -250.00    -254.00    -256.00    -254.00    
-252.00    -252.00    -248.00    -246.00    -250.00    -252.00    -256.00    -256.00    -254.00    -256.00    
-250.00    -250.00    -246.00    -254.00    -250.00    -254.00    -252.00    -254.00    -254.00    -256.00    
-252.00    -252.00    -252.00    -250.00    -252.00    -254.00    -254.00    -252.00    -256.00    -256.00    
-246.00    -248.00    -250.00    -250.00    -254.00    -256.00    -256.00    -254.00    -254.00    -256.00    
-246.00    -250.00    -250.00    -252.00    -248.00    -254.00    -250.00    -256.00    -254.00    -256.00    
-244.00    -246.00    -250.00    -252.00    -254.00    -250.00    -250.00    -252.00    -250.00    -256.00    
-248.00    -252.00    -248.00    -246.00    -250.00    -256.00    -256.00    -254.00    -252.00    -254.00    
-248.00    -246.00    -250.00    -248.00    -250.00    -250.00    -254.00    -250.00    -256.00    -256.00    
-248.00    -248.00    -248.00    -250.00    -250.00    -256.00    -254.00    -256.00    -256.00    -256.00    
-246.00    -248.00    -250.00    -252.00    -252.00    -256.00    -254.00    -252.00    -256.00    -254.00    
-246.00    -248.00    -250.00    -248.00    -250.00    -254.00    -254.00    -254.00    -254.00    -256.00    
-248.00    -256.00    -248.00    -250.00    -254.00    -250.00    -256.00    -254.00    -256.00    -254.00    
-248.00    -252.00    -252.00    -252.00    -250.00    -254.00    -254.00    -254.00    -256.00    -252.00    
-248.00    -252.00    -248.00    -254.00    -250.00    -252.00    -254.00    -250.00    -256.00    -256.00    
-248.00    -248.00    -254.00    -252.00    -252.00    -256.00    -256.00    -256.00    -254.00    -256.00    
-246.00    -248.00    -252.00    -252.00    -252.00    -254.00    -252.00    -256.00    -254.00    -254.00    
-246.00    -248.00    -256.00    -250.00    -252.00    -254.00    -254.00    -252.00    -256.00    -252.00    
-252.00    -248.00    -250.00    -252.00    -252.00    -256.00    -252.00    -254.00    -256.00    -256.00    
-244.00    -252.00    -248.00    -252.00    -252.00    -256.00    -254.00    -254.00    -254.00    -256.00    
-246.00    -250.00    -250.00    -254.00    -252.00    -252.00    -254.00    -256.00    -254.00    -254.00    
-252.00    -250.00    -250.00    -250.00    -248.00    -254.00    -252.00    -252.00    -254.00    -256.00    
-250.00    -246.00    -250.00    -252.00    -250.00    -256.00    -252.00    -254.00    -256.00    -254.00    
-244.00    -254.00    -250.00    -254.00    -248.00    -256.00    -252.00    -256.00    -254.00    -256.00    
-244.00    -246.00    -254.00    -252.00    -250.00    -252.00    -254.00    -256.00    -256.00    -254.00    
-248.00    -250.00    -250.00    -254.00    -252.00    -252.00    -250.00    -252.00    -256.00    -252.00    
-246.00    -250.00    -254.00    -250.00    -248.00    -254.00    -254.00    -250.00    -256.00    -254.00    
-244.00    -250.00    -248.00    -252.00    -252.00    -250.00    -254.00    -254.00    -256.00    -254.00    
-248.00    -252.00    -254.00    -250.00    -252.00    -252.00    -252.00    -252.00    -254.00    -256.00    
-250.00    -248.00    -250.00    -252.00    -248.00    -254.00    -254.00    -254.00    -254.00    -256.00    
-248.00    -246.00    -248.00    -250.00    -256.00    -252.00    -256.00    -254.00    -254.00    -256.00    
-252.00    -248.00    -250.00    -250.00    -250.00    -256.00    -254.00    -254.00    -256.00    -254.00    
-250.00    -254.00    -248.00    -250.00    -248.00    -256.00    -250.00    -252.00    -256.00    -256.00    
-242.00    -248.00    -252.00    -246.00    -252.00    -252.00    -252.00    -254.00    -254.00    -252.00    
-250.00    -246.00    -254.00    -252.00    -250.00    -256.00    -256.00    -254.00    -254.00    -256.00    
-246.00    -250.00    -250.00    -254.00    -254.00    -254.00    -254.00    -252.00    -256.00    -254.00    
-244.00    -252.00    -250.00    -250.00    -254.00    -256.00    -256.00    -252.00    -256.00    -256.00    
-250.00    -250.00    -252.00    -252.00    -250.00    -254.00    -256.00    -252.00    -254.00    -256.00    
-248.00    -248.00    -252.00    -248.00    -252.00    -254.00    -254.00    -254.00    -252.00    -254.00    
-252.00    -246.00    -252.00    -250.00    -254.00    -254.00    -256.00    -248.00    -254.00    -256.00    
-246.00    -250.00    -254.00    -252.00    -252.00    -252.00    -254.00    -254.00    -254.00    -254.00    
-248.00    -252.00    -252.00    -250.00    -248.00    -252.00    -252.00    -252.00    -252.00    -256.00    
-250.00    -248.00    -250.00    -254.00    -254.00    -248.00    -252.00    -254.00    -256.00    -256.00    
-250.00    -246.00    -246.00    -254.00    -252.00    -254.00    -256.00    -252.00    -256.00    -254.00    
-244.00    -252.00    -250.00    -248.00    -254.00    -254.00    -252.00    -256.00    -250.00    -254.00    
-246.00    -246.00    -250.00    -254.00    -254.00    -250.00    -254.00    -254.00    -254.00    -256.00    
-248.00    -254.00    -248.00    -254.00    -250.00    -248.00    -256.00    -256.00    -256.00    -256.00    
-250.00    -246.00    -252.00    -248.00    -250.00    -252.00    -256.00    -254.00    -252.00    -256.00    
-254.00    -252.00    -250.00    -254.00    -254.00    -252.00    -254.00    -254.00    -252.00    -256.00    
-248.00    -254.00    -252.00    -250.00    -254.00    -254.00    -256.00    -254.00    -254.00    -256.00    
-246.00    -252.00    -252.00    -256.00    -254.00    -254.00    -252.00    -256.00    -256.00    -256.00    
-244.00    -250.00    -248.00    -254.00    -250.00    -254.00    -254.00    -252.00    -254.00    -254.00    
-254.00    -252.00    -252.00    -246.00    -252.00    -252.00    -254.00    -256.00    -254.00    -252.00    
-248.00    -242.00    -252.00    -248.00    -254.00    -252.00    -252.00    -254.00    -256.00    -254.00    
-252.00    -250.00    -250.00    -248.00    -250.00    -250.00    -256.00    -256.00    -250.00    -256.00    
-244.00    -250.00    -252.00    -252.00    -250.00    -254.00    -256.00    -256.00    -254.00    -256.00    
-252.00    -254.00    -250.00    -248.00    -250.00    -254.00    -252.00    -252.00    -254.00    -256.00    
-242.00    -250.00    -252.00    -252.00    -250.00    -254.00    -254.00    -254.00    -256.00    -256.00    
-252.00    -248.00    -248.00    -252.00    -250.00    -252.00    -252.00    -254.00    -254.00    -256.00    
-250.00    -250.00    -252.00    -252.00    -248.00    -252.00    -252.00    -254.00    -256.00    -256.00    
-248.00    -250.00    -252.00    -248.00    -254.00    -250.00    -254.00    -254.00    -256.00    -256.00    
-252.00    -244.00    -252.00    -254.00    -252.00    -252.00    -250.00    -254.00    -254.00    -254.00    
-252.00    -252.00    -254.00    -250.00    -254.00    -256.00    -254.00    -254.00    -256.00    -256.00    
-244.00    -250.00    -250.00    -250.00    -254.00    -252.00    -254.00    -256.00    -254.00    -256.00    
-248.00    -250.00    -250.00    -252.00    -250.00    -252.00    -252.00    -252.00    -252.00    -256.00    
-248.00    -250.00    -254.00    -252.00    -254.00    -254.00    -254.00    -254.00    -254.00    -256.00    
-244.00    -252.00    -252.00    -254.00    -250.00    -254.00    -254.00    -254.00    -254.00    -252.00    
-250.00    -250.00    -250.00    -254.00    -254.00    -252.00    -254.00    -252.00    -256.00    -254.00    
-242.00    -248.00    -250.00    -256.00    -252.00    -252.00    -250.00    -254.00    -254.00    -254.00    
-246.00    -248.00    -248.00    -254.00    -254.00    -254.00    -252.00    -252.00    -256.00    -252.00    
-250.00    -248.00    -250.00    -250.00    -252.00    -252.00    -252.00    -254.00    -256.00    -254.00    
-248.00    -246.00    -252.00    -252.00    -250.00    -256.00    -254.00    -256.00    -254.00    -256.00    
-246.00    -244.00    -244.00    -252.00    -256.00    -254.00    -256.00    -256.00    -256.00    -254.00    
-248.00    -250.00    -250.00    -252.00    -250.00    -254.00    -252.00    -252.00    -256.00    -252.00    
-246.00    -248.00    -254.00    -248.00    -248.00    -250.00    -254.00    -254.00    -256.00    -254.00    
-246.00    -252.00    -252.00    -250.00    -254.00    -252.00    -252.00    -256.00    -252.00    -256.00    
-248.00    -252.00    -250.00    -250.00    -252.00    -254.00    -256.00    -256.00    -254.00    -254.00    
-246.00    -250.00    -252.00    -254.00    -254.00    -256.00    -250.00    -254.00    -252.00    -254.00    
-248.00    -246.00    -246.00    -252.00    -252.00    -252.00    -252.00    -256.00    -252.00    -256.00    
-250.00    -252.00    -250.00    -250.00    -254.00    -254.00    -250.00    -252.00    -256.00    -256.00    
-248.00    -252.00    -252.00    -248.00    -252.00    -254.00    -252.00    -254.00    -254.00    -254.00    
-242.00    -252.00    -254.00    -246.00    -252.00    -248.00    -252.00    -254.00    -256.00    -254.00    
-248.00    -248.00    -252.00    -250.00    -252.00    -254.00    -252.00    -250.00    -250.00    -254.00    
-248.00    -248.00    -244.00    -252.00    -252.00    -250.00    -256.00    -252.00    -256.00    -256.00    
-248.00    -246.00    -250.00    -252.00    -250.00    -254.00    -256.00    -252.00    -254.00    -256.00    
-250.00    -248.00    -248.00    -254.00    -252.00    -250.00    -254.00    -250.00    -254.00    -250.00    
-250.00    -248.00    -250.00    -250.00    -254.00    -252.00    -254.00    -256.00    -256.00    -256.00    
-252.00    -246.00    -254.00    -254.00    -252.00    -252.00    -254.00    -256.00    -254.00    -256.00    
-244.00    -248.00    -252.00    -248.00    -254.00    -252.00    -256.00    -256.00    -256.00    -254.00    
-248.00    -246.00    -246.00    -252.00    -252.00    -254.00    -254.00    -256.00    -256.00    -254.00    
-250.00    -250.00    -252.00    -248.00    -250.00    -250.00    -256.00    -254.00    -250.00    -256.00    
-246.00    -244.00    -250.00    -250.00    -252.00    -250.00    -254.00    -254.00    -256.00    -256.00    
-248.00    -248.00    -242.00    -252.00    -256.00    -252.00    -254.00    -256.00    -254.00    -254.00    
-244.00    -248.00    -252.00    -252.00    -252.00    -254.00    -254.00    -254.00    -256.00    -256.00    
-242.00    -248.00    -254.00    -252.00    -256.00    -252.00    -254.00    -252.00    -256.00    -256.00    
-254.00    -250.00    -252.00    -254.00    -252.00    -250.00    -250.00    -252.00    -256.00    -256.00    
-248.00    -248.00    -254.00    -250.00    -254.00    -252.00    -252.00    -256.00    -254.00    -254.00    
-246.00    -246.00    -252.00    -250.00    -252.00    -252.00    -250.00    -256.00    -254.00    -256.00    
-242.00    -252.00    -250.00    -252.00    -250.00    -254.00    -252.00    -252.00    -252.00    -254.00    
-248.00    -250.00    -254.00    -248.00    -254.00    -252.00    -256.00    -254.00    -254.00    -254.00    
-252.00    -248.00    -248.00    -250.00    -252.00    -248.00    -252.00    -254.00    -254.00    -254.00    
-250.00    -250.00    -254.00    -252.00    -250.00    -254.00    -254.00    -254.00    -256.00    -254.00    
-240.00    -248.00    -252.00    -250.00    -252.00    -254.00    -254.00    -254.00    -250.00    -256.00    
-248.00    -250.00    -250.00    -252.00    -250.00    -254.00    -254.00    -252.00    -256.00    -256.00    
-252.00    -248.00    -250.00    -252.00    -252.00    -256.00    -254.00    -254.00    -256.00    -256.00    
-248.00    -250.00    -248.00    -252.00    -252.00    -254.00    -254.00    -252.00    -254.00    -254.00    
-250.00    -248.00    -250.00    -252.00    -250.00    -256.00    -256.00    -254.00    -256.00    -254.00    
-246.00    -252.00    -250.00    -248.00    -254.00    -252.00    -252.00    -256.00    -254.00    -254.00    
-248.00    -252.00    -254.00    -254.00    -248.00    -254.00    -252.00    -256.00    -254.00    -256.00    
-248.00    -254.00    -254.00    -254.00    -248.00    -250.00    -256.00    -254.00    -254.00    -256.00    
-244.00    -250.00    -250.00    -252.00    -252.00    -254.00    -252.00    -254.00    -256.00    -256.00    
-252.00    -248.00    -256.00    -252.00    -250.00    -254.00    -256.00    -256.00    -254.00    -254.00    
-250.00    -250.00    -250.00    -250.00    -256.00    -254.00    -252.00    -256.00    -252.00    -254.00    
-250.00    -250.00    -248.00    -250.00    -250.00    -254.00    -252.00    -254.00    -256.00    -252.00    
-248.00    -252.00    -252.00    -254.00    -244.00    -252.00    -254.00    -256.00    -256.00    -256.00    
-252.00    -250.00    -250.00    -250.00    -254.00    -252.00    -252.00    -252.00    -256.00    -254.00    
-246.00    -248.00    -248.00    -250.00    -254.00    -250.00    -254.00    -256.00    -254.00    -254.00    
-250.00    -248.00    -250.00    -250.00    -254.00    -250.00    -250.00    -256.00    -254.00    -256.00    
-248.00    -250.00    -248.00    -252.00    -252.00    -256.00    -254.00    -252.00    -256.00    -254.00    
-248.00    -256.00    -250.00    -254.00    -250.00    -254.00    -254.00    -252.00    -254.00    -254.00    
-252.00    -250.00    -248.00    -254.00    -254.00    -254.00    -254.00    -254.00    -252.00    -256.00    
-250.00    -252.00    -250.00    -254.00    -252.00    -252.00    -250.00    -254.00    -256.00    -256.00    
-248.00    -248.00    -250.00    -252.00    -254.00    -256.00    -250.00    -252.00    -256.00    -256.00    
-250.00    -250.00    -250.00    -254.00    -248.00    -252.00    -254.00    -254.00    -256.00    -256.00    
-250.00    -248.00    -254.00    -250.00    -252.00    -256.00    -252.00    -252.00    -254.00    -254.00    
-244.00    -250.00    -250.00    -254.00    -250.00    -252.00    -254.00    -256.00    -256.00    -252.00    
-242.00    -250.00    -248.00    -252.00    -252.00    -250.00    -256.00    -252.00    -254.00    -256.00    
-250.00    -244.00    -250.00    -252.00    -252.00    -254.00    -254.00    -256.00    -256.00    -254.00    
-246.00    -250.00    -252.00    -252.00    -252.00    -252.00    -252.00    -252.00    -254.00    -254.00    
-248.00    -246.00    -252.00    -256.00    -250.00    -254.00    -250.00    -254.00    -256.00    -256.00    
-246.00    -248.00    -256.00    -250.00    -250.00    -250.00    -252.00    -254.00    -256.00    -256.00    
-248.00    -250.00    -248.00    -250.00    -252.00    -252.00    -252.00    -254.00    -256.00    -256.00    
-252.00    -254.00    -252.00    -254.00    -252.00    -252.00    -256.00    -254.00    -254.00    -254.00    
-250.00    -250.00    -250.00    -252.00    -254.00    -254.00    -250.00    -254.00    -256.00    -256.00    
-248.00    -246.00    -250.00    -252.00    -254.00    -252.00    -256.00    -254.00    -256.00    -254.00    
-244.00    -252.00    -252.00    -248.00    -252.00    -252.00    -254.00    -256.00    -256.00    -256.00    
-246.00    -248.00    -248.00    -250.00    -246.00    -250.00    -252.00    -256.00    -256.00    -254.00    
-252.00    -252.00    -250.00    -248.00    -254.00    -254.00    -250.00    -256.00    -256.00    -256.00    
-252.00    -244.00    -250.00    -252.00    -250.00    -254.00    -254.00    -252.00    -256.00    -254.00    
-246.00    -248.00    -252.00    -252.00    -254.00    -254.00    -250.00    -256.00    -256.00    -252.00    
