-372.00    -378.00    -378.00    -376.00    -378.00    -378.00    
-376.00    -376.00    -374.00    -376.00    -378.00    -378.00    
-370.00    -378.00    -378.00    -376.00    -378.00    -376.00    
-372.00    -372.00    -376.00    -378.00    -376.00    -374.00    
-374.00    -374.00    -370.00    -372.00    -372.00    -376.00    
-374.00    -378.00    -374.00    -378.00    -376.00    -376.00    
-376.00    -370.00    -378.00    -378.00    -376.00    -378.00    
-372.00    -376.00    -372.00    -372.00    -376.00    -378.00    
-376.00    -374.00    -374.00    -378.00    -378.00    -378.00    
-376.00    -374.00    -378.00    -376.00    -376.00    -374.00    
-376.00    -370.00    -378.00    -376.00    -370.00    -374.00    
-374.00    -374.00    -372.00    -370.00    -374.00    -378.00    
-372.00    -370.00    -378.00    -376.00    -374.00    -378.00    
-372.00    -376.00    -370.00    -378.00    -378.00    -376.00    
-368.00    -370.00    -374.00    -374.00    -374.00    -374.00    
-372.00    -378.00    -378.00    -374.00    -376.00    -378.00    
-376.00    -376.00    -376.00    -376.00    -376.00    -374.00    
-366.00    -372.00    -376.00    -374.00    -378.00    -376.00    
-374.00    -366.00    -376.00    -378.00    -378.00    -376.00    
-376.00    -370.00    -374.00    -378.00    -376.00    -374.00    
-372.00    -372.00    -376.00    -370.00    -376.00    -376.00    
-370.00    -376.00    -372.00    -376.00    -376.00    -378.00    
-376.00    -378.00    -376.00    -376.00    -372.00    -378.00    
-374.00    -374.00    -376.00    -376.00    -376.00    -378.00    
-372.00    -374.00    -370.00    -376.00    -378.00    -376.00    
-374.00    -374.00    -374.00    -374.00    -378.00    -376.00    
-370.00    -370.00    -378.00    -378.00    -376.00    -378.00    
-372.00    -374.00    -376.00    -378.00    -378.00    -372.00    
-374.00    -378.00    -378.00    -376.00    -370.00    -378.00    
-374.00    -378.00    -376.00    -378.00    -378.00    -372.00    
-376.00    -376.00    -376.00    -378.00    -376.00    -378.00    
-374.00    -374.00    -374.00    -370.00    -378.00    -378.00    
-372.00    -376.00    -376.00    -376.00    -376.00    -378.00    
-376.00    -376.00    -374.00    -376.00    -378.00    -374.00    
-376.00    -374.00    -374.00    -372.00    -378.00    -378.00    
-374.00    -374.00    -372.00    -378.00    -374.00    -376.00    
-372.00    -374.00    -376.00    -376.00    -378.00    -378.00    
-372.00    -372.00    -370.00    -376.00    -378.00    -378.00    
-378.00    -372.00    -378.00    -378.00    -376.00    -374.00    
-374.00    -366.00    -376.00    -374.00    -376.00    -374.00    
-372.00    -374.00    -374.00    -368.00    -374.00    -376.00    
-374.00    -374.00    -376.00    -374.00    -376.00    -376.00    
-378.00    -376.00    -372.00    -376.00    -376.00    -378.00    
-374.00    -374.00    -376.00    -374.00    -378.00    -378.00    
-372.00    -378.00    -378.00    -378.00    -376.00    -376.00    
-374.00    -376.00    -378.00    -378.00    -372.00    -374.00    
-368.00    -370.00    -376.00    -378.00    -378.00    -378.00    
-374.00    -376.00    -378.00    -378.00    -378.00    -378.00    
-378.00    -368.00    -374.00    -376.00    -374.00    -378.00    
-374.00    -372.00    -376.00    -376.00    -376.00    -376.00    
-376.00    -376.00    -372.00    -372.00    -376.00    -378.00    
-368.00    -372.00    -374.00    -374.00    -376.00    -378.00    
-370.00    -372.00    -376.00    -374.00    -374.00    -378.00    
-370.00    -374.00    -372.00    -378.00    -372.00    -374.00    
-372.00    -376.00    -376.00    -374.00    -376.00    -376.00    
-376.00    -376.00    -374.00    -378.00    -376.00    -378.00    
-374.00    -374.00    -374.00    -372.00    -378.00    -374.00    
-372.00    -374.00    -376.00    -378.00    -376.00    -376.00    
-372.00    -376.00    -376.00    -378.00    -378.00    -372.00    
-376.00    -374.00    -374.00    -372.00    -378.00    -378.00    
