-19026.00  -19038.00  -19062.00  -19074.00  -19094.00  -19092.00  -19090.00  -19098.00  -19108.00  -19102.00  
-19016.00  -19046.00  -19046.00  -19074.00  -19080.00  -19088.00  -19092.00  -19098.00  -19106.00  -19110.00  
-19030.00  -19032.00  -19064.00  -19078.00  -19082.00  -19098.00  -19102.00  -19102.00  -19100.00  -19106.00  
-18988.00  -19024.00  -19050.00  -19068.00  -19076.00  -19090.00  -19100.00  -19104.00  -19102.00  -19106.00  
-18992.00  -19032.00  -19046.00  -19062.00  -19088.00  -19086.00  -19088.00  -19106.00  -19104.00  -19108.00  
-19004.00  -19030.00  -19054.00  -19066.00  -19084.00  -19086.00  -19100.00  -19106.00  -19104.00  -19108.00  
-18974.00  -19042.00  -19062.00  -19060.00  -19084.00  -19094.00  -19104.00  -19102.00  -19108.00  -19106.00  
-19024.00  -19068.00  -19052.00  -19084.00  -19082.00  -19098.00  -19090.00  -19098.00  -19108.00  -19104.00  
-19010.00  -19034.00  -19056.00  -19068.00  -19080.00  -19084.00  -19094.00  -19096.00  -19106.00  -19104.00  
-18998.00  -19038.00  -19052.00  -19066.00  -19076.00  -19086.00  -19098.00  -19102.00  -19104.00  -19112.00  
-18994.00  -19032.00  -19062.00  -19076.00  -19078.00  -19098.00  -19102.00  -19102.00  -19108.00  -19106.00  
-19012.00  -19038.00  -19064.00  -19068.00  -19076.00  -19092.00  -19100.00  -19098.00  -19106.00  -19110.00  
-19004.00  -19038.00  -19056.00  -19056.00  -19082.00  -19086.00  -19096.00  -19100.00  -19106.00  -19110.00  
-19020.00  -19040.00  -19078.00  -19068.00  -19076.00  -19088.00  -19090.00  -19098.00  -19106.00  -19108.00  
-19014.00  -19036.00  -19046.00  -19080.00  -19096.00  -19094.00  -19102.00  -19092.00  -19100.00  -19110.00  
-19022.00  -19052.00  -19044.00  -19058.00  -19094.00  -19108.00  -19096.00  -19092.00  -19108.00  -19106.00  
-19036.00  -19040.00  -19030.00  -19056.00  -19082.00  -19100.00  -19090.00  -19104.00  -19102.00  -19106.00  
-18992.00  -19040.00  -19056.00  -19062.00  -19084.00  -19100.00  -19100.00  -19096.00  -19094.00  -19104.00  
-19014.00  -19060.00  -19058.00  -19066.00  -19100.00  -19084.00  -19100.00  -19094.00  -19108.00  -19110.00  
-19014.00  -19036.00  -19062.00  -19066.00  -19084.00  -19096.00  -19094.00  -19098.00  -19102.00  -19102.00  
-19000.00  -19046.00  -19076.00  -19072.00  -19078.00  -19102.00  -19102.00  -19090.00  -19106.00  -19102.00  
-19022.00  -19042.00  -19058.00  -19082.00  -19080.00  -19088.00  -19100.00  -19104.00  -19104.00  -19110.00  
-18996.00  -19022.00  -19058.00  -19074.00  -19082.00  -19092.00  -19100.00  -19104.00  -19108.00  -19106.00  
-19032.00  -19052.00  -19044.00  -19070.00  -19080.00  -19086.00  -19098.00  -19106.00  -19106.00  -19110.00  
-18968.00  -19042.00  -19068.00  -19080.00  -19088.00  -19102.00  -19108.00  -19106.00  -19106.00  -19112.00  
-19002.00  -19050.00  -19074.00  -19088.00  -19076.00  -19086.00  -19102.00  -19098.00  -19110.00  -19108.00  
-19028.00  -19034.00  -19068.00  -19068.00  -19092.00  -19086.00  -19102.00  -19092.00  -19104.00  -19112.00  
-18984.00  -19030.00  -19056.00  -19074.00  -19086.00  -19090.00  -19096.00  -19098.00  -19108.00  -19104.00  
-19012.00  -19052.00  -19064.00  -19072.00  -19088.00  -19080.00  -19100.00  -19098.00  -19108.00  -19108.00  
-18992.00  -19034.00  -19052.00  -19064.00  -19070.00  -19100.00  -19092.00  -19108.00  -19106.00  -19108.00  
-18996.00  -19036.00  -19076.00  -19076.00  -19098.00  -19098.00  -19102.00  -19096.00  -19100.00  -19104.00  
-19016.00  -19032.00  -19046.00  -19074.00  -19088.00  -19088.00  -19094.00  -19104.00  -19102.00  -19106.00  
-19004.00  -19044.00  -19048.00  -19074.00  -19074.00  -19078.00  -19104.00  -19094.00  -19104.00  -19106.00  
-19036.00  -19018.00  -19042.00  -19066.00  -19080.00  -19098.00  -19104.00  -19096.00  -19104.00  -19104.00  
-19000.00  -19026.00  -19064.00  -19078.00  -19088.00  -19092.00  -19096.00  -19104.00  -19110.00  -19106.00  
-18980.00  -19026.00  -19046.00  -19064.00  -19086.00  -19098.00  -19104.00  -19094.00  -19110.00  -19108.00  
-18974.00  -19018.00  -19052.00  -19060.00  -19090.00  -19088.00  -19092.00  -19094.00  -19102.00  -19110.00  
-18992.00  -19032.00  -19054.00  -19074.00  -19080.00  -19082.00  -19108.00  -19090.00  -19112.00  -19110.00  
-18986.00  -19036.00  -19042.00  -19064.00  -19086.00  -19092.00  -19092.00  -19102.00  -19104.00  -19108.00  
-19008.00  -19026.00  -19040.00  -19072.00  -19076.00  -19098.00  -19100.00  -19102.00  -19098.00  -19110.00  
-18982.00  -19024.00  -19028.00  -19070.00  -19090.00  -19096.00  -19094.00  -19104.00  -19108.00  -19108.00  
-19004.00  -19028.00  -19048.00  -19074.00  -19090.00  -19092.00  -19102.00  -19102.00  -19102.00  -19108.00  
-18978.00  -19046.00  -19040.00  -19078.00  -19090.00  -19082.00  -19096.00  -19102.00  -19102.00  -19106.00  
-19024.00  -19026.00  -19062.00  -19070.00  -19072.00  -19100.00  -19090.00  -19094.00  -19104.00  -19110.00  
-19002.00  -19036.00  -19052.00  -19068.00  -19086.00  -19096.00  -19098.00  -19110.00  -19100.00  -19106.00  
-19012.00  -19048.00  -19052.00  -19068.00  -19082.00  -19096.00  -19088.00  -19104.00  -19102.00  -19106.00  
-19004.00  -19024.00  -19072.00  -19070.00  -19088.00  -19088.00  -19092.00  -19096.00  -19106.00  -19108.00  
-18986.00  -19050.00  -19058.00  -19058.00  -19080.00  -19090.00  -19102.00  -19106.00  -19100.00  -19104.00  
-18998.00  -19038.00  -19050.00  -19066.00  -19082.00  -19092.00  -19088.00  -19094.00  -19106.00  -19102.00  
-18990.00  -19026.00  -19046.00  -19078.00  -19060.00  -19082.00  -19104.00  -19106.00  -19108.00  -19102.00  
-19000.00  -19016.00  -19044.00  -19056.00  -19076.00  -19090.00  -19096.00  -19104.00  -19104.00  -19108.00  
-18988.00  -19032.00  -19058.00  -19070.00  -19070.00  -19090.00  -19100.00  -19106.00  -19102.00  -19108.00  
-19000.00  -19038.00  -19062.00  -19084.00  -19066.00  -19090.00  -19098.00  -19104.00  -19100.00  -19104.00  
-19020.00  -19014.00  -19060.00  -19060.00  -19070.00  -19092.00  -19096.00  -19096.00  -19108.00  -19104.00  
-19024.00  -19042.00  -19056.00  -19066.00  -19074.00  -19090.00  -19096.00  -19088.00  -19110.00  -19104.00  
-18992.00  -19016.00  -19038.00  -19082.00  -19076.00  -19080.00  -19094.00  -19098.00  -19108.00  -19106.00  
-19014.00  -19036.00  -19052.00  -19072.00  -19076.00  -19096.00  -19088.00  -19100.00  -19108.00  -19106.00  
-19012.00  -19026.00  -19050.00  -19062.00  -19068.00  -19100.00  -19104.00  -19100.00  -19108.00  -19110.00  
-19002.00  -19026.00  -19056.00  -19088.00  -19082.00  -19086.00  -19106.00  -19092.00  -19104.00  -19112.00  
-19000.00  -19038.00  -19062.00  -19076.00  -19086.00  -19086.00  -19098.00  -19100.00  -19102.00  -19112.00  
-19016.00  -19038.00  -19054.00  -19054.00  -19088.00  -19096.00  -19096.00  -19102.00  -19106.00  -19104.00  
-18964.00  -19040.00  -19060.00  -19086.00  -19084.00  -19094.00  -19104.00  -19106.00  -19108.00  -19108.00  
-18990.00  -19044.00  -19028.00  -19088.00  -19100.00  -19084.00  -19102.00  -19102.00  -19104.00  -19110.00  
-19006.00  -19048.00  -19038.00  -19072.00  -19082.00  -19088.00  -19096.00  -19098.00  -19104.00  -19102.00  
-19010.00  -19050.00  -19056.00  -19066.00  -19080.00  -19090.00  -19100.00  -19096.00  -19104.00  -19104.00  
-18992.00  -19046.00  -19066.00  -19074.00  -19070.00  -19088.00  -19096.00  -19108.00  -19102.00  -19104.00  
-19002.00  -19022.00  -19058.00  -19084.00  -19070.00  -19092.00  -19098.00  -19106.00  -19104.00  -19104.00  
-19010.00  -19014.00  -19060.00  -19064.00  -19086.00  -19094.00  -19094.00  -19104.00  -19106.00  -19106.00  
-18992.00  -19052.00  -19064.00  -19072.00  -19088.00  -19088.00  -19106.00  -19100.00  -19104.00  -19108.00  
-19018.00  -19058.00  -19042.00  -19074.00  -19080.00  -19104.00  -19100.00  -19098.00  -19106.00  -19110.00  
-19018.00  -19030.00  -19040.00  -19056.00  -19078.00  -19090.00  -19100.00  -19110.00  -19098.00  -19108.00  
-19012.00  -19024.00  -19056.00  -19084.00  -19082.00  -19086.00  -19102.00  -19100.00  -19098.00  -19100.00  
-19020.00  -19024.00  -19066.00  -19074.00  -19092.00  -19096.00  -19088.00  -19104.00  -19108.00  -19110.00  
-19022.00  -19030.00  -19058.00  -19062.00  -19086.00  -19090.00  -19096.00  -19102.00  -19106.00  -19106.00  
-19006.00  -19018.00  -19046.00  -19076.00  -19076.00  -19082.00  -19098.00  -19104.00  -19104.00  -19108.00  
-19014.00  -19052.00  -19050.00  -19084.00  -19092.00  -19086.00  -19102.00  -19102.00  -19106.00  -19108.00  
-18998.00  -19028.00  -19052.00  -19078.00  -19084.00  -19088.00  -19104.00  -19098.00  -19102.00  -19108.00  
-18994.00  -19032.00  -19066.00  -19082.00  -19074.00  -19088.00  -19088.00  -19096.00  -19106.00  -19108.00  
-19006.00  -19034.00  -19082.00  -19072.00  -19084.00  -19080.00  -19100.00  -19102.00  -19100.00  -19110.00  
-18988.00  -19032.00  -19066.00  -19076.00  -19074.00  -19096.00  -19094.00  -19092.00  -19108.00  -19112.00  
-18998.00  -19028.00  -19050.00  -19084.00  -19088.00  -19088.00  -19102.00  -19096.00  -19108.00  -19104.00  
-19010.00  -19054.00  -19044.00  -19078.00  -19090.00  -19086.00  -19096.00  -19106.00  -19104.00  -19110.00  
-19008.00  -19028.00  -19056.00  -19070.00  -19082.00  -19088.00  -19094.00  -19102.00  -19104.00  -19110.00  
-18996.00  -19022.00  -19050.00  -19064.00  -19082.00  -19084.00  -19090.00  -19104.00  -19108.00  -19104.00  
-19024.00  -19026.00  -19062.00  -19082.00  -19078.00  -19080.00  -19094.00  -19100.00  -19104.00  -19106.00  
-19006.00  -19006.00  -19030.00  -19074.00  -19088.00  -19084.00  -19096.00  -19096.00  -19108.00  -19110.00  
-18988.00  -19022.00  -19058.00  -19084.00  -19074.00  -19086.00  -19096.00  -19104.00  -19098.00  -19106.00  
-19000.00  -19042.00  -19060.00  -19068.00  -19084.00  -19092.00  -19094.00  -19102.00  -19102.00  -19104.00  
-19050.00  -19010.00  -19076.00  -19078.00  -19094.00  -19096.00  -19096.00  -19102.00  -19100.00  -19108.00  
-18988.00  -19032.00  -19034.00  -19074.00  -19088.00  -19094.00  -19096.00  -19102.00  -19108.00  -19106.00  
-19010.00  -19034.00  -19058.00  -19068.00  -19088.00  -19094.00  -19100.00  -19100.00  -19106.00  -19112.00  
-19030.00  -19020.00  -19040.00  -19078.00  -19076.00  -19100.00  -19088.00  -19098.00  -19106.00  -19106.00  
-18968.00  -19024.00  -19044.00  -19070.00  -19088.00  -19078.00  -19074.00  -19102.00  -19104.00  -19112.00  
-18978.00  -19052.00  -19056.00  -19068.00  -19076.00  -19092.00  -19098.00  -19098.00  -19106.00  -19108.00  
-19004.00  -19046.00  -19070.00  -19062.00  -19096.00  -19094.00  -19100.00  -19106.00  -19098.00  -19110.00  
-19002.00  -19022.00  -19046.00  -19066.00  -19076.00  -19086.00  -19098.00  -19100.00  -19104.00  -19106.00  
-18986.00  -19046.00  -19060.00  -19064.00  -19090.00  -19088.00  -19100.00  -19102.00  -19098.00  -19106.00  
-18986.00  -19050.00  -19050.00  -19058.00  -19090.00  -19090.00  -19096.00  -19090.00  -19106.00  -19104.00  
-19004.00  -19044.00  -19034.00  -19040.00  -19092.00  -19090.00  -19084.00  -19104.00  -19104.00  -19110.00  
-19022.00  -19062.00  -19070.00  -19066.00  -19078.00  -19084.00  -19096.00  -19104.00  -19108.00  -19104.00  
