-2570.00   -2590.00   -2594.00   -2612.00   -2612.00   -2612.00   -2614.00   -2616.00   -2622.00   -2614.00   
-2576.00   -2588.00   -2596.00   -2612.00   -2608.00   -2598.00   -2616.00   -2624.00   -2618.00   -2630.00   
-2592.00   -2586.00   -2590.00   -2600.00   -2614.00   -2620.00   -2614.00   -2616.00   -2622.00   -2622.00   
-2570.00   -2590.00   -2586.00   -2602.00   -2600.00   -2608.00   -2620.00   -2616.00   -2620.00   -2618.00   
-2588.00   -2588.00   -2602.00   -2606.00   -2606.00   -2612.00   -2614.00   -2616.00   -2618.00   -2622.00   
-2584.00   -2600.00   -2588.00   -2608.00   -2616.00   -2606.00   -2612.00   -2618.00   -2626.00   -2612.00   
-2572.00   -2588.00   -2594.00   -2588.00   -2606.00   -2614.00   -2618.00   -2620.00   -2614.00   -2622.00   
-2576.00   -2598.00   -2608.00   -2596.00   -2612.00   -2608.00   -2610.00   -2614.00   -2614.00   -2630.00   
-2596.00   -2616.00   -2600.00   -2598.00   -2612.00   -2622.00   -2608.00   -2614.00   -2616.00   -2618.00   
-2596.00   -2586.00   -2600.00   -2606.00   -2614.00   -2604.00   -2620.00   -2606.00   -2624.00   -2618.00   
-2586.00   -2584.00   -2596.00   -2582.00   -2604.00   -2618.00   -2608.00   -2618.00   -2610.00   -2618.00   
-2584.00   -2586.00   -2584.00   -2602.00   -2610.00   -2608.00   -2622.00   -2618.00   -2624.00   -2628.00   
-2580.00   -2588.00   -2580.00   -2608.00   -2622.00   -2606.00   -2604.00   -2618.00   -2618.00   -2620.00   
-2572.00   -2590.00   -2598.00   -2604.00   -2602.00   -2608.00   -2612.00   -2624.00   -2620.00   -2618.00   
-2572.00   -2590.00   -2594.00   -2608.00   -2622.00   -2608.00   -2616.00   -2622.00   -2620.00   -2616.00   
-2586.00   -2576.00   -2600.00   -2608.00   -2612.00   -2608.00   -2614.00   -2602.00   -2616.00   -2626.00   
-2580.00   -2582.00   -2598.00   -2610.00   -2604.00   -2606.00   -2616.00   -2610.00   -2608.00   -2620.00   
-2594.00   -2582.00   -2604.00   -2600.00   -2604.00   -2616.00   -2620.00   -2610.00   -2618.00   -2624.00   
-2592.00   -2600.00   -2598.00   -2608.00   -2600.00   -2612.00   -2614.00   -2622.00   -2630.00   -2618.00   
-2578.00   -2576.00   -2580.00   -2606.00   -2614.00   -2612.00   -2614.00   -2624.00   -2618.00   -2626.00   
-2588.00   -2594.00   -2612.00   -2590.00   -2598.00   -2616.00   -2614.00   -2620.00   -2616.00   -2628.00   
-2584.00   -2556.00   -2600.00   -2604.00   -2614.00   -2620.00   -2614.00   -2622.00   -2620.00   -2620.00   
-2564.00   -2596.00   -2588.00   -2600.00   -2612.00   -2614.00   -2614.00   -2628.00   -2614.00   -2622.00   
-2594.00   -2578.00   -2594.00   -2602.00   -2610.00   -2610.00   -2618.00   -2616.00   -2622.00   -2624.00   
-2576.00   -2584.00   -2602.00   -2600.00   -2608.00   -2622.00   -2616.00   -2614.00   -2622.00   -2622.00   
-2560.00   -2598.00   -2614.00   -2616.00   -2614.00   -2610.00   -2622.00   -2618.00   -2618.00   -2618.00   
-2594.00   -2596.00   -2584.00   -2596.00   -2610.00   -2620.00   -2614.00   -2618.00   -2614.00   -2628.00   
-2592.00   -2598.00   -2588.00   -2604.00   -2598.00   -2604.00   -2620.00   -2618.00   -2620.00   -2624.00   
-2582.00   -2602.00   -2594.00   -2604.00   -2618.00   -2614.00   -2610.00   -2616.00   -2622.00   -2624.00   
-2586.00   -2578.00   -2590.00   -2592.00   -2612.00   -2608.00   -2614.00   -2620.00   -2616.00   -2620.00   
-2576.00   -2580.00   -2608.00   -2602.00   -2602.00   -2618.00   -2612.00   -2622.00   -2622.00   -2624.00   
-2564.00   -2588.00   -2596.00   -2606.00   -2622.00   -2612.00   -2624.00   -2604.00   -2630.00   -2632.00   
-2598.00   -2580.00   -2590.00   -2608.00   -2614.00   -2614.00   -2610.00   -2612.00   -2614.00   -2614.00   
-2590.00   -2592.00   -2598.00   -2602.00   -2616.00   -2614.00   -2618.00   -2618.00   -2620.00   -2624.00   
-2578.00   -2590.00   -2590.00   -2596.00   -2600.00   -2614.00   -2614.00   -2608.00   -2622.00   -2626.00   
-2580.00   -2586.00   -2602.00   -2606.00   -2598.00   -2612.00   -2608.00   -2616.00   -2614.00   -2614.00   
-2572.00   -2588.00   -2596.00   -2608.00   -2602.00   -2616.00   -2612.00   -2600.00   -2614.00   -2628.00   
-2586.00   -2584.00   -2604.00   -2590.00   -2598.00   -2610.00   -2612.00   -2618.00   -2604.00   -2626.00   
-2580.00   -2582.00   -2592.00   -2600.00   -2596.00   -2616.00   -2616.00   -2620.00   -2620.00   -2624.00   
-2592.00   -2598.00   -2590.00   -2596.00   -2598.00   -2612.00   -2608.00   -2618.00   -2616.00   -2618.00   
-2562.00   -2596.00   -2602.00   -2586.00   -2612.00   -2618.00   -2612.00   -2612.00   -2622.00   -2622.00   
-2578.00   -2592.00   -2586.00   -2606.00   -2618.00   -2610.00   -2610.00   -2622.00   -2618.00   -2622.00   
-2568.00   -2600.00   -2592.00   -2616.00   -2604.00   -2604.00   -2610.00   -2620.00   -2618.00   -2630.00   
-2580.00   -2580.00   -2600.00   -2610.00   -2608.00   -2606.00   -2622.00   -2618.00   -2622.00   -2626.00   
-2568.00   -2592.00   -2606.00   -2606.00   -2600.00   -2618.00   -2614.00   -2622.00   -2616.00   -2620.00   
-2592.00   -2588.00   -2588.00   -2590.00   -2612.00   -2612.00   -2616.00   -2610.00   -2622.00   -2622.00   
-2574.00   -2594.00   -2608.00   -2610.00   -2616.00   -2612.00   -2610.00   -2620.00   -2620.00   -2624.00   
-2586.00   -2578.00   -2604.00   -2598.00   -2616.00   -2606.00   -2624.00   -2628.00   -2620.00   -2618.00   
-2596.00   -2578.00   -2588.00   -2598.00   -2606.00   -2618.00   -2612.00   -2618.00   -2618.00   -2624.00   
-2588.00   -2588.00   -2604.00   -2594.00   -2600.00   -2602.00   -2612.00   -2614.00   -2616.00   -2620.00   
-2580.00   -2606.00   -2594.00   -2604.00   -2618.00   -2612.00   -2608.00   -2624.00   -2618.00   -2620.00   
-2574.00   -2580.00   -2602.00   -2602.00   -2604.00   -2616.00   -2612.00   -2622.00   -2620.00   -2620.00   
-2570.00   -2584.00   -2594.00   -2604.00   -2600.00   -2610.00   -2618.00   -2616.00   -2622.00   -2612.00   
-2586.00   -2596.00   -2570.00   -2610.00   -2608.00   -2616.00   -2610.00   -2616.00   -2622.00   -2622.00   
-2576.00   -2596.00   -2602.00   -2604.00   -2610.00   -2614.00   -2614.00   -2612.00   -2620.00   -2620.00   
-2586.00   -2598.00   -2606.00   -2602.00   -2616.00   -2608.00   -2610.00   -2622.00   -2620.00   -2618.00   
-2578.00   -2594.00   -2598.00   -2606.00   -2608.00   -2622.00   -2622.00   -2612.00   -2610.00   -2620.00   
-2572.00   -2596.00   -2588.00   -2600.00   -2612.00   -2624.00   -2620.00   -2618.00   -2620.00   -2622.00   
-2598.00   -2594.00   -2602.00   -2598.00   -2604.00   -2606.00   -2618.00   -2624.00   -2624.00   -2616.00   
-2580.00   -2596.00   -2604.00   -2616.00   -2604.00   -2602.00   -2618.00   -2620.00   -2620.00   -2624.00   
-2580.00   -2604.00   -2596.00   -2606.00   -2614.00   -2610.00   -2614.00   -2614.00   -2622.00   -2612.00   
-2580.00   -2590.00   -2604.00   -2608.00   -2618.00   -2622.00   -2622.00   -2614.00   -2624.00   -2628.00   
-2584.00   -2584.00   -2600.00   -2604.00   -2600.00   -2616.00   -2608.00   -2620.00   -2614.00   -2624.00   
-2584.00   -2562.00   -2600.00   -2604.00   -2608.00   -2606.00   -2618.00   -2618.00   -2618.00   -2622.00   
-2592.00   -2590.00   -2618.00   -2598.00   -2606.00   -2610.00   -2620.00   -2604.00   -2612.00   -2620.00   
-2578.00   -2580.00   -2590.00   -2608.00   -2612.00   -2602.00   -2620.00   -2618.00   -2612.00   -2622.00   
-2556.00   -2580.00   -2608.00   -2612.00   -2616.00   -2604.00   -2612.00   -2622.00   -2620.00   -2624.00   
-2594.00   -2608.00   -2592.00   -2608.00   -2614.00   -2608.00   -2610.00   -2610.00   -2618.00   -2618.00   
-2592.00   -2596.00   -2596.00   -2602.00   -2604.00   -2614.00   -2622.00   -2612.00   -2612.00   -2614.00   
-2598.00   -2590.00   -2590.00   -2604.00   -2616.00   -2618.00   -2622.00   -2614.00   -2614.00   -2626.00   
-2584.00   -2590.00   -2604.00   -2594.00   -2602.00   -2608.00   -2610.00   -2620.00   -2612.00   -2626.00   
-2566.00   -2584.00   -2598.00   -2606.00   -2604.00   -2616.00   -2618.00   -2614.00   -2614.00   -2620.00   
-2558.00   -2598.00   -2600.00   -2612.00   -2616.00   -2616.00   -2620.00   -2618.00   -2618.00   -2622.00   
-2592.00   -2592.00   -2598.00   -2610.00   -2614.00   -2616.00   -2622.00   -2626.00   -2616.00   -2624.00   
-2580.00   -2586.00   -2600.00   -2608.00   -2602.00   -2618.00   -2614.00   -2632.00   -2624.00   -2624.00   
-2580.00   -2600.00   -2596.00   -2598.00   -2596.00   -2600.00   -2616.00   -2614.00   -2624.00   -2620.00   
-2574.00   -2570.00   -2594.00   -2602.00   -2610.00   -2620.00   -2612.00   -2624.00   -2620.00   -2616.00   
-2586.00   -2608.00   -2604.00   -2600.00   -2618.00   -2616.00   -2608.00   -2612.00   -2628.00   -2620.00   
-2572.00   -2602.00   -2594.00   -2596.00   -2622.00   -2612.00   -2616.00   -2620.00   -2622.00   -2626.00   
-2596.00   -2588.00   -2604.00   -2610.00   -2612.00   -2608.00   -2614.00   -2624.00   -2622.00   -2620.00   
-2572.00   -2606.00   -2606.00   -2604.00   -2616.00   -2610.00   -2614.00   -2618.00   -2630.00   -2626.00   
-2568.00   -2594.00   -2596.00   -2600.00   -2604.00   -2610.00   -2610.00   -2622.00   -2624.00   -2622.00   
-2572.00   -2580.00   -2604.00   -2608.00   -2618.00   -2604.00   -2612.00   -2606.00   -2624.00   -2620.00   
-2566.00   -2602.00   -2596.00   -2610.00   -2594.00   -2622.00   -2618.00   -2628.00   -2614.00   -2626.00   
-2582.00   -2590.00   -2590.00   -2602.00   -2604.00   -2610.00   -2610.00   -2614.00   -2628.00   -2622.00   
-2568.00   -2598.00   -2590.00   -2600.00   -2612.00   -2612.00   -2616.00   -2608.00   -2624.00   -2624.00   
-2566.00   -2590.00   -2584.00   -2604.00   -2604.00   -2614.00   -2614.00   -2622.00   -2626.00   -2626.00   
-2570.00   -2596.00   -2598.00   -2602.00   -2612.00   -2616.00   -2610.00   -2618.00   -2622.00   -2630.00   
-2564.00   -2590.00   -2614.00   -2606.00   -2610.00   -2608.00   -2620.00   -2624.00   -2608.00   -2628.00   
-2574.00   -2582.00   -2592.00   -2608.00   -2620.00   -2610.00   -2620.00   -2614.00   -2624.00   -2624.00   
-2580.00   -2598.00   -2588.00   -2612.00   -2606.00   -2614.00   -2614.00   -2606.00   -2630.00   -2620.00   
-2588.00   -2598.00   -2600.00   -2600.00   -2604.00   -2610.00   -2616.00   -2614.00   -2624.00   -2624.00   
-2582.00   -2600.00   -2594.00   -2606.00   -2612.00   -2604.00   -2626.00   -2618.00   -2620.00   -2622.00   
-2578.00   -2596.00   -2588.00   -2614.00   -2604.00   -2604.00   -2620.00   -2618.00   -2614.00   -2612.00   
-2590.00   -2596.00   -2582.00   -2598.00   -2602.00   -2608.00   -2620.00   -2610.00   -2618.00   -2622.00   
-2572.00   -2594.00   -2602.00   -2610.00   -2608.00   -2608.00   -2622.00   -2612.00   -2616.00   -2622.00   
-2592.00   -2586.00   -2598.00   -2602.00   -2606.00   -2606.00   -2612.00   -2616.00   -2606.00   -2626.00   
-2582.00   -2590.00   -2592.00   -2606.00   -2608.00   -2618.00   -2622.00   -2618.00   -2622.00   -2616.00   
-2580.00   -2588.00   -2610.00   -2616.00   -2610.00   -2604.00   -2620.00   -2618.00   -2624.00   -2624.00   
-2584.00   -2594.00   -2612.00   -2598.00   -2594.00   -2612.00   -2618.00   -2616.00   -2616.00   -2624.00   
