#	k0	k1	y
#	-1.00	-1.00	 1.00	
   2                    -3
   3                    -9
   4                   -17
   5                   -37
   6                   -73
   7                  -149
   8                  -297
   9                  -597
  10                 -1193
  11                 -2389
  12                 -4777
  13                 -9557
  14                -19113
  15                -38229
  16                -76457
  17               -152917
  18               -305833
  19               -611669
  20              -1223337
