-23906.00  -23986.00  -24056.00  -24080.00  -24070.00  -24134.00  -24146.00  -24194.00  -24190.00  -24196.00  
-23914.00  -23960.00  -24032.00  -24090.00  -24078.00  -24110.00  -24154.00  -24164.00  -24182.00  -24176.00  
-23918.00  -23934.00  -24018.00  -24062.00  -24082.00  -24096.00  -24138.00  -24160.00  -24188.00  -24190.00  
-23920.00  -23948.00  -24028.00  -24062.00  -24118.00  -24154.00  -24148.00  -24180.00  -24154.00  -24180.00  
-23886.00  -23954.00  -24016.00  -24038.00  -24098.00  -24122.00  -24172.00  -24170.00  -24182.00  -24190.00  
-23900.00  -23982.00  -24004.00  -24088.00  -24106.00  -24138.00  -24122.00  -24184.00  -24184.00  -24196.00  
-23946.00  -23976.00  -24030.00  -24086.00  -24066.00  -24150.00  -24122.00  -24178.00  -24158.00  -24192.00  
-23926.00  -23962.00  -24032.00  -24076.00  -24068.00  -24130.00  -24138.00  -24176.00  -24184.00  -24186.00  
-23912.00  -24004.00  -24036.00  -24056.00  -24116.00  -24144.00  -24132.00  -24140.00  -24178.00  -24196.00  
-23888.00  -23958.00  -24044.00  -24066.00  -24108.00  -24098.00  -24162.00  -24136.00  -24186.00  -24182.00  
-23908.00  -23936.00  -24034.00  -24032.00  -24068.00  -24124.00  -24172.00  -24140.00  -24196.00  -24178.00  
-23896.00  -23956.00  -24008.00  -24102.00  -24098.00  -24116.00  -24160.00  -24174.00  -24154.00  -24192.00  
-23918.00  -24018.00  -24000.00  -24072.00  -24094.00  -24148.00  -24120.00  -24132.00  -24180.00  -24184.00  
-23874.00  -23962.00  -24026.00  -24062.00  -24116.00  -24138.00  -24178.00  -24148.00  -24160.00  -24170.00  
-23896.00  -23964.00  -24044.00  -24086.00  -24100.00  -24132.00  -24144.00  -24192.00  -24190.00  -24164.00  
-23904.00  -23992.00  -24060.00  -24072.00  -24116.00  -24132.00  -24140.00  -24148.00  -24158.00  -24188.00  
-23898.00  -23956.00  -24030.00  -24058.00  -24088.00  -24156.00  -24160.00  -24148.00  -24168.00  -24194.00  
-23876.00  -23976.00  -23988.00  -24060.00  -24102.00  -24112.00  -24146.00  -24168.00  -24210.00  -24184.00  
-23920.00  -23958.00  -24014.00  -24068.00  -24122.00  -24108.00  -24132.00  -24160.00  -24194.00  -24176.00  
-23886.00  -23966.00  -24036.00  -24058.00  -24082.00  -24136.00  -24120.00  -24180.00  -24184.00  -24198.00  
-23876.00  -23944.00  -24016.00  -24030.00  -24122.00  -24110.00  -24142.00  -24162.00  -24160.00  -24194.00  
-23908.00  -23938.00  -24042.00  -24074.00  -24106.00  -24110.00  -24160.00  -24136.00  -24186.00  -24192.00  
-23906.00  -23974.00  -24022.00  -24068.00  -24106.00  -24122.00  -24134.00  -24170.00  -24186.00  -24186.00  
-23878.00  -23986.00  -23994.00  -24024.00  -24098.00  -24120.00  -24136.00  -24176.00  -24182.00  -24190.00  
-23910.00  -23962.00  -24016.00  -24078.00  -24098.00  -24134.00  -24148.00  -24156.00  -24154.00  -24194.00  
-23954.00  -23990.00  -24046.00  -24056.00  -24104.00  -24118.00  -24180.00  -24172.00  -24198.00  -24174.00  
-23932.00  -23966.00  -24036.00  -24078.00  -24096.00  -24138.00  -24150.00  -24150.00  -24190.00  -24190.00  
-23936.00  -23950.00  -23976.00  -24048.00  -24094.00  -24140.00  -24128.00  -24174.00  -24166.00  -24214.00  
-23916.00  -23972.00  -24048.00  -24034.00  -24112.00  -24126.00  -24158.00  -24156.00  -24168.00  -24178.00  
-23916.00  -23950.00  -24024.00  -24082.00  -24108.00  -24104.00  -24180.00  -24114.00  -24156.00  -24182.00  
-23856.00  -23956.00  -24008.00  -24092.00  -24104.00  -24130.00  -24144.00  -24152.00  -24174.00  -24196.00  
-23878.00  -23944.00  -24002.00  -24036.00  -24092.00  -24120.00  -24160.00  -24172.00  -24184.00  -24208.00  
-23928.00  -23980.00  -24060.00  -24094.00  -24074.00  -24134.00  -24128.00  -24160.00  -24190.00  -24174.00  
-23898.00  -23940.00  -23980.00  -24064.00  -24080.00  -24124.00  -24148.00  -24150.00  -24180.00  -24170.00  
-23908.00  -23970.00  -24036.00  -24062.00  -24094.00  -24146.00  -24118.00  -24172.00  -24192.00  -24182.00  
-23880.00  -23956.00  -24032.00  -24070.00  -24106.00  -24118.00  -24160.00  -24160.00  -24166.00  -24198.00  
-23890.00  -23990.00  -24004.00  -24078.00  -24102.00  -24098.00  -24122.00  -24156.00  -24182.00  -24184.00  
-23882.00  -23980.00  -24010.00  -24040.00  -24098.00  -24126.00  -24138.00  -24170.00  -24168.00  -24182.00  
-23894.00  -24012.00  -24012.00  -24058.00  -24130.00  -24148.00  -24128.00  -24134.00  -24188.00  -24176.00  
-23906.00  -23974.00  -24022.00  -24058.00  -24076.00  -24118.00  -24132.00  -24146.00  -24182.00  -24192.00  
-23914.00  -23984.00  -24008.00  -24102.00  -24078.00  -24140.00  -24146.00  -24144.00  -24156.00  -24200.00  
-23892.00  -23910.00  -24006.00  -24038.00  -24116.00  -24124.00  -24130.00  -24166.00  -24162.00  -24198.00  
-23908.00  -24002.00  -24012.00  -24040.00  -24104.00  -24138.00  -24144.00  -24158.00  -24156.00  -24190.00  
-23900.00  -23972.00  -24002.00  -24082.00  -24096.00  -24126.00  -24134.00  -24162.00  -24170.00  -24180.00  
-23914.00  -23966.00  -24010.00  -24080.00  -24094.00  -24158.00  -24142.00  -24174.00  -24210.00  -24186.00  
-23890.00  -23986.00  -23992.00  -24102.00  -24118.00  -24108.00  -24162.00  -24174.00  -24168.00  -24198.00  
-23850.00  -23974.00  -24042.00  -24056.00  -24106.00  -24128.00  -24128.00  -24146.00  -24176.00  -24180.00  
-23900.00  -23978.00  -24028.00  -24114.00  -24076.00  -24124.00  -24132.00  -24174.00  -24194.00  -24206.00  
-23914.00  -23990.00  -24008.00  -24044.00  -24116.00  -24134.00  -24134.00  -24156.00  -24170.00  -24194.00  
-23948.00  -23940.00  -24028.00  -24082.00  -24096.00  -24090.00  -24134.00  -24144.00  -24184.00  -24202.00  
-23854.00  -23966.00  -24028.00  -24102.00  -24094.00  -24128.00  -24128.00  -24148.00  -24188.00  -24194.00  
-23894.00  -23968.00  -24042.00  -24072.00  -24098.00  -24122.00  -24146.00  -24132.00  -24180.00  -24174.00  
-23904.00  -23948.00  -24000.00  -24084.00  -24116.00  -24134.00  -24150.00  -24152.00  -24172.00  -24174.00  
-23876.00  -23988.00  -24008.00  -24036.00  -24098.00  -24110.00  -24134.00  -24158.00  -24188.00  -24178.00  
-23914.00  -23922.00  -24048.00  -24062.00  -24104.00  -24124.00  -24164.00  -24176.00  -24172.00  -24186.00  
-23910.00  -23982.00  -24014.00  -24122.00  -24108.00  -24104.00  -24130.00  -24160.00  -24160.00  -24206.00  
-23902.00  -23940.00  -24042.00  -24072.00  -24132.00  -24138.00  -24162.00  -24158.00  -24176.00  -24192.00  
-23876.00  -24004.00  -23978.00  -24074.00  -24138.00  -24120.00  -24148.00  -24160.00  -24180.00  -24200.00  
-23894.00  -23946.00  -24022.00  -24074.00  -24096.00  -24112.00  -24156.00  -24158.00  -24192.00  -24186.00  
-23894.00  -23994.00  -24046.00  -24092.00  -24120.00  -24128.00  -24164.00  -24146.00  -24170.00  -24178.00  
-23888.00  -23976.00  -24040.00  -24082.00  -24064.00  -24088.00  -24160.00  -24160.00  -24178.00  -24190.00  
-23918.00  -23988.00  -24032.00  -24074.00  -24098.00  -24108.00  -24148.00  -24160.00  -24184.00  -24184.00  
-23900.00  -23994.00  -24000.00  -24064.00  -24100.00  -24128.00  -24132.00  -24158.00  -24180.00  -24184.00  
-23882.00  -23964.00  -24056.00  -24066.00  -24090.00  -24128.00  -24108.00  -24160.00  -24194.00  -24164.00  
-23976.00  -23932.00  -24026.00  -24058.00  -24102.00  -24118.00  -24146.00  -24166.00  -24178.00  -24192.00  
-23896.00  -23954.00  -23988.00  -24054.00  -24114.00  -24130.00  -24100.00  -24180.00  -24174.00  -24196.00  
-23926.00  -23966.00  -24046.00  -24064.00  -24080.00  -24128.00  -24154.00  -24150.00  -24168.00  -24178.00  
-23826.00  -23972.00  -24044.00  -24066.00  -24108.00  -24118.00  -24146.00  -24162.00  -24188.00  -24188.00  
-23920.00  -24000.00  -24016.00  -24034.00  -24116.00  -24136.00  -24152.00  -24176.00  -24164.00  -24182.00  
-23912.00  -23934.00  -24044.00  -24032.00  -24110.00  -24148.00  -24140.00  -24158.00  -24178.00  -24194.00  
-23892.00  -23976.00  -24064.00  -24040.00  -24124.00  -24120.00  -24170.00  -24160.00  -24178.00  -24182.00  
-23932.00  -23928.00  -23996.00  -24054.00  -24100.00  -24144.00  -24166.00  -24158.00  -24178.00  -24194.00  
-23958.00  -24014.00  -24026.00  -24056.00  -24104.00  -24130.00  -24142.00  -24150.00  -24180.00  -24190.00  
-23932.00  -23946.00  -24068.00  -24086.00  -24108.00  -24162.00  -24154.00  -24148.00  -24174.00  -24196.00  
-23924.00  -24010.00  -24016.00  -24082.00  -24118.00  -24116.00  -24156.00  -24178.00  -24198.00  -24188.00  
-23980.00  -23994.00  -24016.00  -24064.00  -24080.00  -24122.00  -24170.00  -24166.00  -24186.00  -24198.00  
-23946.00  -23966.00  -24032.00  -24082.00  -24090.00  -24124.00  -24158.00  -24154.00  -24146.00  -24178.00  
-23920.00  -23970.00  -24016.00  -24048.00  -24074.00  -24122.00  -24146.00  -24150.00  -24188.00  -24198.00  
-23900.00  -23948.00  -24022.00  -24042.00  -24120.00  -24114.00  -24136.00  -24186.00  -24194.00  -24194.00  
-23880.00  -23950.00  -24044.00  -24078.00  -24104.00  -24148.00  -24178.00  -24154.00  -24168.00  -24162.00  
-23868.00  -23934.00  -24030.00  -24076.00  -24120.00  -24116.00  -24144.00  -24182.00  -24164.00  -24182.00  
-23888.00  -23974.00  -24032.00  -24040.00  -24102.00  -24114.00  -24142.00  -24160.00  -24172.00  -24188.00  
-23898.00  -23998.00  -24022.00  -24062.00  -24098.00  -24140.00  -24132.00  -24168.00  -24168.00  -24194.00  
-23892.00  -23994.00  -24040.00  -24088.00  -24116.00  -24126.00  -24130.00  -24150.00  -24172.00  -24202.00  
-23866.00  -24024.00  -24042.00  -24092.00  -24082.00  -24128.00  -24152.00  -24156.00  -24174.00  -24186.00  
-23912.00  -23984.00  -24020.00  -24048.00  -24092.00  -24124.00  -24158.00  -24172.00  -24160.00  -24196.00  
-23906.00  -23978.00  -24044.00  -24046.00  -24088.00  -24104.00  -24142.00  -24154.00  -24166.00  -24186.00  
-23914.00  -23982.00  -24040.00  -24080.00  -24098.00  -24132.00  -24142.00  -24180.00  -24174.00  -24190.00  
-23912.00  -24010.00  -24032.00  -24072.00  -24118.00  -24122.00  -24136.00  -24150.00  -24194.00  -24186.00  
-23894.00  -24002.00  -24016.00  -24076.00  -24100.00  -24138.00  -24138.00  -24150.00  -24182.00  -24182.00  
-23894.00  -23952.00  -23988.00  -24046.00  -24060.00  -24098.00  -24146.00  -24174.00  -24174.00  -24172.00  
-23936.00  -23990.00  -23980.00  -24036.00  -24092.00  -24134.00  -24132.00  -24152.00  -24178.00  -24216.00  
-23936.00  -23998.00  -24038.00  -24060.00  -24116.00  -24128.00  -24154.00  -24166.00  -24186.00  -24154.00  
-23928.00  -23980.00  -24060.00  -24056.00  -24094.00  -24132.00  -24142.00  -24164.00  -24172.00  -24204.00  
-23900.00  -23998.00  -24022.00  -24070.00  -24100.00  -24108.00  -24144.00  -24174.00  -24182.00  -24180.00  
-23932.00  -23962.00  -24014.00  -24066.00  -24116.00  -24158.00  -24124.00  -24150.00  -24180.00  -24194.00  
-23906.00  -23996.00  -24044.00  -24052.00  -24088.00  -24144.00  -24134.00  -24178.00  -24188.00  -24206.00  
-23874.00  -23928.00  -24016.00  -24080.00  -24078.00  -24110.00  -24162.00  -24148.00  -24172.00  -24192.00  
-23888.00  -23974.00  -24036.00  -24062.00  -24102.00  -24124.00  -24144.00  -24170.00  -24174.00  -24176.00  
-23938.00  -23990.00  -24032.00  -24072.00  -24132.00  -24118.00  -24146.00  -24164.00  -24160.00  -24178.00  
