-76010.00  -76174.00  -76224.00  -76310.00  -76334.00  -76354.00  -76370.00  -76418.00  -76432.00  -76434.00  
-76030.00  -76120.00  -76170.00  -76294.00  -76330.00  -76368.00  -76394.00  -76392.00  -76422.00  -76436.00  
-76068.00  -76162.00  -76220.00  -76298.00  -76324.00  -76366.00  -76392.00  -76398.00  -76416.00  -76428.00  
-75992.00  -76148.00  -76200.00  -76278.00  -76352.00  -76382.00  -76386.00  -76408.00  -76412.00  -76444.00  
-76088.00  -76136.00  -76260.00  -76294.00  -76326.00  -76374.00  -76396.00  -76400.00  -76422.00  -76420.00  
-76002.00  -76164.00  -76180.00  -76272.00  -76328.00  -76374.00  -76384.00  -76408.00  -76428.00  -76436.00  
-76030.00  -76146.00  -76234.00  -76286.00  -76352.00  -76344.00  -76380.00  -76426.00  -76412.00  -76432.00  
-76056.00  -76102.00  -76242.00  -76288.00  -76340.00  -76382.00  -76396.00  -76410.00  -76426.00  -76442.00  
-76044.00  -76132.00  -76218.00  -76308.00  -76316.00  -76370.00  -76380.00  -76416.00  -76440.00  -76436.00  
-76028.00  -76174.00  -76246.00  -76294.00  -76340.00  -76384.00  -76400.00  -76400.00  -76416.00  -76434.00  
-76046.00  -76128.00  -76194.00  -76286.00  -76318.00  -76348.00  -76378.00  -76406.00  -76426.00  -76434.00  
-76034.00  -76110.00  -76228.00  -76296.00  -76362.00  -76378.00  -76390.00  -76406.00  -76412.00  -76436.00  
-76012.00  -76134.00  -76222.00  -76314.00  -76332.00  -76378.00  -76394.00  -76420.00  -76428.00  -76432.00  
-75982.00  -76132.00  -76252.00  -76306.00  -76332.00  -76384.00  -76404.00  -76402.00  -76430.00  -76424.00  
-76000.00  -76166.00  -76226.00  -76324.00  -76340.00  -76378.00  -76378.00  -76412.00  -76420.00  -76426.00  
-76042.00  -76164.00  -76228.00  -76262.00  -76348.00  -76386.00  -76404.00  -76410.00  -76420.00  -76426.00  
-76052.00  -76118.00  -76242.00  -76292.00  -76330.00  -76358.00  -76384.00  -76432.00  -76438.00  -76424.00  
-75982.00  -76118.00  -76240.00  -76288.00  -76348.00  -76356.00  -76410.00  -76410.00  -76434.00  -76430.00  
-76026.00  -76162.00  -76248.00  -76310.00  -76338.00  -76384.00  -76386.00  -76406.00  -76418.00  -76442.00  
-76020.00  -76150.00  -76214.00  -76308.00  -76312.00  -76368.00  -76378.00  -76416.00  -76426.00  -76434.00  
