#	k0	k1	y
#	-1.00	-1.00	 0.00	
   2                    -6                  -1.5
   3                   -10                 -1.25
   4                   -22                -1.375
   5                   -46               -1.4375
   6                   -94              -1.46875
   7                  -188              -1.46875
   8                  -378            -1.4765625
   9                  -758           -1.48046875
  10                 -1514          -1.478515625
  11                 -3030          -1.479492188
  12                 -6062          -1.479980469
  13                -12126          -1.480224609
  14                -24252          -1.480224609
  15                -48506          -1.480285645
  16                -97014          -1.480316162
  17               -194026          -1.480300903
