1022     0.69314718        
1016     6.63052964        
1014     6.22639563        
1012     5.95298585        
1010     11.88465455       
1008     12.18113577       
1006     12.26400544       
1004     16.74574925       
1002     17.43477723       
1000     17.79400939       
998      21.32709782       
996      22.29877350       
994      22.86014435       
992      25.70610553       
990      26.86628410       
988      27.61017768       
986      29.93249647       
984      31.23554168       
982      32.10489161       
980      34.05151561       
978      35.42885133       
976      36.40536037       
974      38.09318982       
972      39.48620483       
970      40.54614299       
968      42.04952843       
966      43.43308861       
964      44.55742073       
962      45.93514119       
960      47.29296821       
958      48.46123555       
956      49.75147070       
954      51.07056850       
952      52.25430013       
950      53.49468095       
948      54.77432178       
946      55.96621810       
944      57.17112672       
942      58.41643831       
940      59.60125992       
938      60.78821797       
936      62.00005203       
934      63.17311212       
932      64.34556889       
930      65.52508013       
928      66.68607253       
926      67.84103271       
924      68.99986823       
922      70.14401267       
920      71.28185861       
918      72.41977452       
916      73.54979175       
914      74.67112452       
912      75.79098135       
910      76.90542160       
908      78.01157822       
906      79.11504589       
904      80.21650393       
902      81.30856618       
900      82.39895873       
898      83.48130739       
896      84.56099069       
894      85.63961422       
892      86.70941646       
890      87.77854423       
888      88.84255947       
886      89.89827315       
884      90.95455578       
882      92.00483064       
880      93.04933354       
878      94.09106900       
876      95.12987295       
874      96.16175841       
872      97.19255161       
870      98.21993720       
868      99.24284142       
866      100.26288770      
864      101.28055569      
862      102.29145933      
860      103.30343070      
858      104.30550855      
856      105.30619444      
854      106.30839856      
852      107.30091095      
850      108.29313622      
848      109.28541618      
846      110.27181351      
844      111.25720797      
842      112.23239238      
840      113.20791608      
838      114.18459345      
836      115.15421182      
834      116.12056558      
832      117.08591199      
830      118.04811109      
828      119.00546120      
826      119.96535821      
824      120.91825618      
822      121.86737305      
820      122.81496045      
818      123.76194134      
816      124.70106277      
814      125.64131412      
812      126.57559399      
810      127.50912697      
808      128.44004616      
806      129.36957283      
804      130.29637304      
802      131.21866597      
800      132.13971595      
798      133.06043942      
796      133.97587441      
794      134.88937528      
792      135.80375798      
790      136.71273097      
788      137.61748729      
786      138.52149346      
784      139.42411098      
782      140.32597825      
780      141.22147015      
778      142.11607157      
776      143.00842292      
774      143.89981635      
772      144.78823277      
770      145.67263481      
768      146.55763875      
766      147.44092372      
764      148.31828745      
762      149.19628610      
760      150.07232743      
758      150.94440289      
756      151.81629431      
754      152.68396815      
752      153.55271846      
750      154.41668354      
748      155.27915473      
746      156.13964003      
744      156.99830158      
742      157.85299536      
740      158.70952707      
738      159.56091134      
736      160.41150108      
734      161.25997464      
732      162.10682650      
730      162.95286742      
728      163.79425563      
726      164.63437533      
724      165.47387700      
722      166.31299448      
720      167.14970858      
718      167.98500341      
716      168.81732714      
714      169.64940442      
712      170.47802745      
710      171.30421820      
708      172.13035072      
706      172.95312536      
704      173.77468833      
702      174.59272699      
700      175.41132790      
698      176.22616614      
696      177.04118874      
694      177.85336812      
692      178.66449363      
690      179.47275848      
688      180.28205141      
686      181.08679689      
684      181.89124006      
682      182.69488716      
680      183.49666194      
678      184.29605879      
676      185.09492241      
674      185.88944804      
672      186.68444130      
670      187.47820361      
668      188.27011458      
666      189.06042653      
664      189.84824136      
662      190.63456872      
660      191.42272459      
658      192.20579988      
656      192.98809112      
654      193.76784491      
652      194.54732370      
650      195.32591893      
648      196.10193744      
646      196.87753312      
644      197.65041938      
642      198.42286713      
640      199.19442481      
638      199.96172793      
636      200.72858900      
634      201.49577445      
632      202.26029244      
630      203.02258022      
628      203.78528219      
626      204.54532011      
624      205.30439444      
622      206.06230299      
620      206.81903176      
618      207.57427414      
616      208.32801579      
614      209.07987757      
612      209.82918250      
610      210.57889078      
608      211.32700120      
606      212.07203877      
604      212.81679898      
602      213.56139557      
600      214.30276231      
598      215.04258281      
596      215.78136556      
594      216.51923090      
592      217.25528540      
590      217.99036237      
588      218.72509880      
586      219.45682746      
584      220.18781082      
582      220.91893260      
580      221.64671637      
578      222.37343587      
576      223.09831914      
574      223.82319766      
572      224.54567219      
570      225.26865154      
568      225.98822982      
566      226.70726512      
564      227.42637193      
562      228.14249511      
560      228.85733029      
558      229.57252048      
556      230.28646044      
554      230.99556672      
552      231.70715788      
550      232.41543592      
548      233.12148119      
546      233.82601774      
544      234.53176085      
542      235.23484105      
540      235.93699707      
538      236.63925879      
536      237.33941990      
534      238.03904815      
532      238.73522815      
530      239.43191427      
528      240.12744872      
526      240.82193291      
524      241.51465028      
522      242.20403839      
520      242.89222120      
518      243.58072842      
516      244.26758477      
514      244.95116187      
512      245.63734753      
510      246.32070431      
508      247.00269306      
506      247.68355837      
504      248.36378440      
502      249.04171125      
500      249.71874352      
498      250.39402222      
496      251.06845169      
494      251.74011168      
492      252.41186103      
490      253.08323240      
488      253.75006971      
486      254.41647440      
484      255.08401394      
482      255.74918087      
480      256.41373403      
478      257.07730710      
476      257.73893432      
474      258.39809726      
472      259.05555595      
470      259.71252493      
468      260.36715351      
466      261.02166031      
464      261.67441518      
462      262.32754469      
460      262.97826278      
458      263.62799889      
456      264.27724515      
454      264.92296411      
452      265.56839201      
450      266.21300274      
448      266.85429728      
446      267.49634468      
444      268.13626978      
442      268.77461758      
440      269.41202502      
438      270.04580423      
436      270.67845931      
434      271.31203891      
432      271.94198590      
430      272.57183213      
428      273.20116097      
426      273.82672976      
424      274.45177823      
422      275.07603594      
420      275.69765168      
418      276.31783129      
416      276.93718606      
414      277.55431880      
412      278.17141978      
410      278.78546609      
408      279.40031420      
406      280.01139837      
404      280.62279518      
402      281.23294261      
400      281.83975023      
398      282.44426286      
396      283.04890525      
394      283.65211947      
392      284.25269544      
390      284.85067610      
388      285.44749841      
386      286.04265632      
384      286.63754523      
382      287.23055696      
380      287.81997503      
378      288.40952800      
376      288.99835969      
374      289.58296720      
372      290.16869125      
370      290.75042768      
368      291.33098656      
366      291.91078269      
364      292.48879513      
362      293.06215796      
360      293.63506007      
358      294.20587416      
356      294.77586253      
354      295.34427756      
352      295.90885733      
350      296.47379890      
348      297.03537452      
346      297.59553817      
344      298.15445196      
342      298.71035036      
340      299.26450896      
338      299.81759317      
336      300.36781055      
334      300.91662973      
332      301.46117335      
330      302.00623201      
328      302.54750159      
326      303.08760960      
324      303.62516545      
322      304.16093027      
320      304.69534707      
318      305.22673197      
316      305.75519088      
314      306.28309870      
312      306.80592975      
310      307.32820287      
308      307.84905073      
306      308.36615459      
304      308.88146443      
302      309.39433174      
300      309.90562677      
298      310.41528122      
296      310.92211440      
294      311.42643539      
292      311.92814712      
290      312.42742370      
288      312.92276278      
286      313.41570301      
284      313.90745291      
282      314.39769462      
280      314.88405323      
278      315.36779286      
276      315.84941499      
274      316.32938656      
272      316.80633479      
270      317.27988246      
268      317.75157665      
266      318.21977895      
264      318.68549405      
262      319.14972764      
260      319.61041425      
258      320.06745675      
256      320.52124157      
254      320.97347851      
252      321.42435309      
250      321.87201492      
248      322.31564084      
246      322.75742799      
244      323.19662030      
242      323.63268246      
240      324.06555970      
238      324.49527962      
236      324.92243987      
234      325.34614946      
232      325.76702146      
230      326.18532759      
228      326.60066005      
226      327.01284556      
224      327.42155866      
222      327.82862663      
220      328.23214081      
218      328.63134301      
216      329.02833648      
214      329.42338323      
212      329.81410041      
210      330.20247091      
208      330.58716902      
206      330.96803482      
204      331.34647244      
202      331.72154829      
200      332.09262799      
198      332.46223776      
196      332.82724435      
194      333.18901421      
192      333.54840442      
190      333.90374969      
188      334.25712585      
186      334.60524842      
184      334.94990027      
182      335.29214376      
180      335.63152855      
178      335.96631536      
176      336.30031326      
174      336.62986415      
172      336.95457978      
170      337.27639426      
168      337.59577977      
166      337.91126872      
164      338.22312307      
162      338.53160770      
160      338.83637813      
158      339.13771014      
156      339.43497880      
154      339.73009474      
152      340.02162793      
150      340.30859661      
148      340.59287055      
146      340.87376530      
144      341.14951409      
142      341.42249563      
140      341.69281860      
138      341.95858323      
136      342.22133730      
134      342.48063308      
132      342.73649004      
130      342.98745107      
128      343.23515178      
126      343.48000189      
124      343.72110140      
122      343.95754750      
120      344.19056158      
118      344.41977721      
116      344.64614464      
114      344.86869907      
112      345.08658567      
110      345.30188922      
108      345.51234685      
106      345.71922695      
104      345.92345963      
102      346.12268145      
100      346.31827381      
98       346.50984800      
96       346.69812041      
94       346.88285236      
92       347.06304318      
90       347.24002866      
88       347.41380679      
86       347.58316295      
84       347.74871540      
82       347.91008270      
80       348.06894266      
78       348.22227040      
76       348.37188762      
74       348.51886339      
72       348.66164742      
70       348.80089176      
68       348.93540352      
66       349.06584993      
64       349.19229495      
62       349.31624283      
60       349.43534708      
58       349.55055883      
56       349.66227267      
54       349.76943332      
52       349.87283356      
50       349.97287492      
48       350.06885844      
46       350.16076161      
44       350.24875384      
42       350.33371152      
40       350.41447229      
38       350.49087623      
36       350.56396554      
34       350.63282390      
32       350.69732091      
30       350.75864129      
28       350.81524208      
26       350.86771796      
24       350.91696927      
22       350.96221533      
20       351.00339804      
18       351.04124990      
16       351.07476723      
14       351.10397616      
12       351.12927651      
10       351.15110031      
8        351.16802016      
6        351.18147029      
4        351.19208103      
2        351.19820751      
0        351.20005423      
-2       351.19811457      
-4       351.19248269      
-6       351.18254503      
-8       351.16905175      
-10      351.15158595      
-12      351.12993657      
-14      351.10427803      
-16      351.07429625      
-18      351.04092660      
-20      351.00379537      
-22      350.96155496      
-24      350.91623151      
-26      350.86752473      
-28      350.81515769      
-30      350.75897877      
-32      350.69780557      
-34      350.63358550      
-36      350.56540942      
-38      350.49279456      
-40      350.41598567      
-42      350.33534086      
-44      350.25127244      
-46      350.16375790      
-48      350.07168238      
-50      349.97533066      
-52      349.87665489      
-54      349.77337788      
-56      349.66454607      
-58      349.55255650      
-60      349.43742950      
-62      349.31754578      
-64      349.19473907      
-66      349.06729670      
-68      348.93690152      
-70      348.80220806      
-72      348.66384229      
-74      348.52183126      
-76      348.37652369      
-78      348.22595113      
-80      348.07187432      
-82      347.91440612      
-84      347.75243011      
-86      347.58691861      
-88      347.41763587      
-90      347.24444194      
-92      347.06744784      
-94      346.88682584      
-96      346.70161550      
-98      346.51254479      
-100     346.32149628      
-102     346.12540716      
-104     345.92532843      
-106     345.72115338      
-108     345.51267224      
-110     345.30099103      
-112     345.08568536      
-114     344.86652103      
-116     344.64408362      
-118     344.41698251      
-120     344.18662627      
-122     343.95215440      
-124     343.71473379      
-126     343.47318916      
-128     343.22738540      
-130     342.97753544      
-132     342.72402948      
-134     342.46673360      
-136     342.20520037      
-138     341.94104549      
-140     341.67317019      
-142     341.40065779      
-144     341.12535533      
-146     340.84641097      
-148     340.56155102      
-150     340.27448316      
-152     339.98377141      
-154     339.68895381      
-156     339.39122343      
-158     339.08969366      
-160     338.78461191      
-162     338.47488297      
-164     338.16175125      
-166     337.84490351      
-168     337.52504244      
-170     337.20041825      
-172     336.87164107      
-174     336.54069598      
-176     336.20550753      
-178     335.86685237      
-180     335.52309033      
-182     335.17540160      
-184     334.82440613      
-186     334.46969181      
-188     334.11260971      
-190     333.75106174      
-192     333.38524133      
-194     333.01571780      
-196     332.64255962      
-198     332.26638983      
-200     331.88708369      
-202     331.50368905      
-204     331.11563463      
-206     330.72529366      
-208     330.33031513      
-210     329.93211928      
-212     329.52992029      
-214     329.12556734      
-216     328.71551524      
-218     328.30172592      
-220     327.88587090      
-222     327.46621576      
-224     327.04248828      
-226     326.61617347      
-228     326.18425974      
-230     325.74956582      
-232     325.31071286      
-234     324.86834636      
-236     324.42364456      
-238     323.97359760      
-240     323.51993589      
-242     323.06296536      
-244     322.60176536      
-246     322.13744879      
-248     321.66985676      
-250     321.19837536      
-252     320.72214845      
-254     320.24328551      
-256     319.76032430      
-258     319.27410793      
-260     318.78285074      
-262     318.28868320      
-264     317.79305814      
-266     317.29292805      
-268     316.78809310      
-270     316.28090684      
-272     315.76919463      
-274     315.25372930      
-276     314.73351863      
-278     314.20959772      
-280     313.68392350      
-282     313.15410650      
-284     312.62176700      
-286     312.08416809      
-288     311.54281120      
-290     310.99800527      
-292     310.44894992      
-294     309.89674656      
-296     309.34113860      
-298     308.78113985      
-300     308.21761069      
-302     307.65057826      
-304     307.07934563      
-306     306.50538009      
-308     305.92626588      
-310     305.34506102      
-312     304.76001258      
-314     304.17059257      
-316     303.57826821      
-318     302.98190431      
-320     302.38103211      
-322     301.77731798      
-324     301.16951346      
-326     300.55825262      
-328     299.94264291      
-330     299.32310287      
-332     298.69979627      
-334     298.07253326      
-336     297.44240103      
-338     296.80673645      
-340     296.16781553      
-342     295.52554989      
-344     294.88029013      
-346     294.23011087      
-348     293.57628467      
-350     292.91960473      
-352     292.25836602      
-354     291.59350884      
-356     290.92451127      
-358     290.25298877      
-360     289.57635012      
-362     288.89586372      
-364     288.21205519      
-366     287.52334738      
-368     286.83051118      
-370     286.13418492      
-372     285.43427937      
-374     284.73065340      
-376     284.02287906      
-378     283.31094265      
-380     282.59511454      
-382     281.87602442      
-384     281.15280917      
-386     280.42549585      
-388     279.69320451      
-390     278.95798094      
-392     278.21863353      
-394     277.47531321      
-396     276.72684903      
-398     275.97645165      
-400     275.22098797      
-402     274.46158445      
-404     273.69771409      
-406     272.92926372      
-408     272.15753139      
-410     271.38358420      
-412     270.60338163      
-414     269.81720987      
-416     269.02762592      
-418     268.23612870      
-420     267.43780954      
-422     266.63558371      
-424     265.83025774      
-426     265.02002264      
-428     264.20545989      
-430     263.38555133      
-432     262.56159562      
-434     261.73370448      
-436     260.90183399      
-438     260.06514421      
-440     259.22576958      
-442     258.38108493      
-444     257.53323100      
-446     256.67709675      
-448     255.81951855      
-450     254.95762281      
-452     254.08858660      
-454     253.21646979      
-456     252.34085278      
-458     251.45978394      
-460     250.57322074      
-462     249.68060304      
-464     248.78567686      
-466     247.88664526      
-468     246.98331743      
-470     246.07220445      
-472     245.15965944      
-474     244.23805336      
-476     243.31272390      
-478     242.38622516      
-480     241.45239970      
-482     240.51358695      
-484     239.56926606      
-486     238.62033833      
-488     237.66691936      
-490     236.70916393      
-492     235.74446137      
-494     234.77446717      
-496     233.79953062      
-498     232.82021275      
-500     231.83582836      
-502     230.84678595      
-504     229.85151554      
-506     228.85116549      
-508     227.84310990      
-510     226.83368502      
-512     225.81742230      
-514     224.79242858      
-516     223.76446581      
-518     222.73142980      
-520     221.69267073      
-522     220.64910801      
-524     219.59677702      
-526     218.53901832      
-528     217.47611318      
-530     216.40675561      
-532     215.33326994      
-534     214.25258551      
-536     213.16752384      
-538     212.07294191      
-540     210.97309673      
-542     209.86763097      
-544     208.75343501      
-546     207.63442524      
-548     206.50873068      
-550     205.37548131      
-552     204.23683663      
-554     203.09114963      
-556     201.93777630      
-558     200.77741727      
-560     199.61156240      
-562     198.43765238      
-564     197.25682045      
-566     196.06821975      
-568     194.87219305      
-570     193.66920847      
-572     192.45836612      
-574     191.24213670      
-576     190.01412618      
-578     188.78273970      
-580     187.53988096      
-582     186.29086876      
-584     185.03438774      
-586     183.76521438      
-588     182.48993774      
-590     181.20675535      
-592     179.91502204      
-594     178.61262296      
-596     177.30208005      
-598     175.98335498      
-600     174.65454905      
-602     173.31704436      
-604     171.96902042      
-606     170.61201678      
-608     169.24525410      
-610     167.86575445      
-612     166.47498607      
-614     165.07558919      
-616     163.66737401      
-618     162.24625020      
-620     160.81530013      
-622     159.37359223      
-624     157.92135288      
-626     156.45458108      
-628     154.97572051      
-630     153.49015568      
-632     151.98895511      
-634     150.47771714      
-636     148.95364825      
-638     147.41331318      
-640     145.86044326      
-642     144.29434986      
-644     142.71434668      
-646     141.11912899      
-648     139.50636115      
-650     137.88094629      
-652     136.24153918      
-654     134.58522098      
-656     132.90986839      
-658     131.21929999      
-660     129.51071118      
-662     127.78741143      
-664     126.04141429      
-666     124.27633449      
-668     122.49820354      
-670     120.69886569      
-672     118.87915677      
-674     117.04177078      
-676     115.17969081      
-678     113.29539759      
-680     111.38417011      
-682     109.45757434      
-684     107.50350496      
-686     105.52738952      
-688     103.52355523      
-690     101.49582346      
-692     99.44332179       
-694     97.36257967       
-696     95.25149268       
-698     93.10930995       
-700     90.93811364       
-702     88.73360599       
-704     86.49381295       
-706     84.21826100       
-708     81.91484466       
-710     79.56581418       
-712     77.17563206       
-714     74.74011063       
-716     72.26542485       
-718     69.74527500       
-720     67.17212049       
-722     64.55294418       
-724     61.87286773       
-726     59.14193021       
-728     56.34664392       
-730     53.48929648       
-732     50.56235318       
-734     47.55336983       
-736     44.46901579       
-738     41.30526705       
-740     38.04632737       
-742     34.67138879       
-744     31.16934985       
-746     27.54723444       
-748     23.76735945       
-750     19.79462993       
-752     15.58535716       
-754     11.10080950       
-756     6.20966330        
-758     0.66309081        
