-8.00    -2.00    12.00    6.00     0.00     8.00     -8.00    14.00    -14.00   14.00    
0.00     12.00    8.00     -12.00   6.00     14.00    0.00     -14.00   -14.00   14.00    
6.00     6.00     -10.00   -6.00    14.00    -14.00   0.00     6.00     14.00    14.00    
12.00    14.00    14.00    -14.00   2.00     0.00     14.00    8.00     0.00     0.00     
-2.00    -2.00    2.00     14.00    6.00     -14.00   -14.00   -12.00   -8.00    -14.00   
8.00     -14.00   -8.00    8.00     -6.00    14.00    12.00    0.00     -14.00   12.00    
0.00     -8.00    0.00     -4.00    2.00     2.00     -14.00   -8.00    14.00    0.00     
18.00    -14.00   8.00     14.00    14.00    -14.00   -12.00   14.00    14.00    14.00    
2.00     10.00    -8.00    -14.00   14.00    -8.00    10.00    -6.00    6.00     16.00    
-4.00    -14.00   0.00     -14.00   0.00     2.00     0.00     14.00    14.00    -14.00   
-12.00   -16.00   0.00     -8.00    14.00    -12.00   0.00     -14.00   0.00     -14.00   
2.00     -6.00    14.00    -12.00   8.00     12.00    14.00    -14.00   16.00    0.00     
8.00     -10.00   -6.00    -14.00   -14.00   -6.00    -12.00   0.00     -14.00   14.00    
-12.00   12.00    16.00    14.00    -14.00   14.00    -6.00    -6.00    -14.00   14.00    
6.00     10.00    -14.00   2.00     8.00     -8.00    -14.00   -14.00   0.00     -14.00   
-14.00   14.00    -6.00    10.00    -10.00   0.00     -14.00   0.00     -14.00   0.00     
14.00    8.00     10.00    -16.00   -14.00   2.00     14.00    0.00     14.00    14.00    
10.00    2.00     -16.00   -2.00    -2.00    -14.00   -8.00    -8.00    -12.00   -14.00   
10.00    -14.00   8.00     2.00     6.00     -12.00   0.00     2.00     -16.00   0.00     
-14.00   -4.00    14.00    16.00    -14.00   -12.00   12.00    -8.00    -14.00   14.00    
-2.00    -10.00   -6.00    -14.00   12.00    14.00    14.00    -12.00   14.00    -6.00    
-14.00   -6.00    6.00     -6.00    14.00    -2.00    14.00    14.00    -14.00   16.00    
16.00    -14.00   -8.00    0.00     14.00    16.00    14.00    -14.00   14.00    14.00    
0.00     2.00     14.00    -6.00    -8.00    -14.00   -8.00    8.00     0.00     14.00    
0.00     -2.00    6.00     2.00     6.00     0.00     -14.00   0.00     0.00     18.00    
2.00     6.00     -16.00   0.00     -16.00   -6.00    8.00     6.00     8.00     0.00     
2.00     0.00     -2.00    6.00     8.00     16.00    8.00     16.00    2.00     -14.00   
-10.00   -14.00   14.00    -8.00    8.00     0.00     6.00     14.00    -8.00    16.00    
-16.00   0.00     0.00     6.00     10.00    -12.00   -14.00   0.00     -14.00   14.00    
-4.00    16.00    -4.00    14.00    12.00    0.00     8.00     8.00     8.00     14.00    
6.00     -2.00    2.00     -16.00   0.00     0.00     0.00     0.00     16.00    8.00     
-6.00    -16.00   -12.00   14.00    0.00     -14.00   12.00    14.00    -14.00   0.00     
-8.00    6.00     -12.00   14.00    -8.00    6.00     14.00    -14.00   8.00     -14.00   
-2.00    2.00     -14.00   14.00    12.00    -4.00    14.00    14.00    -14.00   14.00    
14.00    8.00     -6.00    -14.00   -14.00   -8.00    -12.00   -14.00   0.00     14.00    
14.00    2.00     -10.00   -14.00   -8.00    14.00    -14.00   14.00    14.00    14.00    
-12.00   2.00     -10.00   12.00    10.00    14.00    -14.00   12.00    0.00     14.00    
6.00     8.00     10.00    -14.00   0.00     -14.00   -16.00   8.00     -14.00   -14.00   
-12.00   14.00    8.00     -14.00   -14.00   -8.00    0.00     0.00     -14.00   0.00     
-8.00    0.00     10.00    -14.00   12.00    8.00     -8.00    -14.00   -10.00   -14.00   
-4.00    -8.00    0.00     16.00    -8.00    -14.00   14.00    14.00    8.00     -14.00   
14.00    16.00    -14.00   0.00     -6.00    10.00    12.00    -14.00   -14.00   -12.00   
0.00     -8.00    -12.00   -16.00   -10.00   16.00    0.00     8.00     -14.00   -14.00   
14.00    -14.00   14.00    14.00    8.00     2.00     -12.00   -14.00   -14.00   14.00    
-14.00   6.00     12.00    14.00    14.00    -8.00    -6.00    14.00    14.00    14.00    
4.00     8.00     14.00    0.00     -14.00   14.00    -18.00   -14.00   14.00    14.00    
6.00     -12.00   8.00     -6.00    -14.00   16.00    -16.00   -16.00   14.00    -14.00   
8.00     0.00     -6.00    2.00     -16.00   8.00     14.00    -14.00   -14.00   -14.00   
-10.00   2.00     14.00    14.00    -14.00   -14.00   -14.00   0.00     -8.00    14.00    
0.00     -14.00   14.00    10.00    -14.00   2.00     10.00    0.00     0.00     14.00    
6.00     -8.00    0.00     8.00     8.00     -14.00   -14.00   -14.00   14.00    -14.00   
12.00    -8.00    2.00     12.00    0.00     -14.00   0.00     6.00     -14.00   14.00    
-2.00    -6.00    -12.00   -16.00   14.00    -12.00   -14.00   -14.00   -14.00   -14.00   
6.00     -8.00    -14.00   -14.00   -14.00   14.00    14.00    0.00     -14.00   14.00    
-14.00   14.00    14.00    12.00    -6.00    14.00    0.00     6.00     14.00    16.00    
14.00    -16.00   14.00    -14.00   -8.00    -14.00   -6.00    -14.00   0.00     14.00    
0.00     2.00     -2.00    8.00     0.00     0.00     14.00    -16.00   -14.00   0.00     
6.00     0.00     -14.00   2.00     6.00     8.00     -14.00   14.00    14.00    14.00    
-16.00   -8.00    -14.00   -6.00    -10.00   14.00    -14.00   -14.00   -14.00   14.00    
16.00    -12.00   16.00    14.00    0.00     8.00     16.00    14.00    16.00    14.00    
0.00     -8.00    0.00     14.00    14.00    14.00    14.00    14.00    -14.00   -14.00   
4.00     -14.00   0.00     -12.00   -8.00    14.00    14.00    0.00     12.00    -14.00   
-8.00    -12.00   6.00     -10.00   -16.00   -16.00   16.00    14.00    -14.00   14.00    
-12.00   8.00     -12.00   -2.00    0.00     16.00    14.00    -14.00   -14.00   0.00     
10.00    -14.00   0.00     14.00    0.00     -14.00   16.00    0.00     -6.00    -14.00   
-14.00   0.00     0.00     10.00    -14.00   2.00     -14.00   -2.00    0.00     -14.00   
-8.00    14.00    -6.00    12.00    -8.00    -14.00   -14.00   -14.00   16.00    -2.00    
14.00    -2.00    -14.00   12.00    -14.00   14.00    -10.00   -14.00   -14.00   -14.00   
12.00    -2.00    -12.00   -4.00    14.00    -14.00   14.00    8.00     14.00    -14.00   
0.00     -8.00    8.00     6.00     -14.00   14.00    -14.00   0.00     14.00    14.00    
-14.00   14.00    14.00    -14.00   14.00    4.00     -16.00   14.00    -14.00   -14.00   
2.00     -10.00   14.00    -14.00   14.00    -14.00   14.00    -12.00   14.00    -14.00   
-2.00    10.00    -8.00    -8.00    0.00     14.00    0.00     -16.00   -14.00   14.00    
-14.00   -4.00    -16.00   0.00     0.00     -14.00   14.00    -14.00   0.00     8.00     
4.00     -14.00   -8.00    -8.00    14.00    0.00     -18.00   -14.00   -14.00   14.00    
-6.00    -16.00   2.00     8.00     14.00    0.00     0.00     -16.00   -14.00   14.00    
-14.00   14.00    -8.00    14.00    -14.00   -14.00   14.00    8.00     -16.00   14.00    
14.00    0.00     -8.00    14.00    14.00    -12.00   14.00    14.00    12.00    14.00    
-10.00   12.00    12.00    0.00     14.00    -8.00    16.00    -10.00   -14.00   -14.00   
-16.00   -14.00   18.00    6.00     -8.00    -14.00   -14.00   16.00    -14.00   -8.00    
16.00    6.00     6.00     8.00     -16.00   -10.00   0.00     14.00    -14.00   -8.00    
-6.00    -14.00   14.00    8.00     12.00    -14.00   -14.00   14.00    -8.00    14.00    
6.00     -12.00   -2.00    0.00     -14.00   -14.00   -12.00   14.00    14.00    14.00    
-2.00    -14.00   8.00     10.00    16.00    14.00    14.00    2.00     8.00     14.00    
6.00     -8.00    14.00    0.00     -12.00   14.00    14.00    -14.00   -14.00   14.00    
6.00     0.00     12.00    14.00    14.00    4.00     14.00    14.00    -14.00   14.00    
6.00     2.00     -6.00    -14.00   2.00     -14.00   0.00     16.00    -14.00   -14.00   
-14.00   14.00    -12.00   -16.00   14.00    0.00     14.00    8.00     14.00    14.00    
-6.00    -2.00    -14.00   -14.00   -16.00   0.00     12.00    14.00    -14.00   14.00    
2.00     -12.00   14.00    -6.00    -14.00   6.00     -12.00   -14.00   -8.00    14.00    
-8.00    -6.00    6.00     -8.00    0.00     -14.00   -16.00   16.00    14.00    0.00     
18.00    16.00    -16.00   -14.00   2.00     -10.00   -14.00   14.00    -14.00   14.00    
-6.00    12.00    -8.00    -16.00   16.00    0.00     0.00     0.00     14.00    16.00    
-6.00    -4.00    14.00    -14.00   -12.00   14.00    8.00     14.00    14.00    -16.00   
2.00     -6.00    2.00     12.00    14.00    -8.00    14.00    16.00    -14.00   14.00    
6.00     4.00     -6.00    -12.00   -14.00   -14.00   -12.00   16.00    16.00    16.00    
-12.00   0.00     0.00     -2.00    8.00     -12.00   -14.00   -14.00   16.00    8.00     
-2.00    -14.00   14.00    12.00    -14.00   14.00    -14.00   -8.00    -14.00   14.00    
16.00    14.00    -8.00    -10.00   14.00    -6.00    14.00    -14.00   -8.00    -14.00   
-8.00    0.00     -14.00   16.00    -6.00    -6.00    -14.00   14.00    14.00    14.00    
-10.00   2.00     -18.00   8.00     -8.00    -14.00   -6.00    -16.00   -12.00   14.00    
8.00     -14.00   2.00     14.00    6.00     14.00    -14.00   2.00     14.00    14.00    
10.00    14.00    16.00    -12.00   12.00    14.00    14.00    -16.00   -14.00   -14.00   
-4.00    0.00     14.00    16.00    -6.00    -14.00   2.00     14.00    14.00    14.00    
14.00    6.00     10.00    14.00    16.00    -14.00   14.00    8.00     -14.00   14.00    
-8.00    -8.00    14.00    -14.00   -14.00   0.00     -14.00   8.00     12.00    -8.00    
6.00     10.00    -14.00   -16.00   -14.00   16.00    -14.00   -12.00   -14.00   -14.00   
14.00    2.00     14.00    -10.00   -14.00   8.00     -14.00   12.00    -8.00    -14.00   
0.00     -6.00    6.00     6.00     14.00    0.00     14.00    14.00    0.00     14.00    
2.00     -6.00    -4.00    -6.00    -12.00   0.00     14.00    -14.00   -8.00    -14.00   
14.00    -16.00   -8.00    14.00    -8.00    -4.00    14.00    -16.00   -14.00   -14.00   
0.00     -12.00   8.00     8.00     2.00     -8.00    -16.00   14.00    0.00     -14.00   
-4.00    12.00    14.00    -14.00   0.00     -16.00   12.00    14.00    14.00    -14.00   
10.00    6.00     8.00     0.00     14.00    0.00     -14.00   16.00    14.00    14.00    
-8.00    -8.00    -14.00   6.00     -14.00   -14.00   -8.00    -14.00   14.00    0.00     
-10.00   -12.00   8.00     -14.00   -14.00   2.00     14.00    14.00    14.00    14.00    
-14.00   14.00    -14.00   14.00    10.00    14.00    -2.00    -6.00    12.00    14.00    
12.00    -4.00    4.00     14.00    6.00     14.00    -14.00   0.00     -14.00   14.00    
8.00     -4.00    0.00     12.00    -2.00    16.00    -14.00   14.00    14.00    6.00     
0.00     -6.00    12.00    2.00     -14.00   0.00     -14.00   16.00    -14.00   14.00    
-12.00   -14.00   4.00     6.00     -14.00   -14.00   -14.00   -14.00   -14.00   8.00     
0.00     10.00    4.00     -14.00   12.00    8.00     -14.00   -12.00   0.00     -14.00   
12.00    4.00     -12.00   -14.00   -14.00   -12.00   -14.00   14.00    14.00    -12.00   
-4.00    -14.00   -4.00    8.00     -12.00   0.00     0.00     -14.00   -14.00   16.00    
2.00     -10.00   -12.00   14.00    -14.00   -16.00   14.00    14.00    14.00    14.00    
-14.00   6.00     -14.00   14.00    14.00    -14.00   14.00    0.00     -12.00   14.00    
-10.00   14.00    -14.00   14.00    14.00    8.00     16.00    8.00     -14.00   0.00     
8.00     -12.00   8.00     0.00     12.00    0.00     14.00    -10.00   8.00     -14.00   
-2.00    0.00     -6.00    14.00    -14.00   8.00     14.00    14.00    12.00    -14.00   
-2.00    8.00     -16.00   8.00     -10.00   0.00     -14.00   -2.00    0.00     14.00    
2.00     -2.00    -14.00   -10.00   10.00    8.00     14.00    0.00     14.00    -14.00   
16.00    -14.00   4.00     14.00    14.00    16.00    0.00     16.00    -14.00   14.00    
-2.00    8.00     14.00    -14.00   14.00    14.00    2.00     14.00    -14.00   14.00    
12.00    -2.00    -14.00   2.00     14.00    14.00    -10.00   -14.00   -14.00   -8.00    
-12.00   8.00     14.00    0.00     -14.00   14.00    14.00    16.00    0.00     -14.00   
-8.00    -8.00    0.00     14.00    14.00    14.00    -16.00   -14.00   -8.00    12.00    
2.00     0.00     -16.00   -14.00   -14.00   -6.00    -14.00   0.00     -14.00   -14.00   
-8.00    6.00     -16.00   12.00    -12.00   -12.00   14.00    -14.00   14.00    14.00    
-8.00    14.00    -2.00    8.00     -8.00    8.00     14.00    -8.00    14.00    14.00    
-6.00    8.00     0.00     0.00     14.00    -14.00   -14.00   8.00     -14.00   10.00    
14.00    -10.00   14.00    6.00     -6.00    14.00    14.00    -14.00   -16.00   8.00     
-12.00   -8.00    0.00     10.00    8.00     -8.00    -8.00    14.00    -12.00   -14.00   
-12.00   -14.00   8.00     -14.00   8.00     14.00    18.00    8.00     14.00    8.00     
-12.00   4.00     -6.00    -2.00    14.00    -14.00   -8.00    -12.00   14.00    -14.00   
10.00    -16.00   -8.00    -14.00   8.00     -6.00    -10.00   -12.00   -14.00   -16.00   
2.00     6.00     14.00    2.00     14.00    -14.00   16.00    -12.00   14.00    -14.00   
14.00    6.00     6.00     14.00    0.00     -14.00   14.00    -14.00   -14.00   -14.00   
14.00    12.00    4.00     14.00    -14.00   16.00    -14.00   8.00     -14.00   14.00    
10.00    14.00    -14.00   2.00     16.00    -16.00   0.00     14.00    14.00    8.00     
6.00     -6.00    -14.00   0.00     2.00     -12.00   10.00    8.00     -16.00   10.00    
10.00    -6.00    2.00     6.00     16.00    14.00    -16.00   14.00    -14.00   14.00    
-10.00   8.00     14.00    12.00    -14.00   2.00     -14.00   16.00    14.00    14.00    
-8.00    10.00    8.00     -8.00    14.00    -8.00    14.00    -14.00   0.00     14.00    
-14.00   -16.00   -2.00    16.00    14.00    14.00    -14.00   -14.00   0.00     -14.00   
-8.00    8.00     6.00     -8.00    14.00    -12.00   14.00    14.00    14.00    -14.00   
10.00    8.00     14.00    -14.00   0.00     14.00    -14.00   16.00    -14.00   -12.00   
-14.00   10.00    -14.00   -16.00   14.00    0.00     -8.00    -14.00   -8.00    12.00    
-12.00   -4.00    -14.00   -14.00   12.00    2.00     12.00    0.00     0.00     14.00    
-10.00   0.00     10.00    0.00     16.00    16.00    14.00    12.00    -14.00   14.00    
-2.00    -14.00   6.00     0.00     12.00    -2.00    -16.00   14.00    -16.00   -14.00   
0.00     8.00     -4.00    0.00     -14.00   0.00     0.00     16.00    -14.00   -14.00   
-8.00    -14.00   -16.00   -8.00    16.00    -14.00   -6.00    -16.00   14.00    -14.00   
6.00     -14.00   8.00     14.00    0.00     8.00     -14.00   -14.00   -8.00    2.00     
12.00    0.00     14.00    -14.00   14.00    14.00    0.00     14.00    -14.00   -14.00   
-8.00    14.00    14.00    -18.00   -12.00   14.00    16.00    14.00    -16.00   -14.00   
0.00     14.00    16.00    -14.00   -16.00   14.00    -14.00   10.00    14.00    -14.00   
6.00     -10.00   -12.00   0.00     0.00     8.00     16.00    -14.00   -14.00   -14.00   
-12.00   8.00     16.00    8.00     -8.00    14.00    14.00    14.00    0.00     -14.00   
8.00     2.00     2.00     -14.00   14.00    12.00    14.00    -14.00   16.00    -14.00   
-6.00    -10.00   6.00     14.00    2.00     -14.00   -16.00   -14.00   -14.00   -14.00   
0.00     6.00     6.00     -10.00   -12.00   -12.00   -6.00    -14.00   0.00     14.00    
10.00    6.00     -14.00   16.00    -14.00   14.00    12.00    -14.00   -12.00   14.00    
-4.00    -16.00   0.00     14.00    14.00    -14.00   -14.00   14.00    14.00    -14.00   
-8.00    6.00     6.00     -14.00   -14.00   -8.00    0.00     -14.00   -8.00    14.00    
8.00     -12.00   -6.00    0.00     -8.00    -14.00   12.00    -8.00    -14.00   -14.00   
6.00     4.00     2.00     14.00    -14.00   14.00    8.00     6.00     14.00    -14.00   
6.00     -6.00    -18.00   -8.00    16.00    -18.00   0.00     16.00    -14.00   14.00    
14.00    -8.00    0.00     -14.00   16.00    -6.00    14.00    14.00    14.00    14.00    
-10.00   14.00    -10.00   -14.00   -16.00   14.00    10.00    -14.00   -14.00   0.00     
-12.00   0.00     6.00     8.00     14.00    14.00    16.00    0.00     14.00    16.00    
-14.00   -4.00    14.00    14.00    8.00     16.00    14.00    14.00    -14.00   -14.00   
0.00     0.00     -10.00   14.00    14.00    -14.00   14.00    -14.00   -14.00   14.00    
0.00     2.00     0.00     2.00     12.00    -16.00   -14.00   -12.00   -14.00   14.00    
12.00    8.00     -8.00    -8.00    8.00     -14.00   -6.00    14.00    14.00    -16.00   
-12.00   -14.00   -10.00   -18.00   12.00    10.00    0.00     -14.00   -14.00   14.00    
12.00    2.00     14.00    -12.00   -14.00   -8.00    14.00    -14.00   0.00     14.00    
12.00    0.00     -14.00   16.00    14.00    14.00    -8.00    -14.00   14.00    -14.00   
2.00     2.00     0.00     14.00    -14.00   16.00    14.00    14.00    14.00    16.00    
4.00     14.00    -14.00   14.00    14.00    -14.00   -14.00   -6.00    14.00    -16.00   
2.00     0.00     -6.00    -14.00   -12.00   -12.00   14.00    8.00     -14.00   14.00    
-16.00   12.00    -16.00   -4.00    -14.00   14.00    0.00     14.00    -14.00   -14.00   
8.00     -2.00    -14.00   -14.00   -16.00   14.00    0.00     -12.00   14.00    14.00    
-6.00    -14.00   -16.00   4.00     -14.00   -14.00   -14.00   -14.00   -14.00   -6.00    
14.00    0.00     -6.00    6.00     -14.00   -8.00    14.00    -14.00   -14.00   -14.00   
-12.00   14.00    6.00     10.00    12.00    8.00     14.00    -12.00   -14.00   0.00     
-16.00   16.00    -14.00   -14.00   14.00    12.00    -12.00   14.00    -14.00   14.00    
-4.00    -10.00   16.00    8.00     -14.00   -14.00   -14.00   -14.00   -14.00   12.00    
0.00     18.00    -6.00    16.00    6.00     4.00     8.00     14.00    0.00     -14.00   
4.00     8.00     0.00     6.00     -16.00   -2.00    -14.00   0.00     16.00    -14.00   
-14.00   0.00     -14.00   6.00     12.00    0.00     14.00    -14.00   14.00    14.00    
2.00     16.00    -8.00    -14.00   8.00     14.00    -14.00   14.00    -14.00   -14.00   
6.00     14.00    4.00     16.00    -16.00   16.00    -14.00   -14.00   14.00    -14.00   
-8.00    14.00    -10.00   -8.00    2.00     14.00    -14.00   -12.00   -14.00   -14.00   
6.00     -14.00   14.00    12.00    -14.00   -14.00   12.00    12.00    14.00    -14.00   
0.00     12.00    -14.00   14.00    14.00    -14.00   14.00    -6.00    12.00    -14.00   
10.00    14.00    0.00     -14.00   -14.00   14.00    -12.00   18.00    14.00    -14.00   
4.00     12.00    6.00     -14.00   -14.00   8.00     -14.00   -14.00   14.00    14.00    
-2.00    14.00    12.00    -8.00    12.00    -14.00   -14.00   -10.00   -14.00   -14.00   
0.00     -8.00    0.00     -2.00    14.00    -14.00   0.00     8.00     -14.00   14.00    
12.00    8.00     16.00    0.00     0.00     6.00     -14.00   -14.00   14.00    -16.00   
16.00    -12.00   0.00     -8.00    16.00    10.00    14.00    8.00     14.00    14.00    
6.00     -4.00    2.00     12.00    14.00    -16.00   -10.00   2.00     14.00    8.00     
12.00    -6.00    16.00    14.00    -14.00   14.00    -14.00   -12.00   12.00    0.00     
-2.00    -6.00    0.00     -14.00   -14.00   -14.00   14.00    0.00     14.00    14.00    
-8.00    -14.00   -4.00    -8.00    -14.00   -8.00    -4.00    -14.00   -14.00   8.00     
10.00    14.00    12.00    -14.00   14.00    0.00     0.00     14.00    -14.00   -14.00   
-10.00   14.00    8.00     12.00    0.00     -16.00   14.00    16.00    -14.00   -14.00   
-4.00    0.00     -18.00   -14.00   -14.00   14.00    -8.00    -14.00   14.00    14.00    
-16.00   -14.00   8.00     -10.00   14.00    0.00     -14.00   14.00    14.00    -14.00   
-14.00   2.00     -2.00    -14.00   14.00    18.00    14.00    -14.00   16.00    14.00    
-12.00   14.00    -14.00   -12.00   16.00    14.00    14.00    14.00    8.00     -16.00   
-14.00   12.00    -6.00    -6.00    14.00    0.00     -16.00   -14.00   -14.00   14.00    
0.00     -6.00    -4.00    -14.00   0.00     -2.00    8.00     0.00     0.00     14.00    
8.00     12.00    4.00     6.00     -8.00    14.00    14.00    -8.00    14.00    -14.00   
-12.00   -2.00    10.00    16.00    14.00    16.00    -8.00    12.00    -12.00   -14.00   
-14.00   -8.00    0.00     16.00    -16.00   12.00    0.00     8.00     14.00    14.00    
-10.00   0.00     16.00    -8.00    12.00    14.00    0.00     14.00    -14.00   -14.00   
0.00     -14.00   -8.00    -2.00    2.00     -8.00    -14.00   0.00     14.00    14.00    
-2.00    -12.00   0.00     -14.00   -14.00   14.00    -14.00   14.00    14.00    -14.00   
-16.00   -8.00    14.00    8.00     -16.00   -12.00   14.00    -6.00    14.00    0.00     
-10.00   -4.00    14.00    2.00     -12.00   -12.00   -14.00   -8.00    14.00    0.00     
16.00    8.00     -2.00    -6.00    14.00    -4.00    16.00    14.00    14.00    12.00    
12.00    -12.00   8.00     14.00    -16.00   8.00     14.00    14.00    -12.00   -14.00   
-10.00   -8.00    12.00    2.00     -14.00   0.00     14.00    -14.00   -14.00   16.00    
6.00     0.00     14.00    -8.00    -12.00   14.00    14.00    0.00     -14.00   14.00    
8.00     -12.00   12.00    -8.00    14.00    14.00    0.00     14.00    0.00     -16.00   
12.00    -8.00    -12.00   14.00    -16.00   -14.00   14.00    -14.00   -14.00   16.00    
10.00    -8.00    0.00     0.00     14.00    -12.00   14.00    0.00     -16.00   14.00    
0.00     0.00     0.00     -14.00   -8.00    -14.00   14.00    14.00    8.00     -14.00   
-4.00    -16.00   -14.00   2.00     -6.00    6.00     -14.00   -16.00   16.00    -14.00   
-2.00    -2.00    -12.00   16.00    -16.00   8.00     12.00    0.00     -8.00    14.00    
-4.00    16.00    -8.00    -2.00    -14.00   14.00    -2.00    -14.00   -12.00   14.00    
-6.00    -10.00   14.00    16.00    14.00    14.00    6.00     8.00     -12.00   -14.00   
4.00     8.00     14.00    -14.00   14.00    14.00    8.00     12.00    -14.00   -16.00   
14.00    -4.00    -10.00   -10.00   14.00    -10.00   -2.00    -14.00   0.00     10.00    
-2.00    -14.00   -14.00   6.00     -14.00   -2.00    -2.00    8.00     8.00     -14.00   
-2.00    -14.00   -16.00   -10.00   -14.00   -16.00   6.00     -14.00   12.00    14.00    
0.00     6.00     14.00    2.00     -12.00   -10.00   -14.00   -14.00   -8.00    0.00     
-6.00    8.00     2.00     12.00    18.00    -14.00   -14.00   -12.00   -8.00    14.00    
-14.00   -14.00   14.00    8.00     -6.00    0.00     -12.00   6.00     2.00     14.00    
-14.00   -14.00   16.00    -16.00   -14.00   -6.00    -4.00    14.00    -8.00    8.00     
14.00    -10.00   16.00    16.00    14.00    -14.00   -14.00   -16.00   -14.00   14.00    
-16.00   14.00    14.00    2.00     -14.00   14.00    0.00     16.00    14.00    -14.00   
14.00    -8.00    16.00    -8.00    10.00    14.00    8.00     -14.00   -14.00   -8.00    
10.00    12.00    10.00    14.00    14.00    14.00    -14.00   10.00    8.00     0.00     
10.00    12.00    0.00     4.00     12.00    -14.00   -16.00   14.00    0.00     14.00    
6.00     -14.00   -12.00   12.00    6.00     -6.00    -16.00   -14.00   -14.00   14.00    
4.00     14.00    14.00    -12.00   -14.00   -14.00   0.00     14.00    -14.00   -14.00   
-8.00    16.00    14.00    -2.00    -14.00   -14.00   0.00     -14.00   14.00    8.00     
8.00     -10.00   -6.00    12.00    14.00    8.00     -14.00   -14.00   14.00    -14.00   
-12.00   -8.00    10.00    -16.00   0.00     -14.00   16.00    14.00    -14.00   14.00    
16.00    12.00    16.00    14.00    8.00     2.00     -14.00   10.00    -14.00   0.00     
-4.00    -12.00   14.00    14.00    -14.00   14.00    14.00    -14.00   14.00    -14.00   
8.00     2.00     -8.00    -14.00   -14.00   12.00    0.00     0.00     -14.00   -12.00   
-6.00    0.00     14.00    14.00    -14.00   14.00    -16.00   16.00    0.00     8.00     
-2.00    -14.00   16.00    10.00    14.00    14.00    8.00     -14.00   -14.00   14.00    
12.00    6.00     14.00    -6.00    12.00    -8.00    14.00    0.00     14.00    -12.00   
12.00    0.00     -10.00   -8.00    -8.00    -2.00    -8.00    8.00     14.00    14.00    
-8.00    -12.00   8.00     -14.00   16.00    -14.00   14.00    -14.00   14.00    14.00    
8.00     -10.00   -2.00    12.00    -2.00    14.00    16.00    14.00    -14.00   -14.00   
10.00    10.00    2.00     8.00     12.00    0.00     14.00    14.00    14.00    0.00     
14.00    -8.00    4.00     16.00    14.00    -12.00   -14.00   14.00    12.00    -16.00   
0.00     12.00    -14.00   -14.00   -6.00    -14.00   14.00    -14.00   -14.00   -14.00   
6.00     -12.00   10.00    -14.00   14.00    -16.00   -14.00   -14.00   -14.00   14.00    
-8.00    10.00    -12.00   -8.00    2.00     14.00    8.00     -14.00   -14.00   -14.00   
4.00     16.00    -2.00    4.00     14.00    -14.00   14.00    14.00    -14.00   14.00    
-12.00   14.00    14.00    -14.00   -14.00   14.00    -14.00   14.00    -14.00   6.00     
14.00    10.00    8.00     12.00    -2.00    14.00    14.00    -2.00    -14.00   -14.00   
0.00     12.00    0.00     0.00     14.00    -8.00    14.00    -14.00   -14.00   -14.00   
-14.00   0.00     -14.00   14.00    2.00     12.00    -14.00   12.00    -14.00   14.00    
12.00    8.00     8.00     12.00    -14.00   -16.00   -14.00   14.00    14.00    -8.00    
0.00     -12.00   12.00    12.00    0.00     -2.00    -14.00   8.00     0.00     -14.00   
14.00    -6.00    -14.00   6.00     2.00     14.00    14.00    14.00    -8.00    -8.00    
-6.00    14.00    14.00    0.00     -14.00   14.00    -14.00   14.00    -14.00   14.00    
-12.00   -4.00    -12.00   -6.00    -2.00    0.00     -14.00   -14.00   14.00    -14.00   
18.00    4.00     14.00    -8.00    10.00    -14.00   14.00    14.00    -14.00   -14.00   
14.00    16.00    14.00    -14.00   -14.00   -14.00   -14.00   -16.00   -14.00   -14.00   
8.00     0.00     6.00     2.00     14.00    12.00    0.00     14.00    -14.00   -12.00   
12.00    0.00     14.00    -14.00   16.00    14.00    6.00     -14.00   14.00    16.00    
0.00     -6.00    14.00    -14.00   -4.00    12.00    14.00    -14.00   -14.00   8.00     
6.00     14.00    -14.00   -14.00   0.00     -14.00   14.00    -16.00   0.00     14.00    
-14.00   8.00     -8.00    14.00    8.00     14.00    14.00    -12.00   8.00     -14.00   
4.00     -16.00   0.00     -14.00   16.00    14.00    0.00     -10.00   -14.00   -14.00   
-18.00   -12.00   12.00    6.00     -6.00    -16.00   8.00     8.00     14.00    -16.00   
-12.00   0.00     -10.00   12.00    -16.00   14.00    14.00    -8.00    -8.00    -14.00   
14.00    -12.00   14.00    2.00     2.00     -14.00   -8.00    14.00    0.00     14.00    
14.00    -6.00    14.00    -16.00   14.00    14.00    14.00    -14.00   14.00    -8.00    
-12.00   -8.00    0.00     -14.00   -8.00    14.00    0.00     -14.00   -8.00    0.00     
-8.00    0.00     2.00     16.00    14.00    14.00    -14.00   10.00    -14.00   -14.00   
-12.00   8.00     0.00     -14.00   16.00    14.00    -14.00   14.00    14.00    14.00    
14.00    14.00    0.00     -6.00    -14.00   8.00     12.00    -14.00   -12.00   -14.00   
-2.00    10.00    -2.00    16.00    0.00     8.00     -6.00    2.00     14.00    14.00    
-6.00    6.00     6.00     -14.00   -12.00   14.00    14.00    14.00    -14.00   0.00     
-16.00   -8.00    2.00     2.00     -8.00    -14.00   -14.00   -8.00    16.00    -14.00   
-12.00   10.00    -14.00   8.00     -14.00   2.00     -14.00   6.00     0.00     -14.00   
0.00     -12.00   -14.00   -16.00   14.00    -16.00   -14.00   14.00    -14.00   -12.00   
-6.00    8.00     12.00    -14.00   -16.00   -16.00   14.00    0.00     -14.00   -14.00   
-14.00   16.00    14.00    14.00    14.00    -14.00   -8.00    12.00    0.00     14.00    
14.00    12.00    2.00     -16.00   -14.00   0.00     16.00    14.00    8.00     -14.00   
2.00     -14.00   14.00    14.00    12.00    8.00     14.00    -14.00   -14.00   0.00     
2.00     2.00     14.00    6.00     -14.00   -8.00    -14.00   0.00     14.00    -14.00   
-8.00    -14.00   0.00     -12.00   -16.00   -6.00    -14.00   14.00    -6.00    14.00    
-4.00    16.00    14.00    14.00    -14.00   8.00     0.00     14.00    16.00    -14.00   
-8.00    -14.00   6.00     12.00    -14.00   -14.00   16.00    -12.00   0.00     -14.00   
-8.00    0.00     -8.00    8.00     -14.00   10.00    16.00    14.00    -14.00   14.00    
-4.00    0.00     16.00    8.00     -14.00   -14.00   8.00     14.00    6.00     -14.00   
8.00     -6.00    14.00    -8.00    -8.00    -10.00   16.00    -14.00   14.00    14.00    
-4.00    -4.00    14.00    -14.00   -12.00   0.00     14.00    -14.00   -14.00   0.00     
2.00     14.00    14.00    -12.00   14.00    -8.00    14.00    8.00     -14.00   -14.00   
-8.00    -8.00    4.00     -14.00   8.00     14.00    -12.00   -14.00   14.00    8.00     
-2.00    14.00    12.00    14.00    8.00     -14.00   14.00    14.00    16.00    14.00    
8.00     -8.00    0.00     16.00    -10.00   -10.00   14.00    14.00    -14.00   14.00    
0.00     14.00    12.00    14.00    6.00     12.00    -14.00   -16.00   14.00    14.00    
12.00    14.00    14.00    -4.00    12.00    -8.00    -16.00   -8.00    -8.00    14.00    
12.00    -16.00   14.00    -4.00    14.00    14.00    -16.00   14.00    -14.00   14.00    
2.00     2.00     -12.00   2.00     14.00    -14.00   -8.00    -6.00    8.00     -14.00   
-8.00    12.00    10.00    -14.00   14.00    0.00     2.00     12.00    0.00     14.00    
-12.00   -2.00    6.00     14.00    -6.00    0.00     -10.00   14.00    -14.00   -14.00   
-10.00   -12.00   14.00    -14.00   14.00    -14.00   8.00     -8.00    14.00    14.00    
18.00    8.00     -6.00    -14.00   0.00     -8.00    0.00     0.00     2.00     -14.00   
-16.00   -14.00   10.00    2.00     8.00     12.00    0.00     -14.00   14.00    14.00    
-2.00    -16.00   2.00     -6.00    8.00     -14.00   14.00    14.00    -8.00    14.00    
14.00    10.00    -2.00    14.00    -14.00   8.00     14.00    -14.00   14.00    14.00    
6.00     -2.00    -8.00    0.00     14.00    -14.00   14.00    -14.00   -16.00   -8.00    
-8.00    -4.00    -14.00   0.00     -16.00   0.00     -14.00   -12.00   -16.00   14.00    
-8.00    -8.00    -10.00   12.00    -14.00   14.00    8.00     18.00    -2.00    -12.00   
2.00     8.00     14.00    6.00     -14.00   -6.00    6.00     14.00    -14.00   -14.00   
-6.00    16.00    -14.00   14.00    -14.00   0.00     16.00    14.00    18.00    -14.00   
-12.00   14.00    -16.00   12.00    0.00     0.00     -4.00    0.00     -14.00   8.00     
-6.00    14.00    -6.00    -12.00   -16.00   0.00     14.00    14.00    -14.00   8.00     
2.00     -14.00   14.00    -6.00    -12.00   14.00    -14.00   -6.00    16.00    14.00    
-16.00   12.00    -14.00   0.00     0.00     -14.00   -8.00    -8.00    14.00    14.00    
8.00     2.00     -14.00   16.00    -4.00    -16.00   14.00    -14.00   14.00    14.00    
-4.00    -2.00    0.00     6.00     12.00    0.00     -12.00   -14.00   14.00    -14.00   
14.00    -10.00   6.00     16.00    12.00    14.00    14.00    -14.00   14.00    6.00     
8.00     0.00     6.00     -14.00   0.00     -14.00   14.00    -14.00   -14.00   0.00     
0.00     12.00    -8.00    -12.00   12.00    16.00    14.00    14.00    14.00    -14.00   
10.00    2.00     12.00    -14.00   -2.00    -12.00   -14.00   -14.00   8.00     0.00     
-14.00   16.00    0.00     14.00    18.00    0.00     16.00    -14.00   14.00    14.00    
-10.00   4.00     0.00     10.00    14.00    -14.00   14.00    12.00    14.00    -2.00    
8.00     8.00     12.00    -16.00   14.00    14.00    0.00     -14.00   -14.00   14.00    
14.00    -14.00   -14.00   -12.00   -14.00   -12.00   -8.00    14.00    -8.00    -14.00   
10.00    -8.00    8.00     -12.00   -8.00    -12.00   14.00    -14.00   -8.00    -14.00   
2.00     6.00     -6.00    -8.00    6.00     14.00    -14.00   -14.00   14.00    -14.00   
14.00    6.00     2.00     8.00     -16.00   14.00    14.00    -6.00    0.00     14.00    
-10.00   -12.00   -14.00   14.00    0.00     -16.00   -16.00   14.00    -14.00   14.00    
16.00    -4.00    14.00    -8.00    -14.00   8.00     8.00     -14.00   2.00     6.00     
14.00    0.00     0.00     4.00     14.00    14.00    -14.00   -2.00    14.00    -16.00   
-6.00    4.00     -14.00   -4.00    -2.00    -8.00    -14.00   16.00    -14.00   -8.00    
-12.00   -14.00   14.00    8.00     14.00    2.00     14.00    14.00    -14.00   -14.00   
-2.00    -14.00   14.00    -8.00    -14.00   -14.00   -14.00   -6.00    -16.00   -14.00   
4.00     -8.00    -14.00   8.00     6.00     -6.00    16.00    14.00    8.00     14.00    
-2.00    -16.00   -2.00    -8.00    -6.00    -14.00   4.00     8.00     -14.00   0.00     
6.00     8.00     -6.00    14.00    -16.00   14.00    -14.00   14.00    -14.00   -14.00   
-4.00    8.00     16.00    8.00     -14.00   -14.00   0.00     14.00    8.00     -14.00   
0.00     -2.00    2.00     12.00    0.00     0.00     14.00    14.00    0.00     -6.00    
16.00    16.00    4.00     -14.00   14.00    -8.00    -14.00   -14.00   0.00     14.00    
8.00     -2.00    -6.00    -14.00   14.00    14.00    -16.00   -14.00   8.00     14.00    
14.00    2.00     -14.00   -14.00   14.00    -14.00   0.00     -14.00   -2.00    -14.00   
16.00    -6.00    -8.00    -8.00    8.00     2.00     8.00     8.00     16.00    -14.00   
-4.00    -14.00   -12.00   -2.00    2.00     4.00     0.00     -2.00    14.00    -14.00   
-14.00   12.00    14.00    -8.00    16.00    -14.00   14.00    -14.00   -14.00   14.00    
6.00     6.00     -2.00    4.00     -8.00    14.00    -8.00    -14.00   14.00    14.00    
10.00    12.00    8.00     14.00    14.00    -14.00   0.00     0.00     0.00     8.00     
-6.00    10.00    -6.00    0.00     14.00    2.00     14.00    12.00    -8.00    -14.00   
14.00    8.00     16.00    -14.00   -16.00   0.00     14.00    0.00     -14.00   -14.00   
12.00    -14.00   14.00    -14.00   8.00     -14.00   2.00     0.00     14.00    -14.00   
-14.00   0.00     -8.00    -14.00   8.00     8.00     -14.00   12.00    -14.00   14.00    
-14.00   -12.00   -12.00   -8.00    -12.00   14.00    16.00    14.00    8.00     14.00    
8.00     4.00     12.00    8.00     2.00     -8.00    -12.00   -14.00   -14.00   -14.00   
-2.00    -14.00   8.00     -12.00   8.00     -14.00   -14.00   0.00     14.00    14.00    
-6.00    -12.00   12.00    6.00     -14.00   -10.00   -14.00   14.00    -14.00   -14.00   
-12.00   -16.00   -6.00    -10.00   0.00     14.00    14.00    0.00     2.00     14.00    
-12.00   -14.00   12.00    -14.00   0.00     -14.00   -12.00   0.00     0.00     16.00    
-14.00   -6.00    -14.00   -8.00    14.00    2.00     -14.00   14.00    -14.00   -14.00   
6.00     -12.00   -14.00   8.00     0.00     0.00     -12.00   14.00    -14.00   14.00    
12.00    18.00    -12.00   -14.00   -4.00    2.00     6.00     -14.00   0.00     -14.00   
12.00    -10.00   -14.00   16.00    14.00    8.00     14.00    -14.00   -14.00   -12.00   
14.00    0.00     0.00     -14.00   0.00     -14.00   14.00    16.00    -16.00   -14.00   
10.00    -8.00    0.00     0.00     2.00     14.00    14.00    -12.00   14.00    14.00    
8.00     -14.00   -12.00   -8.00    -14.00   0.00     -14.00   14.00    -14.00   14.00    
-4.00    8.00     6.00     -2.00    -14.00   -14.00   -12.00   14.00    12.00    -14.00   
-6.00    8.00     14.00    0.00     0.00     -10.00   -14.00   14.00    14.00    -14.00   
-8.00    0.00     6.00     14.00    -10.00   8.00     -14.00   14.00    8.00     -14.00   
-14.00   6.00     -14.00   0.00     -14.00   -14.00   14.00    14.00    8.00     14.00    
-18.00   -8.00    14.00    -14.00   -14.00   -14.00   -16.00   12.00    8.00     -8.00    
-8.00    -10.00   8.00     0.00     10.00    14.00    2.00     2.00     14.00    -14.00   
-14.00   4.00     8.00     -8.00    -14.00   -12.00   14.00    14.00    -14.00   -14.00   
-10.00   -6.00    -14.00   0.00     -8.00    14.00    12.00    14.00    14.00    -14.00   
14.00    -8.00    -16.00   12.00    -12.00   -14.00   14.00    14.00    0.00     8.00     
14.00    -2.00    2.00     0.00     -8.00    -12.00   14.00    0.00     -14.00   0.00     
2.00     2.00     2.00     0.00     14.00    8.00     -12.00   -6.00    -16.00   16.00    
0.00     -2.00    -16.00   -16.00   10.00    -14.00   -8.00    14.00    14.00    16.00    
16.00    -14.00   4.00     0.00     0.00     -14.00   8.00     14.00    14.00    -14.00   
2.00     0.00     -8.00    -14.00   -6.00    16.00    -14.00   0.00     -14.00   14.00    
-10.00   -4.00    12.00    12.00    8.00     -4.00    -14.00   -14.00   -14.00   -14.00   
-10.00   6.00     14.00    0.00     -16.00   14.00    -10.00   14.00    14.00    14.00    
0.00     -8.00    6.00     -14.00   14.00    14.00    0.00     16.00    0.00     -14.00   
-10.00   14.00    2.00     2.00     -16.00   14.00    -14.00   0.00     -8.00    14.00    
8.00     4.00     12.00    0.00     14.00    0.00     0.00     14.00    6.00     -14.00   
-14.00   -12.00   0.00     0.00     -8.00    -14.00   14.00    14.00    -8.00    14.00    
14.00    -12.00   -2.00    16.00    2.00     -2.00    -14.00   -14.00   16.00    -14.00   
14.00    -16.00   -16.00   2.00     12.00    14.00    -14.00   -14.00   14.00    14.00    
0.00     -12.00   0.00     -14.00   -14.00   -16.00   14.00    -16.00   -14.00   -14.00   
-14.00   8.00     14.00    4.00     -4.00    14.00    8.00     -14.00   14.00    -12.00   
-18.00   0.00     0.00     -16.00   12.00    14.00    -14.00   8.00     -8.00    8.00     
6.00     -2.00    14.00    16.00    2.00     -10.00   -14.00   -8.00    14.00    -14.00   
4.00     2.00     -14.00   -12.00   -14.00   14.00    12.00    -16.00   0.00     14.00    
-14.00   2.00     -4.00    -14.00   8.00     -14.00   -4.00    0.00     -14.00   2.00     
14.00    8.00     0.00     12.00    -2.00    -14.00   14.00    14.00    -8.00    -14.00   
-8.00    -12.00   -14.00   -14.00   -14.00   -14.00   0.00     -16.00   0.00     -14.00   
-10.00   2.00     -6.00    14.00    8.00     0.00     16.00    -14.00   -8.00    -16.00   
6.00     6.00     -12.00   -8.00    0.00     14.00    -14.00   0.00     0.00     -14.00   
-2.00    -2.00    -8.00    4.00     14.00    14.00    14.00    -14.00   16.00    -16.00   
-6.00    -6.00    0.00     16.00    -14.00   -14.00   10.00    14.00    -8.00    14.00    
0.00     0.00     2.00     16.00    6.00     -16.00   -8.00    14.00    -14.00   0.00     
14.00    10.00    14.00    -14.00   14.00    -2.00    -14.00   -14.00   -16.00   14.00    
-8.00    -14.00   -8.00    14.00    0.00     16.00    -14.00   -14.00   14.00    14.00    
-12.00   -16.00   -16.00   -2.00    -2.00    -14.00   -14.00   -14.00   14.00    -14.00   
-14.00   -14.00   -14.00   -14.00   14.00    0.00     0.00     -14.00   16.00    14.00    
10.00    -4.00    14.00    0.00     -4.00    14.00    0.00     6.00     14.00    14.00    
16.00    14.00    -12.00   -14.00   12.00    -8.00    -6.00    -14.00   12.00    14.00    
-12.00   2.00     -14.00   -16.00   8.00     14.00    -14.00   -14.00   -14.00   0.00     
16.00    -14.00   -8.00    8.00     -14.00   -14.00   14.00    14.00    -14.00   14.00    
-2.00    -12.00   -16.00   6.00     -8.00    -14.00   -14.00   -14.00   14.00    14.00    
10.00    0.00     10.00    14.00    8.00     14.00    14.00    0.00     -14.00   14.00    
-14.00   2.00     2.00     0.00     -14.00   0.00     -14.00   -14.00   14.00    -14.00   
14.00    -12.00   12.00    12.00    14.00    -10.00   -16.00   -16.00   -14.00   -14.00   
-8.00    0.00     4.00     14.00    0.00     0.00     -14.00   0.00     -14.00   14.00    
-8.00    -8.00    8.00     -14.00   -10.00   -14.00   8.00     8.00     -6.00    -14.00   
14.00    -2.00    -12.00   -4.00    -14.00   14.00    -14.00   -14.00   14.00    -16.00   
0.00     12.00    -8.00    -2.00    -14.00   14.00    10.00    -16.00   14.00    -8.00    
-8.00    -6.00    14.00    12.00    -16.00   -16.00   12.00    -2.00    12.00    -14.00   
-10.00   18.00    -4.00    -8.00    -6.00    14.00    14.00    -8.00    -14.00   14.00    
8.00     14.00    -14.00   -8.00    -16.00   -6.00    -14.00   14.00    6.00     14.00    
-8.00    -14.00   8.00     0.00     -14.00   14.00    0.00     0.00     0.00     -10.00   
-8.00    14.00    0.00     14.00    -16.00   14.00    -14.00   16.00    14.00    -14.00   
-6.00    -2.00    6.00     14.00    -14.00   0.00     14.00    -14.00   -14.00   14.00    
8.00     16.00    -14.00   8.00     10.00    14.00    14.00    8.00     -14.00   -14.00   
-18.00   14.00    -14.00   -16.00   14.00    14.00    -6.00    14.00    -16.00   14.00    
6.00     0.00     16.00    -12.00   0.00     10.00    0.00     14.00    -14.00   8.00     
-4.00    0.00     -10.00   -8.00    2.00     6.00     14.00    12.00    14.00    -14.00   
16.00    -14.00   -14.00   14.00    8.00     -10.00   -14.00   2.00     -14.00   0.00     
4.00     8.00     14.00    -14.00   -12.00   14.00    14.00    14.00    14.00    14.00    
-8.00    -8.00    -14.00   -14.00   -16.00   -6.00    14.00    14.00    8.00     8.00     
-10.00   0.00     -16.00   8.00     -10.00   -8.00    16.00    14.00    -14.00   14.00    
-12.00   14.00    0.00     -14.00   -6.00    14.00    12.00    -16.00   6.00     -14.00   
-2.00    14.00    -4.00    8.00     8.00     -14.00   -14.00   -14.00   14.00    14.00    
-2.00    -4.00    0.00     -12.00   -6.00    12.00    14.00    4.00     -14.00   10.00    
8.00     14.00    -14.00   -8.00    -12.00   0.00     -8.00    -14.00   -14.00   -14.00   
-16.00   -14.00   -14.00   10.00    -14.00   -8.00    -2.00    14.00    14.00    12.00    
8.00     14.00    16.00    -14.00   -4.00    0.00     0.00     16.00    -14.00   2.00     
2.00     14.00    4.00     -8.00    8.00     8.00     12.00    -14.00   14.00    12.00    
-16.00   -2.00    4.00     8.00     4.00     -14.00   -14.00   16.00    14.00    14.00    
10.00    -16.00   12.00    -14.00   -2.00    8.00     0.00     14.00    -14.00   -14.00   
12.00    0.00     12.00    6.00     -10.00   -14.00   -14.00   -14.00   -14.00   -14.00   
10.00    -14.00   16.00    -14.00   14.00    12.00    14.00    14.00    -14.00   -14.00   
-16.00   14.00    14.00    -14.00   2.00     -4.00    0.00     -6.00    14.00    -14.00   
-16.00   -14.00   -2.00    14.00    -14.00   4.00     18.00    0.00     -14.00   0.00     
0.00     -12.00   14.00    -16.00   -14.00   6.00     -14.00   14.00    14.00    14.00    
-12.00   12.00    -14.00   0.00     -4.00    0.00     18.00    8.00     -14.00   14.00    
8.00     -14.00   -14.00   14.00    12.00    12.00    0.00     -14.00   -14.00   -14.00   
2.00     14.00    -10.00   6.00     -16.00   12.00    -18.00   -8.00    14.00    8.00     
4.00     0.00     14.00    -8.00    -14.00   -14.00   14.00    14.00    -14.00   0.00     
0.00     16.00    8.00     0.00     -14.00   6.00     4.00     14.00    16.00    8.00     
-4.00    8.00     10.00    -12.00   -14.00   14.00    -2.00    14.00    -14.00   -14.00   
8.00     14.00    -16.00   -2.00    14.00    -2.00    -16.00   14.00    -14.00   0.00     
4.00     14.00    -8.00    -14.00   -8.00    -8.00    -14.00   14.00    14.00    -14.00   
-2.00    12.00    -12.00   4.00     -14.00   -14.00   8.00     14.00    -14.00   0.00     
10.00    -2.00    -6.00    12.00    12.00    0.00     -14.00   16.00    -14.00   14.00    
-8.00    0.00     -12.00   -16.00   4.00     -12.00   14.00    14.00    14.00    0.00     
6.00     -2.00    12.00    0.00     -8.00    8.00     10.00    8.00     -14.00   -14.00   
2.00     8.00     -14.00   14.00    -14.00   14.00    -2.00    -14.00   10.00    -14.00   
2.00     4.00     -16.00   -16.00   -8.00    14.00    -14.00   -14.00   -16.00   14.00    
-14.00   16.00    -16.00   0.00     2.00     14.00    14.00    8.00     -8.00    14.00    
-14.00   14.00    -14.00   8.00     6.00     -12.00   16.00    16.00    8.00     0.00     
6.00     -14.00   -14.00   14.00    14.00    -14.00   14.00    -14.00   -14.00   16.00    
14.00    -14.00   0.00     -14.00   14.00    14.00    -14.00   14.00    -16.00   0.00     
14.00    10.00    0.00     14.00    16.00    -8.00    -8.00    14.00    14.00    14.00    
14.00    -2.00    -2.00    -8.00    -12.00   8.00     14.00    -14.00   0.00     -14.00   
4.00     -12.00   6.00     -6.00    -16.00   -14.00   -14.00   8.00     -14.00   14.00    
2.00     -14.00   -10.00   10.00    -16.00   6.00     0.00     -14.00   16.00    14.00    
-6.00    16.00    8.00     -6.00    -14.00   14.00    2.00     14.00    -14.00   -14.00   
-10.00   -14.00   14.00    12.00    12.00    16.00    12.00    14.00    14.00    14.00    
0.00     2.00     10.00    14.00    14.00    0.00     -14.00   14.00    -14.00   0.00     
14.00    12.00    -6.00    14.00    0.00     -14.00   14.00    14.00    14.00    -16.00   
4.00     -2.00    -8.00    8.00     -8.00    0.00     0.00     -14.00   -14.00   12.00    
6.00     10.00    -14.00   14.00    14.00    -16.00   0.00     -12.00   -14.00   14.00    
-12.00   8.00     0.00     -4.00    -2.00    -6.00    -14.00   -14.00   -14.00   -14.00   
-14.00   -12.00   -12.00   14.00    -8.00    -16.00   -6.00    8.00     -12.00   -8.00    
