510      0.69314718        
504      5.94399184        
502      5.53412086        
500      5.25982696        
498      10.50806467       
496      10.80553600       
494      10.89559383       
492      14.67142853       
490      15.37214477       
488      15.73600702       
486      18.57637861       
484      19.53931519       
482      20.11650803       
480      22.30314763       
478      23.43443417       
476      24.17215974       
474      25.90974982       
472      27.12870201       
470      27.98721841       
468      29.42946748       
466      30.66801745       
464      31.61932044       
462      32.87310312       
460      34.08751268       
458      35.09499447       
456      36.24155590       
454      37.41113186       
452      38.44523451       
450      39.53327763       
448      40.65315294       
446      41.69723658       
444      42.74758820       
442      43.82525134       
440      44.86155158       
438      45.88790351       
436      46.92805572       
434      47.94880861       
432      48.95629589       
430      49.96833925       
428      50.97186544       
426      51.96509473       
424      52.95389208       
422      53.93766691       
420      54.91167082       
418      55.88152322       
416      56.84563665       
414      57.80147384       
412      58.75513534       
410      59.70190301       
408      60.64183967       
406      61.57895773       
404      62.50931306       
402      63.43531075       
400      64.35630157       
398      65.27096024       
396      66.17874302       
394      67.08418533       
392      67.98676589       
390      68.88273983       
388      69.77340308       
386      70.66201590       
384      71.54690274       
382      72.42516187       
380      73.29977082       
378      74.17018519       
376      75.03841844       
374      75.90115964       
372      76.75704272       
370      77.61403058       
368      78.46272871       
366      79.30789344       
364      80.15241442       
362      80.99012446       
360      81.82529083       
358      82.65905042       
356      83.48674737       
354      84.31274314       
352      85.13533574       
350      85.95258458       
348      86.76944674       
346      87.57997446       
344      88.38796666       
342      89.19302967       
340      89.99542767       
338      90.79283018       
336      91.58707969       
334      92.38200766       
332      93.16957670       
330      93.95560497       
328      94.73753755       
326      95.51758715       
324      96.29362070       
322      97.06743967       
320      97.83890153       
318      98.60568224       
316      99.37173101       
314      100.13544018      
312      100.89313541      
310      101.64904316      
308      102.40350307      
306      103.15548348      
304      103.90357144      
302      104.64770669      
300      105.39158545      
298      106.13063657      
296      106.86655712      
294      107.60091197      
292      108.33230400      
290      109.06224233      
288      109.78854899      
286      110.51327932      
284      111.23413028      
282      111.95207979      
280      112.66860011      
278      113.38247879      
276      114.09324854      
274      114.80239475      
272      115.50899394      
270      116.21277916      
268      116.91312270      
266      117.61174385      
264      118.30869232      
262      119.00126500      
260      119.69412686      
258      120.38123552      
256      121.06701323      
254      121.75185039      
252      122.43231158      
250      123.11022311      
248      123.78661486      
246      124.46166950      
244      125.13213575      
242      125.80098136      
240      126.46652843      
238      127.13032403      
236      127.79169982      
234      128.45049137      
232      129.10635483      
230      129.75946770      
228      130.40973775      
226      131.05725044      
224      131.70328489      
222      132.34473841      
220      132.98555685      
218      133.62229755      
216      134.25685568      
214      134.88850276      
212      135.51801134      
210      136.14319268      
208      136.76437279      
206      137.38459043      
204      138.00093658      
202      138.61406432      
200      139.22424760      
198      139.83201718      
196      140.43656091      
194      141.03799648      
192      141.63507563      
190      142.22953413      
188      142.81950451      
186      143.40758757      
184      143.99257929      
182      144.57278816      
180      145.14946745      
178      145.72389366      
176      146.29337877      
174      146.85839951      
172      147.41981262      
170      147.97748765      
168      148.53132041      
166      149.08095354      
164      149.62570020      
162      150.16784961      
160      150.70488116      
158      151.23821863      
156      151.76776570      
154      152.29112442      
152      152.81173128      
150      153.32667021      
148      153.83705862      
146      154.34289479      
144      154.84382273      
142      155.33952461      
140      155.83082126      
138      156.31627740      
136      156.79748519      
134      157.27256681      
132      157.74227722      
130      158.20729919      
128      158.66647953      
126      159.12098118      
124      159.56946866      
122      160.01244789      
120      160.44840298      
118      160.87987909      
116      161.30620870      
114      161.72523556      
112      162.13922420      
110      162.54601873      
108      162.94698025      
106      163.34271771      
104      163.73154716      
102      164.11347861      
100      164.48985389      
98       164.86033973      
96       165.22401242      
94       165.58084051      
92       165.93118565      
90       166.27401027      
88       166.61099078      
86       166.94058035      
84       167.26413654      
82       167.57973099      
80       167.88929036      
78       168.19013420      
76       168.48462763      
74       168.77330556      
72       169.05389556      
70       169.32799044      
68       169.59320094      
66       169.85218683      
64       170.10435267      
62       170.34808533      
60       170.58451669      
58       170.81405140      
56       171.03592504      
54       171.25031598      
52       171.45674039      
50       171.65558755      
48       171.84694527      
46       172.03135939      
44       172.20781629      
42       172.37603491      
40       172.53566968      
38       172.68886331      
36       172.83443543      
34       172.97194905      
32       173.10198118      
30       173.22430828      
28       173.33799676      
26       173.44434659      
24       173.54281199      
22       173.63285680      
20       173.71639311      
18       173.79172653      
16       173.85807729      
14       173.91715784      
12       173.96836075      
10       174.01198122      
8        174.04805830      
6        174.07532684      
4        174.09447144      
2        174.10694939      
0        174.11113895      
-2       174.10703778      
-4       174.09519818      
-6       174.07579513      
-8       174.04827907      
-10      174.01258933      
-12      173.96916996      
-14      173.91792729      
-16      173.85909515      
-18      173.79206791      
-20      173.71713286      
-22      173.63448959      
-24      173.54347820      
-26      173.44535878      
-28      173.33972467      
-30      173.22536655      
-32      173.10324997      
-34      172.97378601      
-36      172.83650416      
-38      172.69116346      
-40      172.53860794      
-42      172.37838352      
-44      172.20995587      
-46      172.03355981      
-48      171.84999682      
-50      171.65883681      
-52      171.45995146      
-54      171.25303763      
-56      171.03841704      
-58      170.81710927      
-60      170.58739793      
-62      170.35087758      
-64      170.10621939      
-66      169.85379578      
-68      169.59450666      
-70      169.32725194      
-72      169.05267027      
-74      168.76977663      
-76      168.48052347      
-78      168.18287703      
-80      167.87736752      
-82      167.56460473      
-84      167.24472962      
-86      166.91755678      
-88      166.58187124      
-90      166.23980567      
-92      165.89121067      
-94      165.53379655      
-96      165.16952389      
-98      164.79737027      
-100     164.41872044      
-102     164.03287583      
-104     163.63835327      
-106     163.23670438      
-108     162.82873221      
-110     162.41231148      
-112     161.98918912      
-114     161.55952820      
-116     161.12181070      
-118     160.67726926      
-120     160.22463028      
-122     159.76370382      
-124     159.29678757      
-126     158.82203686      
-128     158.33894001      
-130     157.85027633      
-132     157.35416862      
-134     156.85004163      
-136     156.33924901      
-138     155.82066379      
-140     155.29539795      
-142     154.76210704      
-144     154.22101630      
-146     153.67366375      
-148     153.11959435      
-150     152.55574174      
-152     151.98590097      
-154     151.40884438      
-156     150.82355511      
-158     150.23125769      
-160     149.63165636      
-162     149.02348877      
-164     148.41073416      
-166     147.78847931      
-168     147.15873697      
-170     146.52203964      
-172     145.87718168      
-174     145.22470973      
-176     144.56601378      
-178     143.89835830      
-180     143.22222875      
-182     142.53968422      
-184     141.84943418      
-186     141.14993378      
-188     140.44581152      
-190     139.73228961      
-192     139.00973047      
-194     138.28063406      
-196     137.54230599      
-198     136.79665768      
-200     136.04263891      
-202     135.28065270      
-204     134.51002365      
-206     133.73258979      
-208     132.94633500      
-210     132.15279038      
-212     131.34804587      
-214     130.53540115      
-216     129.71677619      
-218     128.88620683      
-220     128.04909025      
-222     127.20359263      
-224     126.34758663      
-226     125.48256033      
-228     124.60885913      
-230     123.72464441      
-232     122.83308367      
-234     121.93113898      
-236     121.01955508      
-238     120.09906220      
-240     119.16777365      
-242     118.22533119      
-244     117.27534284      
-246     116.31507456      
-248     115.34494278      
-250     114.36237033      
-252     113.37091929      
-254     112.36745165      
-256     111.35340081      
-258     110.32865967      
-260     109.29378882      
-262     108.24532729      
-264     107.18679996      
-266     106.11703801      
-268     105.03298847      
-270     103.93546714      
-272     102.82856811      
-274     101.70924231      
-276     100.57541251      
-278     99.42709690       
-280     98.26328340       
-282     97.08666614       
-284     95.89591522       
-286     94.69285816       
-288     93.47062398       
-290     92.23425428       
-292     90.98297538       
-294     89.71135579       
-296     88.42409468       
-298     87.11963607       
-300     85.79616366       
-302     84.45303733       
-304     83.08845457       
-306     81.70371145       
-308     80.29811391       
-310     78.86981316       
-312     77.42129145       
-314     75.94907918       
-316     74.45019083       
-318     72.92841060       
-320     71.37834790       
-322     69.79778483       
-324     68.18961672       
-326     66.54998308       
-328     64.87496850       
-330     63.16905583       
-332     61.42718217       
-334     59.64991262       
-336     57.83354604       
-338     55.97385794       
-340     54.06687246       
-342     52.11766279       
-344     50.11712360       
-346     48.05843122       
-348     45.94430500       
-350     43.76687065       
-352     41.52236188       
-354     39.20718719       
-356     36.81725038       
-358     34.33801410       
-360     31.76498905       
-362     29.08644756       
-364     26.28906229       
-366     23.36164614       
-368     20.27431702       
-370     16.99663970       
-372     13.49648124       
-374     9.71087190        
-376     5.51321668        
-378     0.61205960        
