-80.00   -140.00  -18.00   -194.00  -70.00   -90.00   -62.00   -120.00  62.00    180.00   
-60.00   -4.00    -10.00   -258.00  110.00   156.00   138.00   -88.00   18.00    -120.00  
-18.00   14.00    -38.00   96.00    -78.00   192.00   -46.00   178.00   -70.00   102.00   
-50.00   4.00     78.00    -50.00   152.00   118.00   56.00    112.00   -100.00  68.00    
6.00     -80.00   -130.00  -96.00   154.00   -20.00   222.00   216.00   106.00   -228.00  
42.00    12.00    80.00    -62.00   -46.00   116.00   56.00    146.00   92.00    124.00   
-12.00   -106.00  2.00     2.00     -60.00   194.00   74.00    -86.00   -144.00  -206.00  
142.00   58.00    -226.00  -130.00  88.00    -38.00   12.00    -36.00   20.00    -106.00  
128.00   -104.00  106.00   -48.00   16.00    -38.00   26.00    56.00    132.00   120.00   
24.00    86.00    26.00    -42.00   92.00    -34.00   -86.00   142.00   -178.00  -198.00  
40.00    -42.00   20.00    2.00     -6.00    -10.00   -362.00  102.00   -246.00  -90.00   
44.00    -100.00  68.00    -22.00   -256.00  -66.00   -60.00   64.00    -6.00    -32.00   
168.00   -2.00    -156.00  -48.00   -16.00   -92.00   48.00    -128.00  170.00   26.00    
-10.00   2.00     34.00    -250.00  -214.00  -66.00   -32.00   -116.00  24.00    -40.00   
-80.00   -146.00  -160.00  34.00    -20.00   -8.00    -142.00  -108.00  342.00   -42.00   
-104.00  44.00    -76.00   -102.00  40.00    -110.00  -108.00  -42.00   122.00   28.00    
108.00   -108.00  30.00    194.00   140.00   -122.00  -242.00  212.00   -218.00  50.00    
8.00     28.00    48.00    -12.00   10.00    44.00    22.00    78.00    -212.00  198.00   
-38.00   102.00   12.00    188.00   32.00    -76.00   -184.00  -10.00   10.00    174.00   
-52.00   -124.00  -70.00   -46.00   60.00    -92.00   -100.00  112.00   72.00    38.00    
-86.00   186.00   -8.00    -146.00  -30.00   54.00    14.00    70.00    12.00    30.00    
-44.00   98.00    -40.00   -42.00   -20.00   174.00   -152.00  40.00    10.00    -56.00   
98.00    74.00    8.00     -8.00    14.00    -68.00   224.00   -22.00   106.00   -10.00   
-14.00   -58.00   30.00    -48.00   -84.00   -120.00  16.00    -246.00  74.00    10.00    
-10.00   -44.00   -146.00  -106.00  -46.00   42.00    -28.00   104.00   -152.00  30.00    
138.00   -70.00   -14.00   160.00   -76.00   -88.00   64.00    112.00   -106.00  74.00    
-20.00   -118.00  78.00    164.00   24.00    150.00   -18.00   146.00   -236.00  94.00    
94.00    -2.00    -16.00   136.00   194.00   176.00   -62.00   -210.00  -210.00  170.00   
56.00    74.00    -34.00   -14.00   -122.00  -40.00   118.00   146.00   -112.00  -186.00  
-56.00   24.00    -60.00   -106.00  -102.00  118.00   -16.00   4.00     8.00     -102.00  
-46.00   -28.00   6.00     44.00    20.00    158.00   -144.00  164.00   6.00     -72.00   
-50.00   -6.00    68.00    174.00   114.00   226.00   184.00   20.00    -234.00  -8.00    
-22.00   38.00    104.00   110.00   -92.00   120.00   58.00    -12.00   -70.00   8.00     
42.00    14.00    -56.00   52.00    12.00    112.00   238.00   206.00   -116.00  -42.00   
12.00    -44.00   52.00    -84.00   -18.00   58.00    42.00    -50.00   104.00   198.00   
-28.00   -124.00  -46.00   160.00   168.00   -26.00   64.00    -56.00   -90.00   10.00    
140.00   34.00    -40.00   -74.00   30.00    -86.00   -88.00   86.00    46.00    -116.00  
-136.00  204.00   -6.00    -38.00   -4.00    -78.00   -54.00   34.00    -218.00  2.00     
-4.00    68.00    152.00   62.00    30.00    12.00    -116.00  148.00   0.00     -24.00   
-108.00  -6.00    -130.00  -50.00   -60.00   -120.00  98.00    32.00    -136.00  32.00    
-16.00   20.00    -160.00  -102.00  -50.00   -86.00   30.00    -36.00   194.00   -132.00  
-48.00   2.00     26.00    18.00    66.00    50.00    -6.00    -224.00  -36.00   0.00     
18.00    96.00    -188.00  -28.00   -180.00  -12.00   74.00    -198.00  -16.00   316.00   
104.00   -46.00   -60.00   -8.00    154.00   -118.00  138.00   200.00   -22.00   54.00    
58.00    -78.00   80.00    -148.00  0.00     -188.00  -166.00  -78.00   -106.00  -34.00   
-42.00   152.00   106.00   98.00    -26.00   -44.00   -256.00  -84.00   -194.00  -34.00   
32.00    6.00     -94.00   -28.00   -28.00   -194.00  -258.00  -42.00   -12.00   88.00    
148.00   168.00   160.00   38.00    -80.00   -86.00   -36.00   24.00    216.00   156.00   
-158.00  2.00     -98.00   -78.00   30.00    -114.00  -164.00  16.00    -62.00   -2.00    
-176.00  -124.00  124.00   188.00   -4.00    -98.00   144.00   -28.00   10.00    18.00    
70.00    50.00    -50.00   -158.00  -76.00   -256.00  72.00    40.00    278.00   -6.00    
48.00    64.00    20.00    -72.00   38.00    -116.00  -166.00  156.00   -68.00   -66.00   
-2.00    28.00    36.00    -38.00   96.00    142.00   -134.00  -124.00  -42.00   306.00   
-98.00   48.00    130.00   88.00    90.00    -30.00   -58.00   -58.00   28.00    34.00    
52.00    8.00     16.00    226.00   -42.00   108.00   -80.00   44.00    -290.00  -174.00  
42.00    96.00    118.00   72.00    70.00    32.00    158.00   -94.00   260.00   94.00    
-46.00   74.00    42.00    176.00   -294.00  -38.00   18.00    -28.00   20.00    240.00   
-108.00  44.00    -12.00   82.00    8.00     246.00   44.00    -8.00    244.00   -56.00   
-144.00  90.00    -26.00   158.00   80.00    -92.00   -32.00   140.00   -116.00  126.00   
14.00    54.00    54.00    58.00    -18.00   32.00    156.00   -36.00   106.00   -76.00   
-164.00  10.00    40.00    -42.00   -76.00   174.00   -68.00   92.00    226.00   -102.00  
-36.00   64.00    56.00    52.00    108.00   2.00     -54.00   234.00   68.00    -140.00  
102.00   -134.00  -46.00   -114.00  34.00    18.00    -260.00  -106.00  -64.00   100.00   
-110.00  -56.00   24.00    -2.00    22.00    32.00    40.00    -90.00   46.00    176.00   
-20.00   4.00     -34.00   -56.00   -124.00  60.00    -46.00   -98.00   -38.00   -12.00   
56.00    54.00    -36.00   10.00    -114.00  -54.00   12.00    120.00   -168.00  -76.00   
4.00     26.00    -78.00   -50.00   -54.00   -220.00  -222.00  134.00   -84.00   182.00   
84.00    96.00    184.00   222.00   -54.00   182.00   22.00    174.00   -74.00   -148.00  
124.00   38.00    126.00   -104.00  30.00    -40.00   -120.00  -124.00  -144.00  108.00   
112.00   112.00   -112.00  -78.00   -252.00  28.00    -108.00  6.00     18.00    34.00    
16.00    -76.00   -36.00   -6.00    202.00   56.00    -114.00  -228.00  112.00   102.00   
166.00   -136.00  -10.00   58.00    102.00   48.00    -12.00   -80.00   42.00    -2.00    
68.00    30.00    86.00    18.00    -102.00  220.00   -300.00  46.00    330.00   252.00   
8.00     -98.00   58.00    -102.00  -72.00   108.00   -74.00   -64.00   -70.00   262.00   
-68.00   54.00    156.00   -132.00  -94.00   -10.00   76.00    -36.00   -106.00  -66.00   
34.00    -84.00   6.00     82.00    20.00    -50.00   44.00    2.00     70.00    70.00    
-54.00   -22.00   -76.00   -158.00  -198.00  -26.00   54.00    176.00   -216.00  -38.00   
16.00    22.00    32.00    58.00    -140.00  82.00    -16.00   -14.00   -28.00   42.00    
36.00    86.00    -80.00   26.00    -10.00   42.00    -118.00  184.00   106.00   58.00    
92.00    -4.00    46.00    14.00    -132.00  -172.00  10.00    32.00    140.00   242.00   
14.00    -176.00  28.00    -220.00  92.00    176.00   44.00    -252.00  -144.00  146.00   
2.00     66.00    -158.00  -110.00  -88.00   -26.00   -70.00   80.00    52.00    250.00   
-42.00   -140.00  14.00    16.00    -114.00  28.00    -100.00  -30.00   -218.00  176.00   
24.00    -28.00   24.00    -84.00   188.00   38.00    -86.00   -90.00   68.00    134.00   
-14.00   64.00    -134.00  68.00    -80.00   -8.00    76.00    12.00    2.00     62.00    
160.00   -32.00   -32.00   -28.00   -228.00  36.00    124.00   -262.00  -58.00   -48.00   
-78.00   -14.00   -88.00   -52.00   18.00    -40.00   -102.00  268.00   -50.00   -62.00   
-38.00   20.00    -66.00   160.00   34.00    204.00   138.00   -102.00  126.00   42.00    
66.00    50.00    18.00    -56.00   74.00    70.00    142.00   -90.00   -26.00   190.00   
64.00    -18.00   84.00    -48.00   140.00   -52.00   -128.00  40.00    -54.00   50.00    
-104.00  -80.00   -106.00  -224.00  50.00    46.00    -142.00  68.00    46.00    -174.00  
94.00    36.00    -44.00   4.00     -26.00   -154.00  100.00   -54.00   -40.00   230.00   
52.00    -72.00   42.00    -40.00   -62.00   -10.00   -250.00  2.00     10.00    -104.00  
-20.00   -14.00   -150.00  38.00    -64.00   -138.00  14.00    182.00   188.00   208.00   
-38.00   -84.00   -4.00    70.00    -34.00   -104.00  148.00   118.00   42.00    -72.00   
-16.00   -16.00   -50.00   -62.00   54.00    -42.00   -16.00   -2.00    -172.00  -134.00  
68.00    -16.00   -30.00   28.00    -56.00   -52.00   -64.00   -62.00   -146.00  42.00    
144.00   110.00   -130.00  8.00     -62.00   132.00   142.00   142.00   108.00   64.00    
-110.00  68.00    78.00    42.00    38.00    180.00   -222.00  -36.00   16.00    66.00    
66.00    -2.00    -172.00  128.00   -142.00  -72.00   108.00   -56.00   36.00    -12.00   
