30       0.69314718        
24       3.18126808        
22       2.77758103        
20       2.48808180        
18       4.95913830        
16       5.41345547        
14       5.77778506        
12       6.78120388        
10       7.49962103        
8        8.02862631        
6        8.49101080        
4        8.84456055        
2        9.09409900        
0        9.21313496        
-2       9.15637229        
-4       8.93313657        
-6       8.56880426        
-8       8.06988607        
-10      7.42344555        
-12      6.61897622        
-14      5.72609868        
-16      4.91690884        
-18      4.06440981        
-20      2.77748034        
-22      0.69473442        
