-1504.00   -1500.00   -1494.00   -1504.00   -1502.00   -1510.00   -1506.00   -1512.00   -1508.00   -1514.00   
-1490.00   -1496.00   -1506.00   -1506.00   -1504.00   -1510.00   -1510.00   -1512.00   -1510.00   -1512.00   
-1496.00   -1502.00   -1502.00   -1504.00   -1504.00   -1510.00   -1504.00   -1508.00   -1514.00   -1510.00   
-1494.00   -1488.00   -1504.00   -1490.00   -1504.00   -1506.00   -1512.00   -1512.00   -1510.00   -1512.00   
-1492.00   -1488.00   -1502.00   -1512.00   -1500.00   -1510.00   -1502.00   -1510.00   -1512.00   -1510.00   
-1490.00   -1480.00   -1496.00   -1504.00   -1492.00   -1500.00   -1506.00   -1512.00   -1504.00   -1508.00   
-1486.00   -1494.00   -1492.00   -1502.00   -1504.00   -1508.00   -1498.00   -1512.00   -1514.00   -1510.00   
-1500.00   -1498.00   -1504.00   -1510.00   -1510.00   -1502.00   -1506.00   -1506.00   -1510.00   -1514.00   
-1490.00   -1502.00   -1500.00   -1502.00   -1504.00   -1510.00   -1508.00   -1510.00   -1514.00   -1514.00   
-1492.00   -1492.00   -1502.00   -1510.00   -1504.00   -1506.00   -1512.00   -1508.00   -1506.00   -1506.00   
-1494.00   -1480.00   -1502.00   -1494.00   -1508.00   -1506.00   -1504.00   -1512.00   -1508.00   -1506.00   
-1498.00   -1486.00   -1510.00   -1500.00   -1506.00   -1510.00   -1510.00   -1512.00   -1510.00   -1512.00   
-1504.00   -1500.00   -1492.00   -1500.00   -1506.00   -1502.00   -1506.00   -1512.00   -1510.00   -1510.00   
-1500.00   -1506.00   -1508.00   -1504.00   -1510.00   -1504.00   -1510.00   -1508.00   -1510.00   -1514.00   
-1492.00   -1500.00   -1498.00   -1506.00   -1506.00   -1508.00   -1508.00   -1508.00   -1508.00   -1510.00   
-1492.00   -1498.00   -1494.00   -1498.00   -1492.00   -1508.00   -1502.00   -1508.00   -1508.00   -1510.00   
-1498.00   -1494.00   -1504.00   -1506.00   -1508.00   -1500.00   -1510.00   -1508.00   -1512.00   -1514.00   
-1490.00   -1486.00   -1498.00   -1498.00   -1508.00   -1506.00   -1504.00   -1506.00   -1508.00   -1510.00   
-1494.00   -1502.00   -1504.00   -1508.00   -1498.00   -1512.00   -1508.00   -1504.00   -1512.00   -1512.00   
-1496.00   -1498.00   -1494.00   -1496.00   -1494.00   -1504.00   -1508.00   -1510.00   -1512.00   -1510.00   
-1492.00   -1492.00   -1494.00   -1502.00   -1508.00   -1506.00   -1506.00   -1502.00   -1514.00   -1512.00   
-1500.00   -1490.00   -1502.00   -1502.00   -1502.00   -1514.00   -1512.00   -1510.00   -1510.00   -1512.00   
-1482.00   -1500.00   -1502.00   -1502.00   -1502.00   -1498.00   -1506.00   -1506.00   -1514.00   -1512.00   
-1492.00   -1498.00   -1506.00   -1506.00   -1502.00   -1492.00   -1508.00   -1512.00   -1510.00   -1510.00   
-1500.00   -1482.00   -1494.00   -1504.00   -1512.00   -1510.00   -1514.00   -1508.00   -1512.00   -1514.00   
-1492.00   -1498.00   -1498.00   -1498.00   -1502.00   -1498.00   -1510.00   -1504.00   -1510.00   -1512.00   
-1486.00   -1498.00   -1504.00   -1504.00   -1508.00   -1506.00   -1508.00   -1512.00   -1510.00   -1510.00   
-1484.00   -1494.00   -1500.00   -1500.00   -1504.00   -1510.00   -1504.00   -1508.00   -1514.00   -1514.00   
-1494.00   -1492.00   -1506.00   -1512.00   -1508.00   -1510.00   -1514.00   -1508.00   -1514.00   -1510.00   
-1488.00   -1498.00   -1496.00   -1496.00   -1506.00   -1512.00   -1508.00   -1508.00   -1510.00   -1512.00   
-1488.00   -1494.00   -1508.00   -1502.00   -1506.00   -1504.00   -1504.00   -1514.00   -1510.00   -1510.00   
-1502.00   -1506.00   -1502.00   -1490.00   -1504.00   -1506.00   -1508.00   -1506.00   -1508.00   -1508.00   
-1494.00   -1504.00   -1498.00   -1504.00   -1504.00   -1504.00   -1512.00   -1508.00   -1512.00   -1512.00   
-1494.00   -1500.00   -1492.00   -1498.00   -1494.00   -1510.00   -1504.00   -1512.00   -1510.00   -1512.00   
-1494.00   -1502.00   -1496.00   -1502.00   -1502.00   -1504.00   -1508.00   -1502.00   -1512.00   -1510.00   
-1494.00   -1490.00   -1504.00   -1492.00   -1504.00   -1508.00   -1506.00   -1506.00   -1510.00   -1512.00   
-1496.00   -1500.00   -1502.00   -1494.00   -1498.00   -1506.00   -1512.00   -1508.00   -1508.00   -1514.00   
-1494.00   -1496.00   -1500.00   -1500.00   -1510.00   -1502.00   -1510.00   -1504.00   -1510.00   -1508.00   
-1486.00   -1504.00   -1500.00   -1500.00   -1502.00   -1506.00   -1502.00   -1512.00   -1506.00   -1514.00   
-1500.00   -1500.00   -1498.00   -1500.00   -1512.00   -1502.00   -1510.00   -1508.00   -1512.00   -1512.00   
-1500.00   -1492.00   -1504.00   -1500.00   -1506.00   -1504.00   -1508.00   -1508.00   -1510.00   -1512.00   
-1484.00   -1492.00   -1498.00   -1492.00   -1508.00   -1512.00   -1508.00   -1508.00   -1504.00   -1508.00   
-1478.00   -1510.00   -1498.00   -1490.00   -1506.00   -1512.00   -1510.00   -1508.00   -1512.00   -1508.00   
-1492.00   -1502.00   -1500.00   -1500.00   -1492.00   -1506.00   -1504.00   -1508.00   -1514.00   -1506.00   
-1494.00   -1482.00   -1498.00   -1502.00   -1510.00   -1508.00   -1514.00   -1514.00   -1510.00   -1508.00   
-1492.00   -1484.00   -1502.00   -1496.00   -1504.00   -1510.00   -1504.00   -1500.00   -1506.00   -1508.00   
-1498.00   -1492.00   -1504.00   -1508.00   -1500.00   -1512.00   -1504.00   -1508.00   -1506.00   -1508.00   
-1494.00   -1500.00   -1500.00   -1494.00   -1510.00   -1510.00   -1512.00   -1508.00   -1512.00   -1512.00   
-1496.00   -1498.00   -1504.00   -1500.00   -1510.00   -1506.00   -1508.00   -1508.00   -1508.00   -1504.00   
-1480.00   -1486.00   -1500.00   -1504.00   -1508.00   -1502.00   -1508.00   -1508.00   -1506.00   -1510.00   
-1480.00   -1496.00   -1506.00   -1506.00   -1508.00   -1504.00   -1510.00   -1510.00   -1508.00   -1506.00   
-1482.00   -1498.00   -1502.00   -1498.00   -1508.00   -1506.00   -1510.00   -1510.00   -1512.00   -1510.00   
-1498.00   -1492.00   -1500.00   -1498.00   -1506.00   -1500.00   -1510.00   -1508.00   -1510.00   -1510.00   
-1506.00   -1480.00   -1494.00   -1508.00   -1508.00   -1500.00   -1508.00   -1512.00   -1508.00   -1510.00   
-1490.00   -1484.00   -1498.00   -1494.00   -1502.00   -1504.00   -1504.00   -1502.00   -1506.00   -1514.00   
-1488.00   -1496.00   -1496.00   -1504.00   -1500.00   -1512.00   -1506.00   -1506.00   -1514.00   -1512.00   
-1498.00   -1496.00   -1508.00   -1506.00   -1502.00   -1510.00   -1510.00   -1510.00   -1514.00   -1512.00   
-1500.00   -1502.00   -1500.00   -1502.00   -1506.00   -1506.00   -1510.00   -1512.00   -1506.00   -1512.00   
-1486.00   -1498.00   -1496.00   -1510.00   -1500.00   -1506.00   -1512.00   -1504.00   -1508.00   -1508.00   
-1496.00   -1502.00   -1496.00   -1502.00   -1504.00   -1508.00   -1510.00   -1506.00   -1512.00   -1514.00   
-1502.00   -1492.00   -1492.00   -1500.00   -1506.00   -1504.00   -1510.00   -1510.00   -1508.00   -1506.00   
-1488.00   -1494.00   -1500.00   -1506.00   -1506.00   -1514.00   -1508.00   -1510.00   -1512.00   -1512.00   
-1494.00   -1490.00   -1500.00   -1510.00   -1508.00   -1502.00   -1508.00   -1508.00   -1514.00   -1512.00   
-1494.00   -1504.00   -1502.00   -1500.00   -1498.00   -1510.00   -1504.00   -1510.00   -1512.00   -1512.00   
-1492.00   -1506.00   -1498.00   -1502.00   -1500.00   -1506.00   -1504.00   -1510.00   -1510.00   -1514.00   
-1500.00   -1502.00   -1506.00   -1500.00   -1508.00   -1506.00   -1512.00   -1512.00   -1510.00   -1514.00   
-1480.00   -1502.00   -1504.00   -1508.00   -1506.00   -1504.00   -1512.00   -1510.00   -1504.00   -1514.00   
-1506.00   -1496.00   -1498.00   -1498.00   -1508.00   -1502.00   -1502.00   -1504.00   -1510.00   -1510.00   
-1498.00   -1492.00   -1500.00   -1504.00   -1490.00   -1508.00   -1504.00   -1510.00   -1510.00   -1512.00   
-1494.00   -1490.00   -1504.00   -1506.00   -1506.00   -1508.00   -1502.00   -1508.00   -1504.00   -1510.00   
-1478.00   -1490.00   -1494.00   -1502.00   -1500.00   -1506.00   -1506.00   -1512.00   -1508.00   -1508.00   
-1498.00   -1492.00   -1500.00   -1496.00   -1500.00   -1502.00   -1512.00   -1508.00   -1508.00   -1508.00   
-1496.00   -1490.00   -1490.00   -1500.00   -1508.00   -1504.00   -1502.00   -1510.00   -1500.00   -1512.00   
-1498.00   -1492.00   -1510.00   -1508.00   -1506.00   -1510.00   -1510.00   -1506.00   -1512.00   -1510.00   
-1494.00   -1502.00   -1510.00   -1510.00   -1506.00   -1500.00   -1502.00   -1512.00   -1512.00   -1514.00   
-1482.00   -1496.00   -1498.00   -1508.00   -1500.00   -1510.00   -1510.00   -1510.00   -1514.00   -1510.00   
-1494.00   -1496.00   -1506.00   -1498.00   -1506.00   -1504.00   -1512.00   -1500.00   -1510.00   -1514.00   
-1486.00   -1496.00   -1508.00   -1506.00   -1496.00   -1512.00   -1506.00   -1510.00   -1508.00   -1510.00   
-1494.00   -1494.00   -1500.00   -1498.00   -1506.00   -1504.00   -1508.00   -1504.00   -1498.00   -1514.00   
-1486.00   -1502.00   -1506.00   -1510.00   -1508.00   -1510.00   -1508.00   -1512.00   -1506.00   -1514.00   
-1494.00   -1502.00   -1506.00   -1494.00   -1514.00   -1494.00   -1512.00   -1504.00   -1514.00   -1510.00   
-1494.00   -1494.00   -1498.00   -1500.00   -1510.00   -1506.00   -1504.00   -1512.00   -1512.00   -1514.00   
-1498.00   -1492.00   -1498.00   -1502.00   -1510.00   -1504.00   -1508.00   -1510.00   -1512.00   -1510.00   
-1486.00   -1480.00   -1492.00   -1494.00   -1508.00   -1504.00   -1512.00   -1512.00   -1514.00   -1504.00   
-1486.00   -1490.00   -1504.00   -1510.00   -1502.00   -1510.00   -1508.00   -1510.00   -1510.00   -1512.00   
-1474.00   -1488.00   -1494.00   -1504.00   -1512.00   -1508.00   -1514.00   -1514.00   -1512.00   -1510.00   
-1484.00   -1502.00   -1500.00   -1502.00   -1508.00   -1496.00   -1510.00   -1514.00   -1512.00   -1512.00   
-1490.00   -1504.00   -1506.00   -1500.00   -1512.00   -1508.00   -1498.00   -1504.00   -1506.00   -1514.00   
-1492.00   -1494.00   -1500.00   -1488.00   -1498.00   -1506.00   -1506.00   -1508.00   -1512.00   -1512.00   
-1492.00   -1492.00   -1500.00   -1502.00   -1510.00   -1514.00   -1508.00   -1512.00   -1510.00   -1512.00   
-1496.00   -1502.00   -1496.00   -1512.00   -1506.00   -1510.00   -1506.00   -1508.00   -1512.00   -1510.00   
-1486.00   -1478.00   -1492.00   -1494.00   -1506.00   -1504.00   -1512.00   -1496.00   -1508.00   -1510.00   
-1490.00   -1490.00   -1508.00   -1506.00   -1504.00   -1506.00   -1508.00   -1514.00   -1504.00   -1512.00   
-1488.00   -1498.00   -1494.00   -1504.00   -1496.00   -1510.00   -1512.00   -1502.00   -1512.00   -1512.00   
-1492.00   -1496.00   -1502.00   -1502.00   -1500.00   -1506.00   -1512.00   -1508.00   -1512.00   -1512.00   
-1506.00   -1494.00   -1504.00   -1502.00   -1500.00   -1500.00   -1504.00   -1504.00   -1508.00   -1510.00   
-1492.00   -1506.00   -1512.00   -1504.00   -1510.00   -1508.00   -1498.00   -1512.00   -1512.00   -1508.00   
-1490.00   -1494.00   -1500.00   -1492.00   -1508.00   -1506.00   -1508.00   -1506.00   -1510.00   -1510.00   
-1492.00   -1500.00   -1492.00   -1508.00   -1502.00   -1510.00   -1510.00   -1510.00   -1510.00   -1514.00   
-1484.00   -1488.00   -1506.00   -1504.00   -1512.00   -1510.00   -1512.00   -1508.00   -1506.00   -1510.00   
-1494.00   -1504.00   -1498.00   -1506.00   -1512.00   -1512.00   -1510.00   -1512.00   -1512.00   -1510.00   
-1482.00   -1496.00   -1498.00   -1504.00   -1506.00   -1506.00   -1506.00   -1510.00   -1512.00   -1508.00   
-1492.00   -1496.00   -1488.00   -1498.00   -1500.00   -1512.00   -1506.00   -1514.00   -1514.00   -1514.00   
-1502.00   -1500.00   -1494.00   -1506.00   -1504.00   -1508.00   -1506.00   -1514.00   -1510.00   -1504.00   
-1500.00   -1498.00   -1498.00   -1500.00   -1502.00   -1500.00   -1500.00   -1508.00   -1510.00   -1512.00   
-1498.00   -1498.00   -1490.00   -1506.00   -1508.00   -1508.00   -1506.00   -1510.00   -1508.00   -1506.00   
-1496.00   -1486.00   -1498.00   -1504.00   -1496.00   -1496.00   -1508.00   -1502.00   -1514.00   -1512.00   
-1496.00   -1512.00   -1500.00   -1496.00   -1496.00   -1502.00   -1508.00   -1510.00   -1506.00   -1514.00   
-1502.00   -1504.00   -1496.00   -1504.00   -1506.00   -1504.00   -1506.00   -1506.00   -1504.00   -1514.00   
-1496.00   -1498.00   -1496.00   -1504.00   -1508.00   -1508.00   -1508.00   -1514.00   -1510.00   -1512.00   
-1486.00   -1504.00   -1506.00   -1498.00   -1510.00   -1510.00   -1508.00   -1504.00   -1510.00   -1514.00   
-1492.00   -1508.00   -1498.00   -1498.00   -1496.00   -1506.00   -1506.00   -1508.00   -1510.00   -1512.00   
-1500.00   -1500.00   -1502.00   -1502.00   -1506.00   -1494.00   -1510.00   -1510.00   -1508.00   -1512.00   
-1488.00   -1500.00   -1504.00   -1510.00   -1498.00   -1508.00   -1504.00   -1506.00   -1506.00   -1514.00   
-1488.00   -1494.00   -1498.00   -1498.00   -1506.00   -1498.00   -1512.00   -1512.00   -1510.00   -1512.00   
-1492.00   -1502.00   -1488.00   -1500.00   -1502.00   -1508.00   -1510.00   -1510.00   -1512.00   -1512.00   
-1490.00   -1504.00   -1500.00   -1500.00   -1510.00   -1506.00   -1504.00   -1504.00   -1512.00   -1512.00   
-1494.00   -1502.00   -1494.00   -1496.00   -1504.00   -1502.00   -1508.00   -1506.00   -1504.00   -1508.00   
-1484.00   -1498.00   -1500.00   -1494.00   -1506.00   -1510.00   -1508.00   -1508.00   -1514.00   -1508.00   
-1490.00   -1500.00   -1494.00   -1504.00   -1502.00   -1510.00   -1510.00   -1506.00   -1512.00   -1512.00   
-1492.00   -1504.00   -1504.00   -1506.00   -1498.00   -1498.00   -1508.00   -1512.00   -1510.00   -1510.00   
-1490.00   -1508.00   -1496.00   -1498.00   -1502.00   -1502.00   -1508.00   -1508.00   -1504.00   -1506.00   
-1488.00   -1496.00   -1508.00   -1498.00   -1510.00   -1508.00   -1504.00   -1514.00   -1512.00   -1512.00   
-1500.00   -1490.00   -1500.00   -1512.00   -1504.00   -1506.00   -1508.00   -1510.00   -1514.00   -1512.00   
-1490.00   -1490.00   -1492.00   -1504.00   -1502.00   -1500.00   -1502.00   -1506.00   -1504.00   -1512.00   
-1490.00   -1494.00   -1498.00   -1492.00   -1510.00   -1500.00   -1508.00   -1500.00   -1510.00   -1512.00   
-1486.00   -1504.00   -1506.00   -1504.00   -1504.00   -1508.00   -1506.00   -1508.00   -1504.00   -1510.00   
-1490.00   -1498.00   -1500.00   -1502.00   -1512.00   -1504.00   -1508.00   -1510.00   -1510.00   -1508.00   
-1494.00   -1498.00   -1496.00   -1502.00   -1502.00   -1514.00   -1514.00   -1504.00   -1510.00   -1512.00   
-1490.00   -1498.00   -1498.00   -1504.00   -1498.00   -1504.00   -1506.00   -1512.00   -1504.00   -1508.00   
-1498.00   -1498.00   -1490.00   -1506.00   -1512.00   -1504.00   -1504.00   -1508.00   -1506.00   -1510.00   
-1490.00   -1498.00   -1500.00   -1506.00   -1508.00   -1512.00   -1510.00   -1512.00   -1512.00   -1506.00   
-1476.00   -1490.00   -1500.00   -1502.00   -1506.00   -1506.00   -1508.00   -1510.00   -1508.00   -1508.00   
-1488.00   -1494.00   -1500.00   -1498.00   -1504.00   -1506.00   -1506.00   -1514.00   -1510.00   -1508.00   
-1498.00   -1504.00   -1504.00   -1506.00   -1510.00   -1508.00   -1508.00   -1512.00   -1514.00   -1510.00   
-1492.00   -1502.00   -1494.00   -1506.00   -1508.00   -1506.00   -1504.00   -1510.00   -1512.00   -1506.00   
-1484.00   -1496.00   -1498.00   -1510.00   -1504.00   -1510.00   -1510.00   -1504.00   -1510.00   -1508.00   
-1494.00   -1500.00   -1496.00   -1502.00   -1510.00   -1510.00   -1510.00   -1510.00   -1514.00   -1512.00   
-1492.00   -1494.00   -1494.00   -1506.00   -1504.00   -1504.00   -1512.00   -1510.00   -1508.00   -1510.00   
-1504.00   -1496.00   -1506.00   -1494.00   -1504.00   -1514.00   -1510.00   -1514.00   -1506.00   -1512.00   
-1500.00   -1498.00   -1496.00   -1500.00   -1502.00   -1510.00   -1502.00   -1506.00   -1510.00   -1512.00   
-1488.00   -1494.00   -1504.00   -1502.00   -1508.00   -1504.00   -1508.00   -1514.00   -1514.00   -1512.00   
-1482.00   -1496.00   -1490.00   -1494.00   -1510.00   -1506.00   -1510.00   -1508.00   -1514.00   -1512.00   
-1498.00   -1502.00   -1498.00   -1504.00   -1512.00   -1508.00   -1512.00   -1510.00   -1512.00   -1512.00   
-1494.00   -1480.00   -1506.00   -1512.00   -1504.00   -1500.00   -1508.00   -1514.00   -1512.00   -1512.00   
-1496.00   -1502.00   -1506.00   -1502.00   -1510.00   -1510.00   -1506.00   -1498.00   -1506.00   -1514.00   
-1472.00   -1478.00   -1504.00   -1504.00   -1502.00   -1504.00   -1508.00   -1508.00   -1508.00   -1512.00   
-1482.00   -1498.00   -1500.00   -1492.00   -1500.00   -1506.00   -1502.00   -1506.00   -1512.00   -1510.00   
-1478.00   -1496.00   -1498.00   -1508.00   -1498.00   -1504.00   -1510.00   -1510.00   -1508.00   -1510.00   
-1496.00   -1504.00   -1502.00   -1504.00   -1508.00   -1502.00   -1512.00   -1514.00   -1512.00   -1512.00   
-1488.00   -1494.00   -1506.00   -1498.00   -1506.00   -1514.00   -1508.00   -1512.00   -1510.00   -1508.00   
-1494.00   -1492.00   -1502.00   -1506.00   -1502.00   -1510.00   -1510.00   -1506.00   -1512.00   -1508.00   
-1502.00   -1486.00   -1496.00   -1502.00   -1504.00   -1502.00   -1510.00   -1506.00   -1512.00   -1510.00   
-1488.00   -1492.00   -1500.00   -1504.00   -1496.00   -1504.00   -1506.00   -1508.00   -1506.00   -1510.00   
-1492.00   -1500.00   -1496.00   -1498.00   -1510.00   -1504.00   -1514.00   -1504.00   -1504.00   -1514.00   
-1488.00   -1492.00   -1502.00   -1492.00   -1508.00   -1510.00   -1506.00   -1504.00   -1514.00   -1512.00   
-1484.00   -1502.00   -1504.00   -1500.00   -1494.00   -1508.00   -1508.00   -1512.00   -1512.00   -1510.00   
-1500.00   -1502.00   -1488.00   -1492.00   -1498.00   -1504.00   -1504.00   -1514.00   -1510.00   -1514.00   
-1482.00   -1508.00   -1500.00   -1508.00   -1498.00   -1502.00   -1512.00   -1510.00   -1514.00   -1512.00   
-1500.00   -1494.00   -1512.00   -1494.00   -1502.00   -1510.00   -1512.00   -1500.00   -1510.00   -1508.00   
-1480.00   -1492.00   -1498.00   -1510.00   -1510.00   -1500.00   -1512.00   -1506.00   -1512.00   -1512.00   
-1502.00   -1498.00   -1506.00   -1504.00   -1502.00   -1506.00   -1508.00   -1502.00   -1504.00   -1510.00   
-1494.00   -1502.00   -1500.00   -1508.00   -1508.00   -1508.00   -1506.00   -1510.00   -1512.00   -1506.00   
-1496.00   -1488.00   -1498.00   -1506.00   -1506.00   -1508.00   -1510.00   -1510.00   -1508.00   -1512.00   
-1500.00   -1488.00   -1500.00   -1504.00   -1502.00   -1508.00   -1512.00   -1510.00   -1512.00   -1514.00   
-1506.00   -1494.00   -1504.00   -1506.00   -1500.00   -1506.00   -1506.00   -1510.00   -1510.00   -1514.00   
-1484.00   -1488.00   -1496.00   -1498.00   -1498.00   -1506.00   -1506.00   -1504.00   -1510.00   -1508.00   
-1498.00   -1504.00   -1506.00   -1502.00   -1500.00   -1508.00   -1504.00   -1510.00   -1514.00   -1510.00   
-1482.00   -1500.00   -1510.00   -1500.00   -1508.00   -1496.00   -1508.00   -1504.00   -1508.00   -1508.00   
-1490.00   -1488.00   -1506.00   -1488.00   -1502.00   -1510.00   -1512.00   -1512.00   -1514.00   -1508.00   
-1496.00   -1494.00   -1506.00   -1494.00   -1508.00   -1508.00   -1510.00   -1506.00   -1510.00   -1512.00   
-1492.00   -1496.00   -1500.00   -1508.00   -1508.00   -1506.00   -1506.00   -1508.00   -1510.00   -1510.00   
-1488.00   -1492.00   -1488.00   -1496.00   -1500.00   -1508.00   -1512.00   -1512.00   -1508.00   -1512.00   
-1486.00   -1504.00   -1498.00   -1504.00   -1502.00   -1514.00   -1508.00   -1504.00   -1508.00   -1510.00   
-1478.00   -1498.00   -1504.00   -1502.00   -1502.00   -1510.00   -1508.00   -1508.00   -1510.00   -1510.00   
-1492.00   -1494.00   -1508.00   -1498.00   -1504.00   -1512.00   -1504.00   -1512.00   -1512.00   -1510.00   
-1486.00   -1484.00   -1494.00   -1492.00   -1494.00   -1512.00   -1506.00   -1510.00   -1508.00   -1512.00   
-1494.00   -1492.00   -1506.00   -1502.00   -1508.00   -1504.00   -1504.00   -1510.00   -1510.00   -1502.00   
-1492.00   -1498.00   -1508.00   -1508.00   -1510.00   -1512.00   -1508.00   -1512.00   -1512.00   -1510.00   
-1486.00   -1486.00   -1504.00   -1502.00   -1506.00   -1510.00   -1508.00   -1508.00   -1510.00   -1508.00   
-1490.00   -1502.00   -1494.00   -1510.00   -1504.00   -1506.00   -1510.00   -1514.00   -1512.00   -1504.00   
-1510.00   -1502.00   -1498.00   -1510.00   -1500.00   -1510.00   -1510.00   -1512.00   -1510.00   -1514.00   
-1494.00   -1500.00   -1500.00   -1496.00   -1504.00   -1506.00   -1510.00   -1512.00   -1504.00   -1512.00   
-1492.00   -1498.00   -1500.00   -1496.00   -1508.00   -1502.00   -1502.00   -1512.00   -1504.00   -1512.00   
-1496.00   -1504.00   -1502.00   -1504.00   -1514.00   -1510.00   -1502.00   -1510.00   -1508.00   -1506.00   
-1492.00   -1480.00   -1504.00   -1504.00   -1510.00   -1506.00   -1510.00   -1508.00   -1508.00   -1514.00   
-1470.00   -1500.00   -1502.00   -1500.00   -1498.00   -1512.00   -1508.00   -1508.00   -1508.00   -1508.00   
-1500.00   -1498.00   -1496.00   -1498.00   -1508.00   -1492.00   -1508.00   -1508.00   -1512.00   -1512.00   
-1488.00   -1496.00   -1498.00   -1500.00   -1506.00   -1512.00   -1510.00   -1510.00   -1510.00   -1514.00   
-1488.00   -1488.00   -1498.00   -1502.00   -1508.00   -1504.00   -1506.00   -1506.00   -1512.00   -1508.00   
-1474.00   -1490.00   -1506.00   -1494.00   -1508.00   -1508.00   -1514.00   -1510.00   -1508.00   -1512.00   
-1488.00   -1506.00   -1498.00   -1504.00   -1506.00   -1506.00   -1510.00   -1512.00   -1508.00   -1508.00   
-1500.00   -1494.00   -1506.00   -1506.00   -1504.00   -1508.00   -1512.00   -1510.00   -1512.00   -1508.00   
-1492.00   -1498.00   -1502.00   -1510.00   -1508.00   -1504.00   -1514.00   -1512.00   -1510.00   -1512.00   
-1494.00   -1500.00   -1504.00   -1502.00   -1510.00   -1504.00   -1508.00   -1508.00   -1510.00   -1504.00   
-1494.00   -1494.00   -1490.00   -1504.00   -1504.00   -1500.00   -1502.00   -1504.00   -1508.00   -1512.00   
-1492.00   -1500.00   -1496.00   -1502.00   -1502.00   -1504.00   -1514.00   -1510.00   -1512.00   -1512.00   
-1486.00   -1500.00   -1494.00   -1504.00   -1502.00   -1510.00   -1500.00   -1510.00   -1514.00   -1506.00   
-1500.00   -1498.00   -1504.00   -1504.00   -1510.00   -1502.00   -1508.00   -1508.00   -1510.00   -1510.00   
-1492.00   -1496.00   -1496.00   -1498.00   -1502.00   -1504.00   -1510.00   -1504.00   -1508.00   -1504.00   
-1498.00   -1500.00   -1488.00   -1508.00   -1502.00   -1506.00   -1510.00   -1510.00   -1510.00   -1514.00   
-1492.00   -1504.00   -1502.00   -1492.00   -1504.00   -1506.00   -1506.00   -1510.00   -1510.00   -1512.00   
-1488.00   -1504.00   -1488.00   -1508.00   -1504.00   -1506.00   -1510.00   -1510.00   -1506.00   -1514.00   
-1500.00   -1496.00   -1496.00   -1500.00   -1506.00   -1500.00   -1512.00   -1512.00   -1510.00   -1510.00   
-1500.00   -1500.00   -1498.00   -1498.00   -1508.00   -1506.00   -1510.00   -1510.00   -1510.00   -1512.00   
-1486.00   -1500.00   -1498.00   -1502.00   -1504.00   -1506.00   -1510.00   -1514.00   -1514.00   -1508.00   
-1476.00   -1508.00   -1506.00   -1508.00   -1508.00   -1504.00   -1508.00   -1498.00   -1510.00   -1512.00   
-1492.00   -1500.00   -1510.00   -1512.00   -1498.00   -1506.00   -1502.00   -1514.00   -1512.00   -1510.00   
-1484.00   -1494.00   -1504.00   -1504.00   -1504.00   -1508.00   -1504.00   -1510.00   -1512.00   -1512.00   
-1504.00   -1506.00   -1500.00   -1504.00   -1506.00   -1506.00   -1498.00   -1508.00   -1512.00   -1506.00   
-1502.00   -1500.00   -1502.00   -1504.00   -1502.00   -1512.00   -1510.00   -1504.00   -1514.00   -1510.00   
-1486.00   -1502.00   -1490.00   -1502.00   -1504.00   -1504.00   -1504.00   -1508.00   -1506.00   -1514.00   
-1492.00   -1506.00   -1500.00   -1502.00   -1498.00   -1512.00   -1508.00   -1510.00   -1510.00   -1508.00   
-1496.00   -1502.00   -1506.00   -1506.00   -1514.00   -1510.00   -1508.00   -1508.00   -1514.00   -1510.00   
-1488.00   -1500.00   -1498.00   -1498.00   -1510.00   -1514.00   -1500.00   -1510.00   -1512.00   -1510.00   
-1486.00   -1494.00   -1500.00   -1500.00   -1506.00   -1500.00   -1512.00   -1510.00   -1512.00   -1512.00   
-1496.00   -1494.00   -1488.00   -1504.00   -1502.00   -1506.00   -1504.00   -1510.00   -1512.00   -1512.00   
-1494.00   -1494.00   -1496.00   -1494.00   -1500.00   -1512.00   -1510.00   -1508.00   -1512.00   -1512.00   
-1500.00   -1494.00   -1504.00   -1504.00   -1502.00   -1512.00   -1498.00   -1502.00   -1508.00   -1510.00   
-1486.00   -1502.00   -1480.00   -1500.00   -1508.00   -1504.00   -1512.00   -1502.00   -1512.00   -1512.00   
-1494.00   -1500.00   -1486.00   -1504.00   -1496.00   -1504.00   -1506.00   -1508.00   -1512.00   -1508.00   
-1482.00   -1502.00   -1502.00   -1498.00   -1500.00   -1510.00   -1508.00   -1512.00   -1512.00   -1510.00   
-1498.00   -1502.00   -1494.00   -1496.00   -1502.00   -1512.00   -1508.00   -1514.00   -1510.00   -1508.00   
-1490.00   -1492.00   -1504.00   -1510.00   -1502.00   -1508.00   -1510.00   -1512.00   -1510.00   -1514.00   
-1488.00   -1504.00   -1504.00   -1510.00   -1504.00   -1514.00   -1510.00   -1510.00   -1508.00   -1514.00   
-1488.00   -1506.00   -1504.00   -1502.00   -1508.00   -1510.00   -1510.00   -1510.00   -1514.00   -1512.00   
-1496.00   -1494.00   -1500.00   -1502.00   -1510.00   -1514.00   -1508.00   -1506.00   -1504.00   -1510.00   
-1484.00   -1492.00   -1492.00   -1500.00   -1504.00   -1508.00   -1514.00   -1506.00   -1512.00   -1512.00   
-1490.00   -1490.00   -1506.00   -1510.00   -1508.00   -1510.00   -1510.00   -1508.00   -1512.00   -1510.00   
-1496.00   -1486.00   -1492.00   -1508.00   -1508.00   -1508.00   -1510.00   -1512.00   -1512.00   -1510.00   
-1506.00   -1496.00   -1496.00   -1496.00   -1504.00   -1508.00   -1512.00   -1510.00   -1510.00   -1510.00   
-1490.00   -1496.00   -1500.00   -1500.00   -1508.00   -1496.00   -1506.00   -1512.00   -1508.00   -1510.00   
-1488.00   -1492.00   -1496.00   -1504.00   -1502.00   -1510.00   -1510.00   -1504.00   -1506.00   -1510.00   
-1510.00   -1490.00   -1500.00   -1510.00   -1506.00   -1502.00   -1508.00   -1504.00   -1514.00   -1510.00   
-1494.00   -1498.00   -1496.00   -1504.00   -1504.00   -1496.00   -1508.00   -1510.00   -1514.00   -1508.00   
-1478.00   -1496.00   -1500.00   -1506.00   -1496.00   -1508.00   -1510.00   -1506.00   -1514.00   -1514.00   
-1498.00   -1494.00   -1502.00   -1500.00   -1502.00   -1496.00   -1504.00   -1514.00   -1510.00   -1510.00   
-1498.00   -1496.00   -1502.00   -1506.00   -1508.00   -1510.00   -1514.00   -1512.00   -1514.00   -1500.00   
-1482.00   -1498.00   -1496.00   -1512.00   -1508.00   -1512.00   -1496.00   -1508.00   -1510.00   -1512.00   
-1494.00   -1494.00   -1492.00   -1500.00   -1510.00   -1508.00   -1514.00   -1506.00   -1510.00   -1512.00   
-1506.00   -1504.00   -1514.00   -1494.00   -1506.00   -1506.00   -1512.00   -1504.00   -1510.00   -1512.00   
-1502.00   -1494.00   -1488.00   -1502.00   -1500.00   -1494.00   -1510.00   -1506.00   -1514.00   -1510.00   
-1502.00   -1500.00   -1506.00   -1506.00   -1500.00   -1508.00   -1512.00   -1512.00   -1512.00   -1512.00   
-1488.00   -1496.00   -1504.00   -1498.00   -1510.00   -1496.00   -1512.00   -1504.00   -1512.00   -1510.00   
-1486.00   -1502.00   -1502.00   -1506.00   -1506.00   -1502.00   -1510.00   -1514.00   -1514.00   -1506.00   
-1500.00   -1506.00   -1502.00   -1500.00   -1500.00   -1506.00   -1508.00   -1506.00   -1508.00   -1504.00   
-1478.00   -1482.00   -1506.00   -1498.00   -1506.00   -1510.00   -1510.00   -1504.00   -1512.00   -1514.00   
-1484.00   -1502.00   -1498.00   -1500.00   -1508.00   -1502.00   -1508.00   -1512.00   -1512.00   -1512.00   
-1484.00   -1498.00   -1504.00   -1508.00   -1510.00   -1500.00   -1510.00   -1514.00   -1508.00   -1506.00   
-1494.00   -1486.00   -1490.00   -1504.00   -1504.00   -1514.00   -1500.00   -1514.00   -1508.00   -1510.00   
-1484.00   -1494.00   -1508.00   -1502.00   -1506.00   -1512.00   -1508.00   -1510.00   -1514.00   -1514.00   
-1488.00   -1490.00   -1506.00   -1504.00   -1506.00   -1504.00   -1508.00   -1510.00   -1510.00   -1504.00   
-1492.00   -1496.00   -1498.00   -1496.00   -1500.00   -1504.00   -1502.00   -1508.00   -1514.00   -1510.00   
-1500.00   -1504.00   -1500.00   -1502.00   -1506.00   -1510.00   -1500.00   -1510.00   -1506.00   -1508.00   
-1488.00   -1502.00   -1498.00   -1512.00   -1508.00   -1502.00   -1510.00   -1510.00   -1514.00   -1514.00   
-1488.00   -1496.00   -1502.00   -1490.00   -1510.00   -1508.00   -1512.00   -1512.00   -1510.00   -1512.00   
-1498.00   -1488.00   -1502.00   -1500.00   -1504.00   -1506.00   -1508.00   -1500.00   -1512.00   -1512.00   
-1498.00   -1488.00   -1506.00   -1506.00   -1502.00   -1508.00   -1512.00   -1510.00   -1514.00   -1514.00   
-1500.00   -1494.00   -1502.00   -1496.00   -1500.00   -1502.00   -1508.00   -1510.00   -1506.00   -1508.00   
-1496.00   -1496.00   -1504.00   -1502.00   -1504.00   -1510.00   -1510.00   -1512.00   -1506.00   -1508.00   
-1498.00   -1496.00   -1502.00   -1506.00   -1506.00   -1502.00   -1508.00   -1510.00   -1514.00   -1512.00   
-1498.00   -1502.00   -1488.00   -1506.00   -1502.00   -1510.00   -1506.00   -1508.00   -1502.00   -1508.00   
-1502.00   -1500.00   -1496.00   -1498.00   -1506.00   -1508.00   -1506.00   -1506.00   -1512.00   -1512.00   
-1490.00   -1500.00   -1500.00   -1492.00   -1510.00   -1502.00   -1512.00   -1504.00   -1512.00   -1514.00   
-1488.00   -1490.00   -1494.00   -1504.00   -1508.00   -1510.00   -1510.00   -1514.00   -1506.00   -1510.00   
-1498.00   -1490.00   -1496.00   -1486.00   -1498.00   -1508.00   -1512.00   -1508.00   -1512.00   -1512.00   
-1478.00   -1498.00   -1502.00   -1504.00   -1508.00   -1510.00   -1498.00   -1510.00   -1506.00   -1508.00   
-1498.00   -1504.00   -1506.00   -1502.00   -1506.00   -1508.00   -1506.00   -1506.00   -1508.00   -1508.00   
-1488.00   -1492.00   -1488.00   -1494.00   -1504.00   -1502.00   -1496.00   -1510.00   -1510.00   -1514.00   
-1502.00   -1494.00   -1504.00   -1510.00   -1510.00   -1506.00   -1502.00   -1510.00   -1510.00   -1514.00   
-1500.00   -1494.00   -1496.00   -1494.00   -1510.00   -1508.00   -1512.00   -1506.00   -1514.00   -1512.00   
-1500.00   -1502.00   -1484.00   -1508.00   -1498.00   -1510.00   -1508.00   -1504.00   -1510.00   -1510.00   
-1494.00   -1502.00   -1496.00   -1494.00   -1506.00   -1506.00   -1510.00   -1512.00   -1510.00   -1512.00   
-1486.00   -1496.00   -1502.00   -1502.00   -1498.00   -1512.00   -1510.00   -1506.00   -1514.00   -1510.00   
-1486.00   -1490.00   -1498.00   -1498.00   -1504.00   -1506.00   -1504.00   -1506.00   -1508.00   -1512.00   
-1496.00   -1504.00   -1490.00   -1498.00   -1498.00   -1506.00   -1510.00   -1514.00   -1512.00   -1510.00   
-1484.00   -1496.00   -1492.00   -1500.00   -1506.00   -1504.00   -1506.00   -1512.00   -1512.00   -1512.00   
-1490.00   -1496.00   -1504.00   -1494.00   -1504.00   -1504.00   -1510.00   -1512.00   -1494.00   -1508.00   
-1490.00   -1494.00   -1504.00   -1500.00   -1500.00   -1504.00   -1506.00   -1508.00   -1508.00   -1514.00   
-1500.00   -1506.00   -1488.00   -1508.00   -1508.00   -1500.00   -1510.00   -1508.00   -1512.00   -1508.00   
-1498.00   -1494.00   -1492.00   -1506.00   -1500.00   -1502.00   -1512.00   -1508.00   -1508.00   -1512.00   
-1494.00   -1492.00   -1500.00   -1506.00   -1502.00   -1504.00   -1510.00   -1512.00   -1514.00   -1504.00   
-1500.00   -1492.00   -1498.00   -1504.00   -1512.00   -1502.00   -1508.00   -1506.00   -1504.00   -1512.00   
-1498.00   -1504.00   -1500.00   -1504.00   -1512.00   -1502.00   -1510.00   -1504.00   -1506.00   -1512.00   
-1496.00   -1500.00   -1504.00   -1504.00   -1508.00   -1508.00   -1510.00   -1512.00   -1514.00   -1512.00   
-1492.00   -1498.00   -1502.00   -1500.00   -1502.00   -1504.00   -1508.00   -1510.00   -1514.00   -1510.00   
-1484.00   -1496.00   -1508.00   -1502.00   -1506.00   -1502.00   -1510.00   -1508.00   -1512.00   -1512.00   
-1486.00   -1486.00   -1490.00   -1506.00   -1498.00   -1504.00   -1508.00   -1506.00   -1512.00   -1510.00   
-1498.00   -1492.00   -1504.00   -1506.00   -1498.00   -1502.00   -1510.00   -1506.00   -1512.00   -1514.00   
-1484.00   -1500.00   -1496.00   -1508.00   -1504.00   -1508.00   -1500.00   -1506.00   -1510.00   -1512.00   
-1492.00   -1504.00   -1502.00   -1498.00   -1508.00   -1502.00   -1514.00   -1512.00   -1510.00   -1508.00   
-1494.00   -1488.00   -1490.00   -1502.00   -1508.00   -1510.00   -1512.00   -1512.00   -1510.00   -1512.00   
-1486.00   -1508.00   -1504.00   -1496.00   -1506.00   -1500.00   -1506.00   -1506.00   -1512.00   -1512.00   
-1496.00   -1500.00   -1506.00   -1506.00   -1512.00   -1510.00   -1512.00   -1508.00   -1510.00   -1510.00   
-1494.00   -1498.00   -1492.00   -1502.00   -1496.00   -1510.00   -1510.00   -1502.00   -1514.00   -1510.00   
-1488.00   -1508.00   -1506.00   -1506.00   -1504.00   -1504.00   -1510.00   -1508.00   -1512.00   -1512.00   
-1498.00   -1496.00   -1496.00   -1504.00   -1504.00   -1504.00   -1512.00   -1508.00   -1510.00   -1510.00   
-1486.00   -1488.00   -1492.00   -1500.00   -1504.00   -1510.00   -1508.00   -1510.00   -1510.00   -1512.00   
-1480.00   -1494.00   -1508.00   -1504.00   -1506.00   -1512.00   -1510.00   -1508.00   -1510.00   -1514.00   
-1486.00   -1496.00   -1506.00   -1502.00   -1510.00   -1508.00   -1512.00   -1510.00   -1512.00   -1512.00   
-1506.00   -1480.00   -1502.00   -1496.00   -1500.00   -1508.00   -1510.00   -1510.00   -1512.00   -1514.00   
-1490.00   -1500.00   -1498.00   -1498.00   -1500.00   -1512.00   -1512.00   -1512.00   -1510.00   -1506.00   
-1498.00   -1504.00   -1490.00   -1498.00   -1500.00   -1510.00   -1506.00   -1508.00   -1514.00   -1508.00   
-1492.00   -1504.00   -1502.00   -1504.00   -1502.00   -1500.00   -1502.00   -1510.00   -1512.00   -1512.00   
-1502.00   -1498.00   -1492.00   -1500.00   -1508.00   -1506.00   -1510.00   -1508.00   -1510.00   -1514.00   
-1500.00   -1498.00   -1504.00   -1510.00   -1504.00   -1510.00   -1502.00   -1510.00   -1508.00   -1510.00   
-1488.00   -1504.00   -1508.00   -1496.00   -1510.00   -1506.00   -1508.00   -1510.00   -1512.00   -1508.00   
-1494.00   -1492.00   -1502.00   -1508.00   -1500.00   -1504.00   -1504.00   -1508.00   -1512.00   -1510.00   
-1502.00   -1496.00   -1498.00   -1504.00   -1510.00   -1514.00   -1508.00   -1502.00   -1512.00   -1510.00   
-1492.00   -1508.00   -1490.00   -1496.00   -1508.00   -1508.00   -1514.00   -1506.00   -1508.00   -1510.00   
-1496.00   -1498.00   -1506.00   -1496.00   -1496.00   -1504.00   -1506.00   -1508.00   -1510.00   -1510.00   
-1502.00   -1490.00   -1506.00   -1502.00   -1508.00   -1502.00   -1514.00   -1514.00   -1510.00   -1512.00   
-1496.00   -1508.00   -1502.00   -1490.00   -1500.00   -1500.00   -1510.00   -1512.00   -1510.00   -1512.00   
-1488.00   -1492.00   -1508.00   -1500.00   -1510.00   -1506.00   -1508.00   -1512.00   -1512.00   -1514.00   
-1490.00   -1498.00   -1502.00   -1494.00   -1496.00   -1510.00   -1510.00   -1506.00   -1510.00   -1512.00   
-1494.00   -1498.00   -1488.00   -1504.00   -1508.00   -1510.00   -1510.00   -1508.00   -1510.00   -1510.00   
-1494.00   -1496.00   -1502.00   -1504.00   -1506.00   -1512.00   -1506.00   -1512.00   -1512.00   -1504.00   
-1486.00   -1494.00   -1506.00   -1482.00   -1508.00   -1510.00   -1510.00   -1514.00   -1512.00   -1508.00   
-1494.00   -1488.00   -1494.00   -1500.00   -1510.00   -1510.00   -1510.00   -1502.00   -1506.00   -1510.00   
-1494.00   -1496.00   -1500.00   -1498.00   -1502.00   -1508.00   -1508.00   -1510.00   -1504.00   -1510.00   
-1494.00   -1500.00   -1506.00   -1504.00   -1508.00   -1506.00   -1510.00   -1510.00   -1506.00   -1512.00   
-1486.00   -1500.00   -1496.00   -1500.00   -1488.00   -1508.00   -1510.00   -1512.00   -1510.00   -1510.00   
-1498.00   -1502.00   -1500.00   -1492.00   -1502.00   -1500.00   -1506.00   -1506.00   -1508.00   -1512.00   
-1486.00   -1502.00   -1500.00   -1510.00   -1508.00   -1510.00   -1510.00   -1506.00   -1512.00   -1510.00   
-1494.00   -1506.00   -1504.00   -1502.00   -1508.00   -1506.00   -1508.00   -1514.00   -1510.00   -1510.00   
-1482.00   -1502.00   -1498.00   -1496.00   -1502.00   -1508.00   -1512.00   -1508.00   -1512.00   -1512.00   
-1496.00   -1502.00   -1506.00   -1510.00   -1510.00   -1512.00   -1504.00   -1510.00   -1508.00   -1512.00   
-1484.00   -1496.00   -1504.00   -1508.00   -1500.00   -1514.00   -1506.00   -1508.00   -1510.00   -1504.00   
-1482.00   -1498.00   -1500.00   -1504.00   -1512.00   -1510.00   -1512.00   -1508.00   -1508.00   -1512.00   
-1498.00   -1502.00   -1512.00   -1506.00   -1510.00   -1510.00   -1512.00   -1510.00   -1508.00   -1506.00   
-1486.00   -1502.00   -1502.00   -1502.00   -1506.00   -1512.00   -1512.00   -1510.00   -1514.00   -1514.00   
-1494.00   -1490.00   -1498.00   -1502.00   -1502.00   -1506.00   -1506.00   -1506.00   -1510.00   -1508.00   
-1492.00   -1498.00   -1494.00   -1500.00   -1500.00   -1512.00   -1514.00   -1506.00   -1510.00   -1508.00   
-1494.00   -1496.00   -1508.00   -1508.00   -1506.00   -1508.00   -1510.00   -1514.00   -1514.00   -1506.00   
-1486.00   -1496.00   -1506.00   -1496.00   -1504.00   -1506.00   -1514.00   -1510.00   -1512.00   -1514.00   
-1500.00   -1502.00   -1494.00   -1500.00   -1498.00   -1510.00   -1498.00   -1514.00   -1508.00   -1512.00   
-1504.00   -1492.00   -1502.00   -1496.00   -1508.00   -1510.00   -1508.00   -1510.00   -1510.00   -1512.00   
-1502.00   -1492.00   -1498.00   -1496.00   -1506.00   -1502.00   -1508.00   -1512.00   -1510.00   -1510.00   
-1506.00   -1484.00   -1492.00   -1508.00   -1510.00   -1494.00   -1510.00   -1504.00   -1512.00   -1502.00   
-1496.00   -1502.00   -1502.00   -1506.00   -1502.00   -1508.00   -1512.00   -1504.00   -1510.00   -1514.00   
-1486.00   -1492.00   -1508.00   -1504.00   -1510.00   -1500.00   -1512.00   -1512.00   -1512.00   -1508.00   
-1490.00   -1484.00   -1502.00   -1502.00   -1508.00   -1498.00   -1500.00   -1510.00   -1510.00   -1512.00   
-1490.00   -1502.00   -1492.00   -1498.00   -1506.00   -1504.00   -1508.00   -1508.00   -1508.00   -1512.00   
-1492.00   -1498.00   -1506.00   -1504.00   -1504.00   -1506.00   -1512.00   -1512.00   -1512.00   -1512.00   
-1492.00   -1498.00   -1496.00   -1498.00   -1504.00   -1504.00   -1506.00   -1506.00   -1508.00   -1506.00   
-1490.00   -1500.00   -1500.00   -1502.00   -1508.00   -1510.00   -1508.00   -1508.00   -1512.00   -1508.00   
-1496.00   -1500.00   -1502.00   -1510.00   -1508.00   -1496.00   -1508.00   -1510.00   -1510.00   -1512.00   
-1500.00   -1492.00   -1510.00   -1502.00   -1508.00   -1510.00   -1514.00   -1510.00   -1512.00   -1512.00   
-1490.00   -1492.00   -1504.00   -1504.00   -1500.00   -1504.00   -1512.00   -1512.00   -1508.00   -1514.00   
-1492.00   -1494.00   -1500.00   -1508.00   -1502.00   -1502.00   -1510.00   -1514.00   -1508.00   -1510.00   
-1496.00   -1492.00   -1502.00   -1506.00   -1500.00   -1506.00   -1508.00   -1500.00   -1508.00   -1510.00   
-1490.00   -1494.00   -1490.00   -1506.00   -1500.00   -1506.00   -1502.00   -1504.00   -1506.00   -1510.00   
-1488.00   -1498.00   -1500.00   -1492.00   -1510.00   -1508.00   -1504.00   -1514.00   -1508.00   -1512.00   
-1496.00   -1502.00   -1498.00   -1502.00   -1504.00   -1508.00   -1510.00   -1506.00   -1508.00   -1512.00   
-1504.00   -1504.00   -1504.00   -1504.00   -1502.00   -1514.00   -1512.00   -1514.00   -1508.00   -1512.00   
-1480.00   -1486.00   -1494.00   -1506.00   -1506.00   -1506.00   -1510.00   -1510.00   -1508.00   -1510.00   
-1500.00   -1494.00   -1488.00   -1506.00   -1498.00   -1514.00   -1502.00   -1508.00   -1502.00   -1508.00   
-1506.00   -1500.00   -1504.00   -1506.00   -1508.00   -1512.00   -1514.00   -1514.00   -1510.00   -1504.00   
-1488.00   -1498.00   -1500.00   -1506.00   -1502.00   -1502.00   -1510.00   -1506.00   -1512.00   -1512.00   
-1488.00   -1500.00   -1488.00   -1508.00   -1506.00   -1506.00   -1506.00   -1508.00   -1512.00   -1510.00   
-1490.00   -1490.00   -1498.00   -1500.00   -1504.00   -1510.00   -1504.00   -1514.00   -1514.00   -1514.00   
-1496.00   -1496.00   -1504.00   -1502.00   -1504.00   -1500.00   -1508.00   -1506.00   -1514.00   -1514.00   
-1492.00   -1494.00   -1492.00   -1502.00   -1510.00   -1510.00   -1510.00   -1506.00   -1508.00   -1514.00   
-1480.00   -1500.00   -1498.00   -1494.00   -1512.00   -1510.00   -1512.00   -1504.00   -1512.00   -1512.00   
-1508.00   -1494.00   -1506.00   -1494.00   -1502.00   -1506.00   -1512.00   -1508.00   -1508.00   -1510.00   
-1490.00   -1498.00   -1502.00   -1506.00   -1494.00   -1506.00   -1512.00   -1504.00   -1512.00   -1512.00   
-1498.00   -1498.00   -1496.00   -1504.00   -1504.00   -1504.00   -1508.00   -1512.00   -1510.00   -1510.00   
-1496.00   -1500.00   -1500.00   -1506.00   -1502.00   -1508.00   -1504.00   -1508.00   -1512.00   -1512.00   
-1486.00   -1512.00   -1502.00   -1500.00   -1508.00   -1510.00   -1502.00   -1514.00   -1506.00   -1510.00   
-1480.00   -1494.00   -1502.00   -1506.00   -1500.00   -1506.00   -1506.00   -1510.00   -1510.00   -1510.00   
-1498.00   -1484.00   -1510.00   -1498.00   -1502.00   -1506.00   -1510.00   -1510.00   -1508.00   -1514.00   
-1502.00   -1508.00   -1500.00   -1500.00   -1500.00   -1510.00   -1506.00   -1512.00   -1510.00   -1506.00   
-1492.00   -1496.00   -1488.00   -1500.00   -1506.00   -1502.00   -1510.00   -1514.00   -1510.00   -1508.00   
-1500.00   -1500.00   -1506.00   -1504.00   -1510.00   -1514.00   -1510.00   -1512.00   -1512.00   -1512.00   
-1492.00   -1500.00   -1490.00   -1508.00   -1502.00   -1508.00   -1496.00   -1508.00   -1510.00   -1508.00   
-1492.00   -1496.00   -1508.00   -1500.00   -1500.00   -1510.00   -1512.00   -1514.00   -1512.00   -1510.00   
-1484.00   -1496.00   -1502.00   -1502.00   -1502.00   -1510.00   -1510.00   -1512.00   -1510.00   -1512.00   
-1494.00   -1498.00   -1504.00   -1510.00   -1506.00   -1508.00   -1506.00   -1504.00   -1512.00   -1512.00   
-1504.00   -1498.00   -1496.00   -1500.00   -1502.00   -1508.00   -1506.00   -1510.00   -1508.00   -1510.00   
-1486.00   -1496.00   -1504.00   -1506.00   -1506.00   -1502.00   -1510.00   -1512.00   -1508.00   -1508.00   
-1492.00   -1498.00   -1504.00   -1506.00   -1498.00   -1506.00   -1506.00   -1508.00   -1512.00   -1504.00   
-1486.00   -1506.00   -1504.00   -1502.00   -1506.00   -1502.00   -1508.00   -1508.00   -1510.00   -1512.00   
-1494.00   -1496.00   -1492.00   -1496.00   -1508.00   -1506.00   -1512.00   -1506.00   -1512.00   -1508.00   
-1496.00   -1504.00   -1500.00   -1504.00   -1506.00   -1502.00   -1508.00   -1510.00   -1510.00   -1514.00   
-1486.00   -1498.00   -1498.00   -1506.00   -1496.00   -1504.00   -1512.00   -1512.00   -1512.00   -1510.00   
-1502.00   -1494.00   -1504.00   -1498.00   -1506.00   -1512.00   -1506.00   -1512.00   -1512.00   -1510.00   
-1496.00   -1502.00   -1500.00   -1502.00   -1504.00   -1510.00   -1510.00   -1506.00   -1512.00   -1514.00   
-1496.00   -1500.00   -1502.00   -1496.00   -1504.00   -1504.00   -1514.00   -1512.00   -1514.00   -1514.00   
-1496.00   -1488.00   -1506.00   -1512.00   -1502.00   -1502.00   -1502.00   -1510.00   -1508.00   -1514.00   
-1480.00   -1494.00   -1504.00   -1496.00   -1510.00   -1510.00   -1506.00   -1502.00   -1508.00   -1512.00   
-1494.00   -1500.00   -1492.00   -1502.00   -1508.00   -1504.00   -1506.00   -1510.00   -1512.00   -1512.00   
-1498.00   -1500.00   -1508.00   -1496.00   -1504.00   -1512.00   -1510.00   -1508.00   -1514.00   -1514.00   
-1490.00   -1494.00   -1504.00   -1496.00   -1506.00   -1514.00   -1506.00   -1506.00   -1512.00   -1512.00   
-1490.00   -1490.00   -1492.00   -1500.00   -1508.00   -1506.00   -1514.00   -1504.00   -1510.00   -1512.00   
-1504.00   -1498.00   -1496.00   -1506.00   -1506.00   -1512.00   -1508.00   -1510.00   -1510.00   -1504.00   
-1492.00   -1506.00   -1510.00   -1506.00   -1508.00   -1506.00   -1508.00   -1512.00   -1510.00   -1514.00   
-1496.00   -1492.00   -1506.00   -1504.00   -1506.00   -1510.00   -1508.00   -1510.00   -1512.00   -1512.00   
-1500.00   -1500.00   -1502.00   -1504.00   -1506.00   -1510.00   -1512.00   -1512.00   -1506.00   -1510.00   
-1494.00   -1494.00   -1498.00   -1506.00   -1508.00   -1502.00   -1506.00   -1506.00   -1508.00   -1512.00   
-1496.00   -1502.00   -1500.00   -1504.00   -1504.00   -1510.00   -1512.00   -1510.00   -1512.00   -1510.00   
-1488.00   -1498.00   -1492.00   -1506.00   -1510.00   -1506.00   -1510.00   -1502.00   -1512.00   -1504.00   
-1484.00   -1488.00   -1500.00   -1506.00   -1504.00   -1500.00   -1512.00   -1510.00   -1508.00   -1512.00   
-1500.00   -1502.00   -1500.00   -1500.00   -1498.00   -1506.00   -1506.00   -1508.00   -1512.00   -1510.00   
-1492.00   -1498.00   -1496.00   -1512.00   -1510.00   -1508.00   -1514.00   -1512.00   -1508.00   -1506.00   
-1500.00   -1498.00   -1500.00   -1506.00   -1498.00   -1506.00   -1510.00   -1506.00   -1510.00   -1514.00   
-1488.00   -1502.00   -1500.00   -1506.00   -1508.00   -1502.00   -1512.00   -1512.00   -1512.00   -1510.00   
-1486.00   -1490.00   -1500.00   -1502.00   -1502.00   -1508.00   -1506.00   -1510.00   -1512.00   -1512.00   
-1488.00   -1482.00   -1490.00   -1510.00   -1508.00   -1506.00   -1514.00   -1512.00   -1514.00   -1510.00   
-1492.00   -1492.00   -1492.00   -1510.00   -1506.00   -1508.00   -1506.00   -1512.00   -1514.00   -1512.00   
-1492.00   -1498.00   -1498.00   -1500.00   -1506.00   -1508.00   -1512.00   -1508.00   -1510.00   -1512.00   
-1506.00   -1492.00   -1510.00   -1508.00   -1500.00   -1496.00   -1502.00   -1504.00   -1512.00   -1510.00   
-1488.00   -1502.00   -1504.00   -1506.00   -1506.00   -1506.00   -1508.00   -1512.00   -1514.00   -1506.00   
-1488.00   -1494.00   -1496.00   -1508.00   -1496.00   -1500.00   -1502.00   -1508.00   -1510.00   -1514.00   
-1496.00   -1476.00   -1506.00   -1504.00   -1510.00   -1510.00   -1514.00   -1512.00   -1512.00   -1510.00   
-1494.00   -1502.00   -1506.00   -1504.00   -1510.00   -1502.00   -1512.00   -1508.00   -1508.00   -1510.00   
-1498.00   -1502.00   -1494.00   -1506.00   -1512.00   -1508.00   -1510.00   -1512.00   -1508.00   -1508.00   
-1492.00   -1506.00   -1502.00   -1500.00   -1508.00   -1508.00   -1500.00   -1506.00   -1508.00   -1512.00   
-1494.00   -1498.00   -1480.00   -1496.00   -1498.00   -1508.00   -1512.00   -1512.00   -1510.00   -1512.00   
-1480.00   -1492.00   -1496.00   -1506.00   -1506.00   -1506.00   -1510.00   -1510.00   -1502.00   -1512.00   
-1490.00   -1510.00   -1502.00   -1496.00   -1508.00   -1510.00   -1506.00   -1508.00   -1514.00   -1512.00   
-1498.00   -1484.00   -1502.00   -1498.00   -1498.00   -1510.00   -1510.00   -1508.00   -1514.00   -1512.00   
-1498.00   -1498.00   -1492.00   -1506.00   -1504.00   -1512.00   -1506.00   -1510.00   -1510.00   -1510.00   
-1504.00   -1500.00   -1504.00   -1504.00   -1506.00   -1512.00   -1502.00   -1514.00   -1506.00   -1510.00   
-1474.00   -1494.00   -1504.00   -1498.00   -1508.00   -1504.00   -1508.00   -1506.00   -1504.00   -1502.00   
-1498.00   -1488.00   -1502.00   -1506.00   -1506.00   -1512.00   -1512.00   -1514.00   -1508.00   -1510.00   
-1498.00   -1496.00   -1500.00   -1502.00   -1510.00   -1514.00   -1512.00   -1506.00   -1510.00   -1510.00   
-1488.00   -1498.00   -1502.00   -1510.00   -1506.00   -1508.00   -1510.00   -1510.00   -1510.00   -1514.00   
-1506.00   -1494.00   -1496.00   -1504.00   -1510.00   -1504.00   -1510.00   -1510.00   -1506.00   -1514.00   
-1500.00   -1500.00   -1490.00   -1498.00   -1504.00   -1498.00   -1508.00   -1512.00   -1514.00   -1506.00   
-1496.00   -1490.00   -1500.00   -1506.00   -1508.00   -1506.00   -1512.00   -1504.00   -1506.00   -1508.00   
-1496.00   -1496.00   -1490.00   -1508.00   -1506.00   -1506.00   -1508.00   -1512.00   -1510.00   -1510.00   
-1490.00   -1500.00   -1496.00   -1500.00   -1504.00   -1510.00   -1506.00   -1512.00   -1512.00   -1510.00   
-1492.00   -1500.00   -1504.00   -1500.00   -1506.00   -1512.00   -1504.00   -1510.00   -1514.00   -1506.00   
-1502.00   -1500.00   -1502.00   -1506.00   -1510.00   -1506.00   -1510.00   -1504.00   -1510.00   -1512.00   
-1506.00   -1494.00   -1502.00   -1510.00   -1506.00   -1506.00   -1510.00   -1508.00   -1512.00   -1510.00   
-1494.00   -1502.00   -1498.00   -1502.00   -1506.00   -1512.00   -1510.00   -1510.00   -1510.00   -1506.00   
-1492.00   -1494.00   -1496.00   -1500.00   -1510.00   -1508.00   -1510.00   -1514.00   -1510.00   -1512.00   
-1498.00   -1486.00   -1492.00   -1498.00   -1502.00   -1500.00   -1510.00   -1504.00   -1508.00   -1512.00   
-1498.00   -1498.00   -1494.00   -1492.00   -1504.00   -1504.00   -1512.00   -1512.00   -1506.00   -1508.00   
-1490.00   -1492.00   -1496.00   -1506.00   -1506.00   -1508.00   -1510.00   -1512.00   -1510.00   -1510.00   
-1486.00   -1494.00   -1492.00   -1506.00   -1498.00   -1514.00   -1506.00   -1514.00   -1508.00   -1512.00   
-1502.00   -1498.00   -1506.00   -1504.00   -1508.00   -1500.00   -1508.00   -1510.00   -1512.00   -1514.00   
-1494.00   -1496.00   -1506.00   -1496.00   -1502.00   -1512.00   -1510.00   -1508.00   -1514.00   -1514.00   
-1494.00   -1494.00   -1486.00   -1504.00   -1508.00   -1504.00   -1510.00   -1504.00   -1506.00   -1512.00   
-1492.00   -1500.00   -1504.00   -1508.00   -1504.00   -1502.00   -1508.00   -1512.00   -1510.00   -1508.00   
-1490.00   -1496.00   -1502.00   -1500.00   -1508.00   -1504.00   -1510.00   -1510.00   -1508.00   -1512.00   
-1484.00   -1502.00   -1500.00   -1492.00   -1502.00   -1506.00   -1510.00   -1502.00   -1510.00   -1512.00   
-1494.00   -1494.00   -1494.00   -1498.00   -1498.00   -1506.00   -1510.00   -1508.00   -1512.00   -1514.00   
-1492.00   -1496.00   -1500.00   -1500.00   -1504.00   -1508.00   -1508.00   -1512.00   -1512.00   -1504.00   
-1496.00   -1504.00   -1500.00   -1502.00   -1508.00   -1500.00   -1508.00   -1512.00   -1506.00   -1514.00   
-1498.00   -1494.00   -1504.00   -1492.00   -1508.00   -1498.00   -1508.00   -1508.00   -1508.00   -1510.00   
-1486.00   -1496.00   -1500.00   -1500.00   -1500.00   -1510.00   -1512.00   -1512.00   -1508.00   -1508.00   
-1494.00   -1484.00   -1504.00   -1510.00   -1502.00   -1510.00   -1508.00   -1510.00   -1508.00   -1510.00   
-1488.00   -1494.00   -1500.00   -1508.00   -1510.00   -1504.00   -1504.00   -1510.00   -1514.00   -1512.00   
-1480.00   -1496.00   -1502.00   -1508.00   -1502.00   -1506.00   -1512.00   -1506.00   -1508.00   -1510.00   
-1498.00   -1502.00   -1502.00   -1498.00   -1498.00   -1504.00   -1508.00   -1512.00   -1514.00   -1514.00   
-1492.00   -1494.00   -1492.00   -1496.00   -1506.00   -1504.00   -1506.00   -1508.00   -1510.00   -1508.00   
-1486.00   -1498.00   -1500.00   -1500.00   -1506.00   -1512.00   -1508.00   -1514.00   -1508.00   -1512.00   
-1490.00   -1502.00   -1488.00   -1510.00   -1508.00   -1508.00   -1506.00   -1508.00   -1514.00   -1510.00   
-1496.00   -1490.00   -1498.00   -1498.00   -1506.00   -1512.00   -1506.00   -1510.00   -1508.00   -1514.00   
-1498.00   -1506.00   -1490.00   -1504.00   -1506.00   -1508.00   -1506.00   -1510.00   -1510.00   -1504.00   
-1492.00   -1480.00   -1498.00   -1500.00   -1510.00   -1508.00   -1508.00   -1506.00   -1512.00   -1512.00   
-1500.00   -1492.00   -1498.00   -1506.00   -1500.00   -1512.00   -1508.00   -1510.00   -1514.00   -1508.00   
-1484.00   -1492.00   -1504.00   -1510.00   -1504.00   -1508.00   -1510.00   -1512.00   -1512.00   -1512.00   
-1492.00   -1496.00   -1502.00   -1498.00   -1498.00   -1510.00   -1506.00   -1514.00   -1510.00   -1514.00   
-1498.00   -1490.00   -1492.00   -1506.00   -1504.00   -1512.00   -1506.00   -1508.00   -1508.00   -1512.00   
-1494.00   -1502.00   -1502.00   -1512.00   -1500.00   -1514.00   -1510.00   -1510.00   -1514.00   -1510.00   
-1490.00   -1486.00   -1506.00   -1508.00   -1508.00   -1508.00   -1502.00   -1514.00   -1510.00   -1508.00   
-1498.00   -1488.00   -1502.00   -1504.00   -1500.00   -1510.00   -1508.00   -1514.00   -1514.00   -1510.00   
-1490.00   -1496.00   -1500.00   -1506.00   -1512.00   -1502.00   -1508.00   -1508.00   -1508.00   -1508.00   
-1480.00   -1494.00   -1496.00   -1506.00   -1506.00   -1510.00   -1510.00   -1508.00   -1512.00   -1512.00   
-1488.00   -1494.00   -1502.00   -1496.00   -1504.00   -1506.00   -1514.00   -1506.00   -1512.00   -1512.00   
-1498.00   -1502.00   -1488.00   -1496.00   -1504.00   -1506.00   -1506.00   -1510.00   -1510.00   -1514.00   
-1500.00   -1494.00   -1500.00   -1508.00   -1512.00   -1510.00   -1508.00   -1504.00   -1512.00   -1512.00   
-1500.00   -1504.00   -1500.00   -1500.00   -1496.00   -1510.00   -1512.00   -1510.00   -1512.00   -1508.00   
-1494.00   -1494.00   -1490.00   -1504.00   -1504.00   -1500.00   -1514.00   -1510.00   -1506.00   -1508.00   
-1484.00   -1494.00   -1512.00   -1506.00   -1504.00   -1506.00   -1500.00   -1512.00   -1512.00   -1510.00   
-1484.00   -1498.00   -1506.00   -1506.00   -1504.00   -1506.00   -1508.00   -1506.00   -1512.00   -1512.00   
-1484.00   -1500.00   -1506.00   -1502.00   -1512.00   -1502.00   -1508.00   -1510.00   -1508.00   -1514.00   
-1488.00   -1504.00   -1506.00   -1508.00   -1502.00   -1508.00   -1504.00   -1508.00   -1512.00   -1512.00   
-1494.00   -1502.00   -1490.00   -1506.00   -1506.00   -1508.00   -1514.00   -1510.00   -1510.00   -1510.00   
-1490.00   -1494.00   -1500.00   -1494.00   -1504.00   -1512.00   -1514.00   -1510.00   -1514.00   -1510.00   
-1476.00   -1496.00   -1494.00   -1502.00   -1506.00   -1508.00   -1504.00   -1510.00   -1506.00   -1510.00   
-1496.00   -1496.00   -1494.00   -1508.00   -1508.00   -1506.00   -1508.00   -1510.00   -1512.00   -1504.00   
-1492.00   -1496.00   -1498.00   -1506.00   -1506.00   -1512.00   -1510.00   -1508.00   -1500.00   -1508.00   
-1502.00   -1510.00   -1512.00   -1504.00   -1510.00   -1510.00   -1504.00   -1508.00   -1510.00   -1512.00   
-1500.00   -1502.00   -1498.00   -1502.00   -1502.00   -1514.00   -1510.00   -1510.00   -1512.00   -1514.00   
-1496.00   -1504.00   -1504.00   -1502.00   -1506.00   -1508.00   -1510.00   -1510.00   -1508.00   -1514.00   
-1494.00   -1496.00   -1490.00   -1496.00   -1500.00   -1510.00   -1496.00   -1512.00   -1512.00   -1512.00   
-1486.00   -1478.00   -1502.00   -1496.00   -1506.00   -1490.00   -1510.00   -1508.00   -1510.00   -1514.00   
-1490.00   -1502.00   -1500.00   -1490.00   -1504.00   -1508.00   -1510.00   -1510.00   -1512.00   -1506.00   
-1500.00   -1490.00   -1498.00   -1502.00   -1508.00   -1510.00   -1508.00   -1510.00   -1508.00   -1510.00   
-1504.00   -1502.00   -1504.00   -1498.00   -1500.00   -1506.00   -1512.00   -1514.00   -1508.00   -1514.00   
-1486.00   -1500.00   -1504.00   -1500.00   -1504.00   -1510.00   -1510.00   -1514.00   -1512.00   -1510.00   
-1492.00   -1502.00   -1492.00   -1504.00   -1500.00   -1504.00   -1502.00   -1512.00   -1514.00   -1510.00   
-1494.00   -1492.00   -1504.00   -1502.00   -1508.00   -1504.00   -1514.00   -1510.00   -1510.00   -1512.00   
-1482.00   -1504.00   -1484.00   -1500.00   -1506.00   -1500.00   -1512.00   -1510.00   -1502.00   -1514.00   
-1486.00   -1500.00   -1496.00   -1512.00   -1506.00   -1512.00   -1510.00   -1510.00   -1510.00   -1508.00   
-1486.00   -1490.00   -1502.00   -1500.00   -1514.00   -1496.00   -1508.00   -1506.00   -1500.00   -1512.00   
-1490.00   -1494.00   -1506.00   -1510.00   -1510.00   -1506.00   -1510.00   -1512.00   -1510.00   -1514.00   
