-191300.00 -191880.00 -191962.00 -192508.00 -192806.00 -192952.00 -193208.00 -193334.00 -193412.00 -193472.00 
-191198.00 -191846.00 -192196.00 -192598.00 -192766.00 -193084.00 -193160.00 -193374.00 -193416.00 -193488.00 
-191378.00 -191796.00 -192260.00 -192636.00 -192778.00 -192996.00 -193172.00 -193344.00 -193454.00 -193576.00 
-191188.00 -191760.00 -192200.00 -192502.00 -192790.00 -193060.00 -193102.00 -193338.00 -193402.00 -193528.00 
-191244.00 -191788.00 -192308.00 -192524.00 -192780.00 -192986.00 -193256.00 -193330.00 -193470.00 -193550.00 
-191240.00 -191840.00 -192204.00 -192542.00 -192714.00 -193074.00 -193160.00 -193366.00 -193346.00 -193558.00 
-191292.00 -191872.00 -192242.00 -192564.00 -192768.00 -193100.00 -193160.00 -193366.00 -193456.00 -193516.00 
-191248.00 -191832.00 -192144.00 -192390.00 -192902.00 -192968.00 -193164.00 -193238.00 -193422.00 -193488.00 
-191172.00 -191766.00 -192226.00 -192446.00 -192834.00 -193082.00 -193202.00 -193370.00 -193394.00 -193532.00 
-191324.00 -191746.00 -192152.00 -192548.00 -192774.00 -193034.00 -193208.00 -193338.00 -193466.00 -193510.00 
