254      0.69314718        
248      5.26020850        
246      4.85027228        
244      4.56003518        
242      9.12082299        
240      9.42106977        
238      9.52428675        
236      12.59479007       
234      13.29846665       
232      13.67651103       
230      15.83654168       
228      16.78679727       
226      17.37170018       
224      18.94384886       
222      20.00562356       
220      20.73332962       
218      21.97596502       
216      23.05092579       
214      23.88250781       
212      24.93335762       
210      25.97163719       
208      26.84846550       
206      27.80436303       
204      28.79186985       
202      29.68943164       
200      30.60146218       
198      31.53005548       
196      32.41959303       
194      33.30135681       
192      34.18681280       
190      35.06160201       
188      35.92518660       
186      36.78786628       
184      37.63647802       
182      38.47462082       
180      39.31274350       
178      40.13686383       
176      40.95617409       
174      41.76860136       
172      42.57520781       
170      43.37679407       
168      44.17384438       
166      44.96118577       
164      45.74386465       
162      46.52336304       
160      47.29173109       
158      48.05847199       
156      48.82107717       
154      49.57434268       
152      50.31916170       
150      51.06500058       
148      51.80855743       
146      52.54097637       
144      53.26930824       
142      53.98959724       
140      54.71242517       
138      55.42853698       
136      56.13741703       
134      56.84145474       
132      57.54362854       
130      58.23676187       
128      58.92562935       
126      59.61354217       
124      60.29591834       
122      60.96715644       
120      61.63485738       
118      62.30495891       
116      62.96339400       
114      63.62030545       
112      64.27049598       
110      64.91732797       
108      65.56026244       
106      66.19432513       
104      66.82196924       
102      67.44643155       
100      68.06290148       
98       68.67196381       
96       69.27705475       
94       69.87597105       
92       70.46526961       
90       71.05022713       
88       71.63009417       
86       72.19863859       
84       72.75861025       
82       73.31386672       
80       73.86056408       
78       74.39663258       
76       74.92769021       
74       75.44881442       
72       75.96028693       
70       76.45970979       
68       76.94816671       
66       77.42433660       
64       77.89123735       
62       78.35028465       
60       78.79704012       
58       79.23443632       
56       79.65448490       
54       80.06763843       
52       80.46359813       
50       80.84794442       
48       81.22124034       
46       81.57871724       
44       81.92334159       
42       82.25578899       
40       82.57141584       
38       82.87295118       
36       83.16456984       
34       83.43829033       
32       83.69704693       
30       83.94042466       
28       84.16819703       
26       84.38207388       
24       84.58188282       
22       84.76447779       
20       84.93127957       
18       85.08246153       
16       85.21811114       
14       85.34030382       
12       85.44418376       
10       85.53019468       
8        85.60122904       
6        85.65469838       
4        85.69455936       
2        85.71831679       
0        85.72561638       
-2       85.71874408       
-4       85.69522317       
-6       85.65452909       
-8       85.59818700       
-10      85.52616279       
-12      85.43900536       
-14      85.33520603       
-16      85.21708017       
-18      85.08292435       
-20      84.93095644       
-22      84.76570310       
-24      84.58589080       
-26      84.38824692       
-28      84.17611758       
-30      83.94908537       
-32      83.70458817       
-34      83.44827401       
-36      83.17635138       
-38      82.88753593       
-40      82.58580111       
-42      82.26820537       
-44      81.93628077       
-46      81.58880286       
-48      81.22741130       
-50      80.85056191       
-52      80.45870313       
-54      80.05184685       
-56      79.62907593       
-58      79.19137181       
-60      78.74106625       
-62      78.27616986       
-64      77.79546399       
-66      77.29919590       
-68      76.78751899       
-70      76.26177020       
-72      75.71992427       
-74      75.16594562       
-76      74.59486440       
-78      74.00692734       
-80      73.40630115       
-82      72.78865689       
-84      72.15630153       
-86      71.50900204       
-88      70.84539303       
-90      70.16584320       
-92      69.46990543       
-94      68.75575436       
-96      68.02647979       
-98      67.28234733       
-100     66.51938343       
-102     65.74181878       
-104     64.94740434       
-106     64.13513574       
-108     63.30858980       
-110     62.46590853       
-112     61.59874530       
-114     60.71894352       
-116     59.81545465       
-118     58.89088292       
-120     57.94872519       
-122     56.98433991       
-124     56.00112884       
-126     54.99065432       
-128     53.96641137       
-130     52.91428441       
-132     51.83688313       
-134     50.73814584       
-136     49.61243157       
-138     48.46081133       
-140     47.27074697       
-142     46.05650401       
-144     44.81253052       
-146     43.53760899       
-148     42.22160277       
-150     40.86678661       
-152     39.47469619       
-154     38.03527352       
-156     36.54697330       
-158     35.00162753       
-160     33.40443921       
-162     31.73842221       
-164     29.99575160       
-166     28.18645593       
-168     26.28466433       
-170     24.28074115       
-172     22.16297644       
-174     19.91359182       
-176     17.52612068       
-178     14.94859904       
-180     12.15415341       
-182     9.07813812        
-184     5.59654238        
-186     1.44254793        
