-12.00   6.00     16.00    -8.00    -30.00   -22.00   -16.00   14.00    28.00    8.00     
16.00    -14.00   14.00    -2.00    14.00    -16.00   10.00    28.00    30.00    2.00     
0.00     -16.00   0.00     16.00    -26.00   16.00    8.00     2.00     -8.00    -28.00   
-6.00    20.00    -16.00   -26.00   -16.00   22.00    30.00    -8.00    -28.00   8.00     
0.00     2.00     14.00    12.00    14.00    -16.00   -28.00   22.00    24.00    8.00     
22.00    16.00    22.00    32.00    8.00     22.00    12.00    30.00    14.00    -28.00   
-10.00   -28.00   14.00    -24.00   26.00    22.00    22.00    -28.00   -22.00   28.00    
0.00     0.00     2.00     -16.00   -22.00   -22.00   16.00    22.00    -28.00   20.00    
10.00    -16.00   12.00    -24.00   8.00     16.00    28.00    -28.00   -28.00   -28.00   
-6.00    -20.00   -10.00   -24.00   -16.00   -16.00   -14.00   30.00    -28.00   6.00     
-18.00   18.00    30.00    -30.00   -26.00   28.00    -30.00   2.00     -20.00   -28.00   
6.00     18.00    26.00    -26.00   22.00    28.00    -26.00   -16.00   -26.00   28.00    
24.00    -10.00   22.00    10.00    26.00    28.00    -28.00   -28.00   30.00    14.00    
22.00    2.00     18.00    -26.00   -28.00   28.00    -22.00   14.00    -30.00   28.00    
-22.00   -28.00   20.00    4.00     20.00    28.00    -20.00   30.00    28.00    28.00    
-18.00   0.00     -16.00   16.00    30.00    28.00    26.00    -24.00   30.00    28.00    
-14.00   20.00    -18.00   2.00     -14.00   -14.00   -8.00    -14.00   22.00    28.00    
4.00     14.00    16.00    30.00    -28.00   16.00    -30.00   30.00    0.00     28.00    
-24.00   -16.00   26.00    -14.00   2.00     28.00    28.00    -22.00   14.00    -28.00   
22.00    -28.00   8.00     -28.00   14.00    2.00     -20.00   24.00    -8.00    30.00    
-4.00    20.00    14.00    8.00     24.00    22.00    -28.00   26.00    -22.00   28.00    
-10.00   -20.00   28.00    20.00    30.00    30.00    28.00    -28.00   8.00     -28.00   
0.00     20.00    -10.00   -18.00   28.00    -30.00   28.00    -28.00   -26.00   -2.00    
-6.00    -24.00   24.00    12.00    -30.00   -28.00   -14.00   -4.00    -28.00   -28.00   
-20.00   -6.00    0.00     28.00    -14.00   32.00    -28.00   -22.00   -14.00   30.00    
24.00    2.00     24.00    -20.00   -32.00   28.00    -30.00   -28.00   28.00    -28.00   
-2.00    -20.00   30.00    14.00    30.00    -12.00   30.00    -14.00   22.00    -14.00   
-4.00    30.00    16.00    -8.00    22.00    30.00    28.00    -22.00   28.00    -28.00   
-24.00   30.00    18.00    2.00     -30.00   -12.00   -14.00   -28.00   -24.00   -28.00   
-14.00   14.00    28.00    20.00    16.00    -26.00   -8.00    -2.00    14.00    8.00     
-10.00   -24.00   -30.00   -20.00   -22.00   -28.00   -26.00   14.00    -30.00   28.00    
16.00    -20.00   2.00     -30.00   24.00    28.00    -32.00   -22.00   -28.00   28.00    
6.00     28.00    0.00     12.00    26.00    -14.00   18.00    16.00    -14.00   28.00    
-8.00    16.00    16.00    -22.00   -14.00   28.00    16.00    30.00    28.00    28.00    
24.00    -4.00    -34.00   -22.00   -12.00   14.00    -22.00   28.00    -14.00   24.00    
22.00    -2.00    -24.00   30.00    -14.00   16.00    -16.00   0.00     -28.00   -28.00   
20.00    0.00     6.00     -6.00    -28.00   -26.00   -16.00   28.00    -26.00   30.00    
-30.00   8.00     -28.00   28.00    -12.00   -20.00   -30.00   14.00    -30.00   -14.00   
-22.00   4.00     24.00    20.00    30.00    -22.00   -14.00   -14.00   28.00    30.00    
2.00     0.00     6.00     -30.00   10.00    26.00    28.00    28.00    -28.00   -30.00   
14.00    0.00     2.00     4.00     -14.00   -8.00    -14.00   -28.00   -12.00   -28.00   
-26.00   -16.00   -6.00    -22.00   -30.00   14.00    -14.00   0.00     -22.00   26.00    
-14.00   28.00    28.00    -28.00   -2.00    -16.00   28.00    -26.00   32.00    28.00    
2.00     2.00     24.00    14.00    -14.00   -30.00   -8.00    28.00    -14.00   30.00    
10.00    -8.00    -8.00    -14.00   -28.00   -18.00   14.00    14.00    -16.00   -20.00   
-20.00   -14.00   20.00    10.00    20.00    8.00     28.00    -20.00   22.00    14.00    
-12.00   -14.00   -10.00   -4.00    22.00    14.00    28.00    28.00    -28.00   -30.00   
12.00    -20.00   30.00    -18.00   20.00    -28.00   16.00    -28.00   26.00    30.00    
-4.00    -8.00    24.00    -14.00   24.00    10.00    22.00    28.00    28.00    -28.00   
-14.00   -8.00    8.00     -30.00   28.00    2.00     28.00    28.00    -14.00   -14.00   
6.00     -24.00   -12.00   14.00    0.00     10.00    -28.00   16.00    14.00    -30.00   
4.00     24.00    -6.00    28.00    22.00    -20.00   10.00    28.00    14.00    -12.00   
28.00    10.00    12.00    10.00    -12.00   -24.00   28.00    -14.00   22.00    -28.00   
-22.00   28.00    26.00    -14.00   24.00    -26.00   -12.00   26.00    -28.00   -14.00   
-8.00    26.00    18.00    -32.00   8.00     28.00    32.00    -26.00   8.00     28.00    
-34.00   2.00     26.00    -22.00   28.00    14.00    22.00    -28.00   28.00    14.00    
-2.00    -22.00   16.00    -30.00   28.00    -30.00   -18.00   -28.00   32.00    -26.00   
-22.00   -16.00   28.00    -2.00    26.00    -26.00   -2.00    -20.00   -28.00   24.00    
6.00     0.00     16.00    22.00    -16.00   -28.00   28.00    -14.00   28.00    22.00    
18.00    28.00    18.00    16.00    24.00    -24.00   -14.00   -22.00   14.00    -28.00   
4.00     4.00     26.00    12.00    28.00    20.00    22.00    -28.00   28.00    28.00    
-12.00   26.00    12.00    -18.00   8.00     20.00    -30.00   -26.00   26.00    -22.00   
0.00     12.00    28.00    -30.00   -22.00   -24.00   30.00    -26.00   30.00    12.00    
-10.00   -18.00   6.00     24.00    -14.00   16.00    -26.00   20.00    -14.00   14.00    
-14.00   34.00    -24.00   -28.00   30.00    -14.00   -26.00   28.00    -28.00   26.00    
18.00    -16.00   24.00    -24.00   22.00    14.00    -28.00   22.00    28.00    28.00    
10.00    4.00     -18.00   -22.00   28.00    -22.00   0.00     -2.00    -22.00   28.00    
20.00    16.00    -22.00   22.00    -10.00   14.00    -28.00   -22.00   -28.00   28.00    
14.00    -18.00   12.00    -20.00   -30.00   0.00     14.00    0.00     -28.00   -32.00   
0.00     28.00    -22.00   20.00    24.00    -28.00   -10.00   22.00    14.00    30.00    
-12.00   2.00     0.00     -26.00   16.00    -12.00   28.00    14.00    14.00    -30.00   
-2.00    22.00    -2.00    -22.00   8.00     -24.00   2.00     16.00    28.00    28.00    
12.00    8.00     -30.00   -16.00   -14.00   -12.00   -20.00   30.00    -22.00   28.00    
26.00    18.00    -22.00   6.00     14.00    6.00     -28.00   -28.00   -32.00   28.00    
-10.00   26.00    28.00    26.00    22.00    -22.00   -22.00   26.00    28.00    -14.00   
-8.00    -16.00   -24.00   -28.00   -16.00   -14.00   22.00    28.00    22.00    -28.00   
-2.00    -16.00   16.00    30.00    30.00    16.00    -30.00   28.00    -28.00   28.00    
2.00     18.00    24.00    -28.00   -30.00   22.00    -28.00   -30.00   14.00    -26.00   
26.00    -4.00    2.00     26.00    14.00    -26.00   20.00    -28.00   -28.00   -28.00   
-26.00   0.00     10.00    24.00    22.00    -4.00    14.00    20.00    -14.00   0.00     
-26.00   -16.00   24.00    -8.00    -12.00   -8.00    28.00    28.00    22.00    2.00     
-8.00    -24.00   14.00    -4.00    28.00    28.00    0.00     -14.00   -22.00   -22.00   
-30.00   22.00    14.00    16.00    -22.00   30.00    -22.00   -26.00   28.00    14.00    
-4.00    -26.00   8.00     8.00     -28.00   -28.00   28.00    8.00     28.00    30.00    
14.00    -4.00    -30.00   -10.00   20.00    0.00     28.00    28.00    -28.00   -22.00   
8.00     6.00     8.00     -26.00   26.00    28.00    -28.00   14.00    -28.00   26.00    
0.00     -8.00    22.00    -22.00   0.00     -28.00   -28.00   -22.00   8.00     -22.00   
6.00     -28.00   0.00     -30.00   -14.00   26.00    30.00    -28.00   28.00    -32.00   
8.00     -2.00    -2.00    4.00     28.00    20.00    14.00    22.00    -22.00   -28.00   
0.00     -12.00   22.00    0.00     28.00    0.00     24.00    -16.00   28.00    22.00    
2.00     -12.00   -2.00    -22.00   30.00    26.00    -28.00   28.00    14.00    -24.00   
-16.00   -18.00   -22.00   -16.00   28.00    -20.00   18.00    -28.00   28.00    -28.00   
18.00    24.00    -24.00   6.00     14.00    -28.00   -28.00   -4.00    -30.00   14.00    
-2.00    30.00    -16.00   30.00    -12.00   -22.00   -14.00   -30.00   24.00    -20.00   
4.00     16.00    -26.00   12.00    32.00    28.00    28.00    28.00    28.00    -28.00   
4.00     -4.00    16.00    -8.00    28.00    -14.00   -2.00    -28.00   30.00    28.00    
-8.00    0.00     18.00    4.00     0.00     14.00    30.00    -26.00   14.00    28.00    
-12.00   -4.00    -8.00    10.00    -12.00   0.00     30.00    -10.00   30.00    -8.00    
-12.00   18.00    -16.00   -26.00   -16.00   30.00    20.00    -8.00    4.00     14.00    
-28.00   -24.00   8.00     -14.00   20.00    28.00    -22.00   -28.00   -26.00   -26.00   
16.00    -12.00   -16.00   14.00    2.00     30.00    -28.00   -28.00   10.00    28.00    
14.00    10.00    -8.00    8.00     -14.00   -20.00   -20.00   -28.00   -30.00   22.00    
6.00     -10.00   14.00    26.00    10.00    -14.00   -28.00   22.00    28.00    -28.00   
14.00    -6.00    -12.00   -6.00    -24.00   -28.00   30.00    14.00    28.00    -28.00   
-22.00   14.00    6.00     -28.00   16.00    -24.00   14.00    30.00    -30.00   8.00     
-2.00    16.00    14.00    0.00     -24.00   14.00    -28.00   -14.00   -28.00   -28.00   
2.00     2.00     -18.00   -24.00   14.00    -30.00   -28.00   22.00    14.00    -14.00   
-18.00   -4.00    12.00    -20.00   -14.00   18.00    14.00    -28.00   28.00    -28.00   
16.00    26.00    -10.00   -6.00    -14.00   -26.00   30.00    2.00     16.00    -28.00   
-18.00   4.00     -20.00   -28.00   -10.00   -14.00   22.00    28.00    26.00    -28.00   
-22.00   20.00    -28.00   20.00    28.00    -14.00   -2.00    28.00    -28.00   -28.00   
-14.00   26.00    -2.00    6.00     14.00    -28.00   -30.00   26.00    26.00    22.00    
20.00    -16.00   14.00    28.00    8.00     -14.00   -22.00   8.00     28.00    -28.00   
-20.00   -18.00   -22.00   12.00    -4.00    -28.00   18.00    -8.00    -14.00   28.00    
-16.00   16.00    28.00    -10.00   -8.00    18.00    -30.00   22.00    -14.00   -22.00   
0.00     18.00    -10.00   28.00    14.00    28.00    24.00    28.00    -12.00   -30.00   
-14.00   -4.00    -30.00   -20.00   -30.00   -4.00    30.00    -12.00   28.00    28.00    
6.00     -18.00   0.00     -26.00   14.00    -22.00   -28.00   28.00    28.00    10.00    
26.00    -24.00   14.00    0.00     16.00    -8.00    10.00    28.00    -14.00   28.00    
18.00    26.00    20.00    -26.00   -24.00   -26.00   22.00    -14.00   14.00    28.00    
-2.00    24.00    -20.00   -28.00   -16.00   -28.00   14.00    28.00    0.00     22.00    
14.00    -22.00   -8.00    -32.00   -8.00    -28.00   28.00    0.00     30.00    -14.00   
-24.00   -24.00   16.00    -12.00   22.00    -14.00   16.00    0.00     22.00    -28.00   
4.00     -32.00   10.00    -16.00   -28.00   18.00    24.00    28.00    28.00    28.00    
-10.00   -10.00   -18.00   -20.00   30.00    14.00    -30.00   14.00    28.00    28.00    
-2.00    16.00    4.00     -24.00   14.00    -28.00   -20.00   22.00    -22.00   14.00    
-4.00    4.00     -20.00   22.00    -28.00   26.00    30.00    32.00    -28.00   28.00    
12.00    -20.00   -6.00    0.00     18.00    20.00    -32.00   -14.00   28.00    -24.00   
-28.00   22.00    -12.00   -2.00    -16.00   -26.00   22.00    -22.00   -28.00   -28.00   
8.00     -10.00   -14.00   -14.00   28.00    30.00    28.00    -30.00   0.00     -24.00   
10.00    -14.00   -2.00    -22.00   8.00     18.00    -30.00   28.00    -30.00   18.00    
-18.00   -30.00   18.00    -14.00   26.00    -28.00   -22.00   28.00    26.00    -28.00   
-14.00   -8.00    28.00    -26.00   -28.00   -22.00   -12.00   -30.00   28.00    32.00    
6.00     24.00    -12.00   -10.00   14.00    28.00    -18.00   22.00    28.00    28.00    
8.00     20.00    -16.00   28.00    -28.00   -28.00   -24.00   30.00    30.00    14.00    
14.00    18.00    16.00    0.00     12.00    22.00    8.00     -10.00   0.00     -28.00   
12.00    10.00    -28.00   32.00    -28.00   -2.00    -28.00   -20.00   28.00    28.00    
0.00     16.00    2.00     -20.00   22.00    14.00    -28.00   -28.00   22.00    14.00    
-2.00    -14.00   -26.00   2.00     28.00    -22.00   14.00    24.00    -14.00   -28.00   
10.00    -22.00   -2.00    2.00     -22.00   26.00    0.00     8.00     22.00    28.00    
16.00    4.00     -26.00   28.00    0.00     -28.00   -30.00   -28.00   22.00    -28.00   
22.00    -24.00   -20.00   24.00    24.00    22.00    -28.00   -14.00   28.00    -14.00   
-12.00   16.00    22.00    6.00     -8.00    -26.00   -24.00   -28.00   28.00    22.00    
-2.00    22.00    -20.00   4.00     -16.00   30.00    14.00    -22.00   28.00    14.00    
6.00     -2.00    -26.00   8.00     26.00    -10.00   -28.00   -28.00   28.00    -14.00   
2.00     0.00     0.00     -12.00   6.00     30.00    20.00    -28.00   -30.00   14.00    
-6.00    -24.00   -2.00    0.00     28.00    12.00    -30.00   -24.00   -12.00   -28.00   
8.00     0.00     12.00    -10.00   10.00    -28.00   22.00    8.00     28.00    28.00    
2.00     -24.00   -20.00   2.00     -18.00   10.00    -28.00   28.00    22.00    -28.00   
-16.00   2.00     8.00     -12.00   28.00    -26.00   6.00     22.00    -14.00   -28.00   
8.00     22.00    -10.00   12.00    22.00    -22.00   10.00    22.00    -28.00   28.00    
8.00     -4.00    10.00    24.00    -10.00   2.00     16.00    22.00    -28.00   -22.00   
10.00    8.00     -14.00   8.00     22.00    -14.00   -22.00   26.00    -28.00   26.00    
8.00     6.00     6.00     12.00    -14.00   -16.00   0.00     -14.00   -30.00   -28.00   
20.00    -12.00   20.00    28.00    -28.00   28.00    28.00    -28.00   -28.00   28.00    
-14.00   14.00    28.00    4.00     14.00    -14.00   -16.00   -20.00   0.00     -28.00   
-8.00    -6.00    6.00     -12.00   26.00    -22.00   28.00    30.00    28.00    -22.00   
-8.00    14.00    30.00    28.00    -26.00   28.00    30.00    0.00     -26.00   22.00    
2.00     20.00    4.00     8.00     -26.00   14.00    8.00     30.00    -16.00   16.00    
12.00    20.00    -28.00   -18.00   24.00    30.00    -20.00   -34.00   24.00    28.00    
-20.00   26.00    22.00    28.00    0.00     -14.00   28.00    -28.00   16.00    -28.00   
-10.00   -28.00   -20.00   32.00    -16.00   8.00     -26.00   26.00    -26.00   -28.00   
24.00    2.00     -12.00   24.00    28.00    -20.00   10.00    -28.00   26.00    -28.00   
20.00    -6.00    24.00    2.00     -14.00   10.00    14.00    -14.00   14.00    0.00     
22.00    -26.00   -14.00   30.00    -22.00   -22.00   26.00    14.00    -28.00   26.00    
0.00     -2.00    0.00     -28.00   -12.00   -10.00   32.00    -28.00   28.00    28.00    
14.00    14.00    -18.00   -28.00   12.00    -2.00    26.00    -6.00    -28.00   -22.00   
-12.00   4.00     0.00     -12.00   10.00    -26.00   -14.00   30.00    28.00    -28.00   
-2.00    -10.00   14.00    -16.00   -28.00   -14.00   -30.00   16.00    8.00     -30.00   
10.00    12.00    -28.00   24.00    -30.00   6.00     -16.00   28.00    -28.00   -22.00   
10.00    12.00    -26.00   -14.00   22.00    22.00    -26.00   -28.00   14.00    -28.00   
4.00     -16.00   -28.00   26.00    -28.00   -28.00   -16.00   22.00    12.00    26.00    
-8.00    16.00    -2.00    -2.00    -28.00   -8.00    18.00    28.00    -28.00   8.00     
14.00    14.00    30.00    30.00    -8.00    -28.00   14.00    28.00    -28.00   -14.00   
6.00     -18.00   20.00    28.00    -14.00   -16.00   -22.00   14.00    -30.00   28.00    
28.00    0.00     30.00    -4.00    -16.00   28.00    30.00    22.00    20.00    -28.00   
-14.00   4.00     22.00    -30.00   24.00    -28.00   28.00    24.00    30.00    28.00    
4.00     -26.00   -22.00   -20.00   28.00    22.00    26.00    -28.00   30.00    26.00    
-20.00   -6.00    30.00    0.00     -24.00   -22.00   30.00    28.00    14.00    -28.00   
-18.00   12.00    -26.00   16.00    8.00     26.00    -28.00   -20.00   -22.00   28.00    
0.00     14.00    6.00     18.00    -24.00   4.00     -28.00   -14.00   28.00    -14.00   
-6.00    0.00     -10.00   -2.00    26.00    24.00    30.00    -18.00   28.00    32.00    
-4.00    -8.00    -24.00   12.00    14.00    -28.00   -16.00   -30.00   -28.00   -28.00   
0.00     -8.00    -20.00   26.00    14.00    -30.00   -30.00   -30.00   14.00    -22.00   
26.00    0.00     -16.00   28.00    -12.00   -28.00   -14.00   -14.00   -28.00   -28.00   
8.00     -6.00    22.00    12.00    -26.00   -6.00    4.00     22.00    -28.00   28.00    
6.00     -22.00   0.00     -28.00   28.00    0.00     -22.00   -32.00   28.00    -28.00   
-18.00   -16.00   24.00    -2.00    14.00    -14.00   -28.00   26.00    28.00    -28.00   
-26.00   -20.00   30.00    -30.00   14.00    24.00    28.00    28.00    -16.00   -28.00   
2.00     -2.00    10.00    -8.00    2.00     22.00    16.00    -28.00   0.00     28.00    
4.00     8.00     -2.00    -20.00   -10.00   14.00    28.00    -6.00    14.00    -28.00   
20.00    -10.00   12.00    -22.00   -22.00   -30.00   30.00    28.00    -28.00   28.00    
-2.00    -2.00    28.00    22.00    8.00     26.00    22.00    22.00    30.00    28.00    
-10.00   14.00    30.00    -14.00   22.00    16.00    0.00     -28.00   28.00    28.00    
2.00     -2.00    -30.00   16.00    -22.00   -28.00   -14.00   14.00    30.00    22.00    
10.00    0.00     20.00    -10.00   24.00    -14.00   14.00    -24.00   16.00    26.00    
10.00    18.00    -24.00   -22.00   -28.00   -26.00   0.00     2.00     -22.00   22.00    
18.00    -8.00    24.00    -28.00   -28.00   28.00    24.00    14.00    -16.00   -28.00   
28.00    -16.00   22.00    20.00    30.00    -14.00   -22.00   -28.00   -28.00   -28.00   
20.00    -10.00   -8.00    30.00    2.00     -30.00   -30.00   -14.00   -14.00   28.00    
-2.00    16.00    18.00    28.00    28.00    10.00    -2.00    2.00     28.00    26.00    
-2.00    14.00    10.00    -14.00   8.00     -30.00   -22.00   10.00    16.00    -28.00   
-6.00    -12.00   -26.00   -26.00   -28.00   -14.00   28.00    -26.00   28.00    26.00    
-6.00    0.00     -10.00   -2.00    24.00    -28.00   -14.00   -26.00   28.00    30.00    
-12.00   14.00    -10.00   -28.00   -16.00   20.00    14.00    28.00    -28.00   28.00    
-16.00   -2.00    -20.00   -2.00    -8.00    -24.00   16.00    -28.00   26.00    -22.00   
-4.00    2.00     6.00     2.00     -12.00   -6.00    -28.00   2.00     -30.00   30.00    
-4.00    -8.00    10.00    -8.00    -14.00   -28.00   -28.00   -20.00   16.00    -28.00   
12.00    -16.00   -2.00    0.00     28.00    0.00     14.00    -22.00   0.00     -28.00   
32.00    -10.00   24.00    16.00    -8.00    -6.00    0.00     28.00    -28.00   -26.00   
-14.00   18.00    2.00     -28.00   22.00    -28.00   0.00     -28.00   28.00    -22.00   
20.00    26.00    -16.00   14.00    -16.00   30.00    28.00    -28.00   20.00    28.00    
4.00     -28.00   28.00    -32.00   -28.00   -16.00   -20.00   28.00    28.00    24.00    
-8.00    4.00     -14.00   14.00    14.00    24.00    -22.00   28.00    -14.00   -28.00   
-6.00    8.00     -12.00   0.00     -12.00   -14.00   18.00    -22.00   -12.00   -14.00   
6.00     20.00    24.00    -16.00   26.00    14.00    -2.00    -22.00   -14.00   26.00    
10.00    0.00     6.00     -12.00   22.00    -10.00   28.00    2.00     -14.00   -22.00   
-2.00    -16.00   -8.00    -24.00   -22.00   -28.00   -26.00   -28.00   28.00    28.00    
-6.00    -10.00   4.00     -20.00   -28.00   -28.00   28.00    28.00    30.00    8.00     
-26.00   14.00    2.00     -22.00   16.00    -28.00   -14.00   12.00    -14.00   28.00    
6.00     26.00    -6.00    26.00    22.00    -28.00   28.00    18.00    -28.00   -28.00   
-16.00   -6.00    -6.00    -16.00   16.00    -28.00   22.00    8.00     -30.00   -28.00   
12.00    -20.00   -26.00   28.00    28.00    16.00    28.00    0.00     28.00    24.00    
-4.00    30.00    8.00     -26.00   -22.00   -22.00   -20.00   24.00    -28.00   28.00    
14.00    -8.00    8.00     24.00    -10.00   8.00     -10.00   -30.00   30.00    -30.00   
-12.00   -14.00   -12.00   8.00     2.00     22.00    8.00     22.00    22.00    28.00    
-26.00   -28.00   20.00    -22.00   -6.00    12.00    28.00    28.00    16.00    -16.00   
-14.00   -14.00   -18.00   -8.00    8.00     30.00    -28.00   28.00    28.00    30.00    
6.00     -8.00    16.00    -18.00   -22.00   -16.00   24.00    14.00    14.00    28.00    
-4.00    -20.00   -14.00   -28.00   -14.00   -20.00   28.00    28.00    28.00    -28.00   
-4.00    0.00     14.00    0.00     12.00    -28.00   22.00    -30.00   -28.00   14.00    
-16.00   0.00     -18.00   -28.00   -30.00   20.00    -2.00    14.00    -30.00   28.00    
-6.00    12.00    -18.00   -22.00   -22.00   26.00    2.00     -24.00   -22.00   -28.00   
-4.00    -14.00   -18.00   -2.00    22.00    -6.00    -26.00   22.00    2.00     28.00    
8.00     24.00    16.00    -22.00   20.00    -16.00   -28.00   -14.00   22.00    12.00    
4.00     -14.00   -28.00   -12.00   30.00    22.00    14.00    28.00    8.00     -14.00   
-8.00    -14.00   22.00    26.00    -2.00    30.00    16.00    -26.00   30.00    -22.00   
10.00    4.00     16.00    -22.00   -26.00   14.00    -28.00   -28.00   22.00    28.00    
0.00     2.00     10.00    28.00    16.00    14.00    -22.00   32.00    -28.00   -28.00   
-2.00    14.00    -22.00   12.00    -22.00   -28.00   -8.00    -24.00   -26.00   -16.00   
-10.00   10.00    0.00     -26.00   12.00    8.00     28.00    16.00    26.00    -28.00   
-16.00   28.00    14.00    0.00     -22.00   20.00    -20.00   28.00    -26.00   12.00    
-8.00    -6.00    2.00     2.00     -28.00   28.00    28.00    -26.00   14.00    28.00    
8.00     -26.00   -26.00   14.00    -26.00   -32.00   -12.00   22.00    -30.00   -28.00   
-28.00   0.00     -22.00   -20.00   16.00    20.00    28.00    -28.00   22.00    28.00    
18.00    -10.00   0.00     -22.00   24.00    30.00    8.00     -22.00   -28.00   -14.00   
20.00    -28.00   14.00    22.00    4.00     28.00    16.00    -14.00   -28.00   8.00     
4.00     18.00    30.00    -28.00   -18.00   22.00    14.00    30.00    -28.00   -28.00   
-12.00   -20.00   -8.00    -24.00   2.00     -20.00   28.00    28.00    -30.00   22.00    
-4.00    -14.00   18.00    -24.00   22.00    26.00    0.00     22.00    -14.00   -14.00   
-6.00    16.00    22.00    24.00    24.00    12.00    26.00    -28.00   -22.00   -28.00   
16.00    -6.00    8.00     -10.00   -26.00   -22.00   -26.00   -28.00   -30.00   -20.00   
22.00    14.00    22.00    28.00    -26.00   26.00    14.00    22.00    28.00    -28.00   
18.00    -24.00   -12.00   0.00     -8.00    -28.00   12.00    28.00    28.00    -28.00   
16.00    2.00     4.00     6.00     -18.00   -28.00   -22.00   -22.00   24.00    -28.00   
4.00     -28.00   4.00     8.00     14.00    14.00    -30.00   -22.00   28.00    -14.00   
16.00    -14.00   8.00     -26.00   0.00     30.00    -22.00   -28.00   -22.00   24.00    
14.00    12.00    26.00    20.00    0.00     18.00    -14.00   -28.00   26.00    -14.00   
-8.00    18.00    20.00    -8.00    30.00    -28.00   -26.00   -2.00    28.00    26.00    
-14.00   8.00     20.00    -10.00   14.00    -28.00   24.00    -28.00   -28.00   14.00    
-4.00    24.00    -8.00    -12.00   26.00    -18.00   -28.00   -28.00   -16.00   28.00    
10.00    -2.00    -6.00    16.00    26.00    -14.00   -26.00   -16.00   28.00    28.00    
6.00     -16.00   -10.00   -30.00   14.00    22.00    30.00    -28.00   28.00    -28.00   
6.00     14.00    -18.00   2.00     26.00    2.00     20.00    26.00    28.00    18.00    
-12.00   4.00     -8.00    -12.00   -12.00   30.00    -22.00   28.00    22.00    14.00    
-16.00   -14.00   14.00    28.00    8.00     -26.00   -30.00   -16.00   28.00    -14.00   
-12.00   -28.00   -2.00    32.00    -22.00   28.00    28.00    28.00    -28.00   -28.00   
0.00     -8.00    -24.00   16.00    16.00    -28.00   14.00    28.00    -28.00   14.00    
-16.00   -6.00    4.00     24.00    24.00    -28.00   -28.00   28.00    28.00    28.00    
16.00    16.00    -22.00   16.00    24.00    -30.00   6.00     -8.00    2.00     28.00    
20.00    -8.00    2.00     -28.00   24.00    28.00    -30.00   -28.00   -30.00   22.00    
-14.00   0.00     -22.00   22.00    -16.00   -22.00   -16.00   14.00    -28.00   -14.00   
-26.00   -10.00   26.00    -12.00   -22.00   2.00     -10.00   28.00    -28.00   -28.00   
26.00    22.00    0.00     -14.00   0.00     -30.00   -28.00   -28.00   -30.00   -28.00   
0.00     8.00     20.00    -14.00   -18.00   -20.00   -22.00   28.00    -26.00   -30.00   
18.00    22.00    -26.00   0.00     -6.00    24.00    -28.00   -14.00   22.00    -14.00   
-2.00    20.00    -18.00   22.00    30.00    28.00    8.00     -30.00   12.00    28.00    
16.00    20.00    -2.00    -14.00   10.00    30.00    -2.00    28.00    -28.00   -22.00   
26.00    -22.00   -28.00   20.00    6.00     -12.00   30.00    -28.00   30.00    14.00    
0.00     6.00     24.00    -8.00    -20.00   -28.00   28.00    -28.00   26.00    0.00     
14.00    -6.00    -14.00   -2.00    24.00    -28.00   6.00     28.00    32.00    -28.00   
30.00    28.00    -10.00   14.00    14.00    28.00    2.00     -26.00   -28.00   -12.00   
0.00     -2.00    -26.00   -20.00   14.00    6.00     22.00    -30.00   -28.00   16.00    
26.00    6.00     -8.00    14.00    2.00     -20.00   14.00    28.00    28.00    22.00    
4.00     -10.00   26.00    -28.00   -16.00   24.00    14.00    28.00    -26.00   0.00     
-14.00   8.00     -4.00    -24.00   -30.00   12.00    10.00    14.00    -28.00   -22.00   
20.00    0.00     -22.00   -12.00   -28.00   -14.00   28.00    -22.00   28.00    28.00    
-24.00   14.00    12.00    12.00    18.00    -14.00   -24.00   30.00    -14.00   -14.00   
8.00     12.00    2.00     16.00    -16.00   22.00    28.00    22.00    -28.00   28.00    
4.00     -24.00   14.00    14.00    -20.00   16.00    -14.00   14.00    30.00    -14.00   
-2.00    8.00     -8.00    28.00    -10.00   -32.00   -16.00   -2.00    -14.00   -28.00   
14.00    -10.00   -28.00   -6.00    30.00    -14.00   -14.00   -28.00   0.00     28.00    
-6.00    10.00    6.00     26.00    -20.00   12.00    30.00    22.00    28.00    28.00    
22.00    -30.00   20.00    22.00    28.00    16.00    -8.00    -14.00   16.00    -22.00   
-22.00   8.00     -24.00   28.00    -2.00    14.00    24.00    28.00    -30.00   28.00    
28.00    4.00     8.00     28.00    30.00    12.00    28.00    -22.00   -28.00   -28.00   
-20.00   28.00    -14.00   -26.00   28.00    22.00    -16.00   24.00    24.00    -28.00   
-12.00   -16.00   -2.00    -16.00   2.00     28.00    -28.00   -28.00   -26.00   28.00    
8.00     12.00    28.00    28.00    -20.00   30.00    -28.00   -14.00   -28.00   -26.00   
4.00     18.00    16.00    8.00     -22.00   28.00    32.00    -26.00   14.00    -28.00   
6.00     26.00    -16.00   -22.00   -14.00   30.00    2.00     -28.00   -28.00   28.00    
6.00     14.00    16.00    -16.00   28.00    28.00    28.00    -28.00   -28.00   28.00    
30.00    10.00    -8.00    -16.00   -30.00   28.00    30.00    22.00    18.00    24.00    
16.00    -26.00   28.00    4.00     -28.00   -8.00    22.00    -14.00   28.00    12.00    
-10.00   -30.00   10.00    10.00    30.00    -16.00   8.00     26.00    -28.00   -14.00   
10.00    14.00    12.00    -28.00   20.00    -30.00   16.00    -8.00    -28.00   -28.00   
16.00    4.00     -30.00   -10.00   -24.00   -26.00   -18.00   -22.00   12.00    -22.00   
16.00    28.00    2.00     -2.00    22.00    30.00    -14.00   -26.00   28.00    28.00    
2.00     8.00     -8.00    -28.00   8.00     -28.00   30.00    -28.00   28.00    -14.00   
26.00    0.00     28.00    -10.00   -26.00   -28.00   28.00    22.00    28.00    2.00     
10.00    -6.00    22.00    -26.00   -2.00    -24.00   -20.00   22.00    14.00    30.00    
-12.00   12.00    22.00    8.00     20.00    -30.00   28.00    -30.00   -18.00   28.00    
-4.00    2.00     14.00    -22.00   28.00    0.00     16.00    28.00    28.00    -28.00   
20.00    -18.00   -10.00   2.00     14.00    -28.00   -26.00   -14.00   -24.00   -14.00   
-20.00   10.00    0.00     0.00     22.00    -26.00   -26.00   -24.00   30.00    28.00    
6.00     -16.00   2.00     -12.00   -28.00   20.00    -18.00   -32.00   22.00    -28.00   
4.00     -10.00   22.00    12.00    -12.00   22.00    -28.00   28.00    28.00    30.00    
26.00    -12.00   14.00    8.00     -16.00   14.00    28.00    6.00     14.00    -22.00   
-6.00    -8.00    30.00    -22.00   18.00    28.00    -6.00    -28.00   -28.00   14.00    
10.00    6.00     10.00    -26.00   -20.00   -28.00   8.00     14.00    -12.00   -28.00   
2.00     20.00    16.00    20.00    0.00     28.00    32.00    -12.00   14.00    -14.00   
16.00    -14.00   -20.00   12.00    22.00    -12.00   14.00    -20.00   -16.00   -28.00   
0.00     10.00    28.00    -30.00   -16.00   0.00     14.00    -28.00   28.00    -28.00   
18.00    -18.00   20.00    28.00    22.00    -24.00   22.00    -12.00   -18.00   28.00    
2.00     -22.00   -22.00   -18.00   14.00    -28.00   -28.00   -28.00   16.00    -28.00   
2.00     10.00    -24.00   28.00    -16.00   -8.00    22.00    -28.00   -28.00   8.00     
-20.00   -14.00   -20.00   20.00    30.00    -24.00   28.00    -14.00   30.00    -22.00   
4.00     -8.00    0.00     30.00    -8.00    28.00    -20.00   -28.00   8.00     14.00    
20.00    -20.00   16.00    16.00    28.00    -2.00    28.00    -28.00   -28.00   -30.00   
14.00    0.00     14.00    4.00     -14.00   26.00    -8.00    24.00    28.00    -14.00   
-8.00    8.00     -22.00   -30.00   -26.00   -14.00   16.00    -28.00   28.00    -28.00   
-20.00   24.00    26.00    -16.00   16.00    22.00    -24.00   0.00     22.00    -28.00   
-16.00   -6.00    -20.00   -10.00   24.00    -14.00   22.00    28.00    -20.00   28.00    
10.00    -10.00   -28.00   -24.00   -30.00   14.00    -16.00   28.00    28.00    -22.00   
26.00    22.00    -28.00   -2.00    -12.00   2.00     0.00     -30.00   0.00     22.00    
-8.00    14.00    20.00    -24.00   -20.00   -24.00   -28.00   -14.00   16.00    -28.00   
18.00    4.00     14.00    -28.00   12.00    20.00    22.00    -14.00   22.00    -28.00   
-2.00    -32.00   -24.00   -10.00   28.00    16.00    28.00    14.00    -28.00   22.00    
-24.00   -2.00    -6.00    0.00     -28.00   -32.00   28.00    24.00    28.00    -28.00   
12.00    30.00    8.00     8.00     -28.00   22.00    -30.00   22.00    28.00    28.00    
4.00     12.00    -6.00    14.00    -24.00   -24.00   -24.00   -28.00   28.00    -28.00   
4.00     6.00     -14.00   -28.00   -16.00   14.00    0.00     0.00     32.00    -14.00   
10.00    16.00    30.00    -14.00   28.00    -28.00   -14.00   -14.00   28.00    28.00    
20.00    -28.00   12.00    0.00     22.00    2.00     22.00    28.00    -28.00   28.00    
8.00     4.00     18.00    -18.00   -2.00    -22.00   -28.00   20.00    -14.00   30.00    
6.00     -6.00    4.00     -26.00   8.00     8.00     -28.00   -10.00   -28.00   -14.00   
-12.00   20.00    8.00     -10.00   10.00    -8.00    28.00    -28.00   28.00    28.00    
-8.00    -32.00   24.00    20.00    -28.00   12.00    30.00    2.00     -28.00   -28.00   
14.00    28.00    0.00     14.00    -26.00   -14.00   -30.00   30.00    -14.00   28.00    
-16.00   22.00    -28.00   -24.00   -14.00   28.00    -30.00   -22.00   -28.00   0.00     
16.00    8.00     14.00    14.00    -20.00   -28.00   -28.00   28.00    30.00    28.00    
24.00    -28.00   -6.00    -8.00    22.00    28.00    22.00    -28.00   -22.00   -28.00   
26.00    -18.00   -26.00   16.00    -14.00   -28.00   -14.00   8.00     28.00    28.00    
24.00    -2.00    -18.00   2.00     28.00    22.00    -6.00    28.00    14.00    30.00    
26.00    -28.00   20.00    -28.00   12.00    -14.00   -22.00   28.00    -2.00    28.00    
-4.00    -26.00   -22.00   -22.00   -18.00   32.00    26.00    -16.00   -26.00   -26.00   
10.00    -12.00   28.00    -8.00    22.00    -14.00   28.00    -14.00   30.00    28.00    
-18.00   -10.00   30.00    6.00     -22.00   -14.00   16.00    16.00    -26.00   22.00    
6.00     14.00    0.00     28.00    -30.00   -16.00   -30.00   -28.00   28.00    28.00    
-12.00   0.00     6.00     -16.00   -20.00   26.00    -22.00   22.00    22.00    -14.00   
-28.00   24.00    -30.00   -30.00   20.00    -22.00   0.00     -28.00   0.00     28.00    
6.00     16.00    14.00    -16.00   -26.00   -26.00   28.00    -30.00   -32.00   -28.00   
0.00     -28.00   12.00    -6.00    20.00    -26.00   0.00     14.00    28.00    16.00    
8.00     -2.00    -4.00    -30.00   -22.00   -30.00   22.00    30.00    28.00    30.00    
20.00    28.00    32.00    -14.00   -12.00   16.00    -20.00   2.00     28.00    28.00    
12.00    6.00     18.00    -28.00   26.00    -22.00   -22.00   28.00    16.00    -28.00   
-8.00    -24.00   20.00    4.00     -18.00   -28.00   -28.00   28.00    14.00    -28.00   
24.00    4.00     6.00     -6.00    -28.00   -14.00   -22.00   18.00    28.00    -30.00   
14.00    12.00    -24.00   28.00    -32.00   -14.00   28.00    28.00    28.00    -28.00   
20.00    2.00     22.00    -14.00   -6.00    -24.00   28.00    -18.00   28.00    8.00     
22.00    -4.00    -20.00   -16.00   -20.00   -26.00   -28.00   -24.00   -14.00   28.00    
14.00    -12.00   -28.00   -14.00   14.00    -26.00   32.00    24.00    -28.00   28.00    
-10.00   16.00    -28.00   20.00    28.00    8.00     30.00    -28.00   -30.00   22.00    
-2.00    -2.00    10.00    -20.00   22.00    -16.00   -22.00   30.00    -26.00   -28.00   
6.00     0.00     -22.00   12.00    -26.00   -20.00   -30.00   -30.00   -28.00   -32.00   
26.00    2.00     -28.00   8.00     -10.00   14.00    14.00    28.00    28.00    -14.00   
-14.00   -18.00   12.00    20.00    -20.00   -24.00   -28.00   20.00    28.00    -28.00   
26.00    16.00    12.00    -20.00   2.00     -22.00   -24.00   14.00    28.00    28.00    
10.00    4.00     30.00    -20.00   -16.00   28.00    28.00    28.00    26.00    28.00    
18.00    10.00    -16.00   -6.00    -16.00   24.00    0.00     -28.00   28.00    -28.00   
0.00     -12.00   -26.00   -12.00   14.00    4.00     -20.00   28.00    -8.00    -26.00   
-6.00    2.00     -26.00   -14.00   -28.00   -22.00   -28.00   30.00    28.00    30.00    
-26.00   26.00    2.00     28.00    -26.00   8.00     -30.00   20.00    -28.00   28.00    
-14.00   -8.00    -16.00   -14.00   -22.00   -8.00    -22.00   -28.00   -28.00   28.00    
-4.00    -10.00   18.00    12.00    -8.00    28.00    10.00    -28.00   -14.00   -20.00   
-14.00   12.00    14.00    8.00     -24.00   28.00    0.00     -28.00   -14.00   28.00    
-2.00    10.00    -12.00   -22.00   -26.00   24.00    -30.00   28.00    -12.00   28.00    
0.00     10.00    2.00     28.00    28.00    32.00    -14.00   14.00    14.00    -14.00   
12.00    -30.00   -22.00   -14.00   -10.00   -26.00   -26.00   -22.00   26.00    -28.00   
10.00    0.00     4.00     2.00     0.00     -20.00   -30.00   28.00    28.00    12.00    
-2.00    -14.00   -28.00   -28.00   14.00    -16.00   28.00    -12.00   -28.00   22.00    
24.00    -20.00   -14.00   16.00    20.00    0.00     16.00    2.00     20.00    30.00    
2.00     18.00    -12.00   20.00    -24.00   30.00    26.00    28.00    14.00    -28.00   
-2.00    -4.00    24.00    22.00    14.00    14.00    -28.00   28.00    -26.00   16.00    
-2.00    -16.00   -18.00   -28.00   -10.00   22.00    20.00    26.00    -16.00   -28.00   
6.00     24.00    8.00     12.00    -22.00   -4.00    -30.00   -14.00   28.00    -32.00   
-20.00   14.00    14.00    28.00    22.00    14.00    -22.00   14.00    -28.00   28.00    
-20.00   -24.00   4.00     -12.00   -10.00   28.00    -30.00   -30.00   24.00    -28.00   
-18.00   8.00     2.00     8.00     8.00     14.00    -14.00   -22.00   -16.00   26.00    
10.00    6.00     6.00     -16.00   20.00    -8.00    16.00    28.00    -30.00   -28.00   
2.00     18.00    28.00    26.00    28.00    22.00    -28.00   -20.00   -14.00   -28.00   
-26.00   -24.00   -22.00   -20.00   28.00    22.00    -18.00   -14.00   -28.00   28.00    
30.00    26.00    -4.00    -6.00    -30.00   8.00     28.00    30.00    -28.00   30.00    
-22.00   18.00    8.00     30.00    -14.00   20.00    -28.00   -14.00   28.00    -28.00   
14.00    22.00    -28.00   -30.00   14.00    8.00     -28.00   -28.00   14.00    22.00    
4.00     16.00    -18.00   28.00    14.00    28.00    -22.00   16.00    28.00    -14.00   
30.00    8.00     10.00    8.00     -22.00   28.00    20.00    -28.00   22.00    28.00    
8.00     8.00     -24.00   14.00    28.00    -16.00   -28.00   10.00    -28.00   -28.00   
20.00    -20.00   0.00     24.00    10.00    12.00    -26.00   14.00    -28.00   -28.00   
10.00    16.00    -14.00   4.00     -6.00    14.00    -22.00   24.00    28.00    14.00    
10.00    -2.00    28.00    -20.00   -22.00   28.00    28.00    -22.00   -14.00   -14.00   
-22.00   14.00    -16.00   -8.00    -8.00    14.00    -28.00   -28.00   -28.00   -28.00   
-22.00   -16.00   18.00    30.00    -16.00   -14.00   -2.00    28.00    28.00    -14.00   
2.00     -8.00    20.00    24.00    -22.00   14.00    -26.00   20.00    30.00    28.00    
-14.00   20.00    -16.00   26.00    20.00    -14.00   18.00    -32.00   -14.00   12.00    
26.00    -16.00   28.00    -28.00   16.00    -22.00   24.00    -24.00   -30.00   -14.00   
24.00    -10.00   -30.00   -20.00   -8.00    22.00    -28.00   -28.00   22.00    -28.00   
8.00     -10.00   -14.00   -6.00    26.00    -30.00   -26.00   -30.00   0.00     28.00    
-10.00   10.00    -2.00    -32.00   16.00    -20.00   28.00    14.00    -28.00   10.00    
4.00     -2.00    -28.00   2.00     -24.00   -30.00   -12.00   26.00    -14.00   28.00    
22.00    -10.00   -18.00   -32.00   6.00     20.00    -28.00   -30.00   -28.00   14.00    
4.00     -26.00   -8.00    0.00     24.00    -14.00   -28.00   -14.00   14.00    28.00    
8.00     28.00    -14.00   -26.00   2.00     -20.00   2.00     -28.00   -28.00   -14.00   
-14.00   -20.00   -6.00    -28.00   -4.00    -16.00   -28.00   28.00    -28.00   -26.00   
4.00     -28.00   14.00    22.00    26.00    2.00     16.00    -28.00   -24.00   28.00    
-2.00    2.00     28.00    -26.00   12.00    -28.00   28.00    -22.00   28.00    28.00    
-8.00    6.00     0.00     -14.00   16.00    -28.00   20.00    30.00    0.00     -30.00   
2.00     -4.00    -14.00   -16.00   12.00    2.00     -2.00    28.00    4.00     -24.00   
-4.00    -18.00   26.00    6.00     -8.00    -26.00   -14.00   -28.00   30.00    -28.00   
-22.00   -10.00   -2.00    -14.00   -28.00   20.00    -6.00    22.00    -30.00   -28.00   
10.00    0.00     -2.00    -14.00   -18.00   -28.00   22.00    26.00    14.00    -28.00   
10.00    -26.00   -16.00   -14.00   14.00    28.00    26.00    30.00    -26.00   -28.00   
16.00    -10.00   0.00     26.00    -30.00   -6.00    -28.00   -22.00   -28.00   22.00    
30.00    -6.00    24.00    0.00     26.00    -28.00   -8.00    28.00    -30.00   28.00    
4.00     12.00    -6.00    16.00    12.00    -20.00   14.00    -20.00   0.00     -28.00   
10.00    18.00    8.00     26.00    -12.00   30.00    14.00    -28.00   -28.00   2.00     
-12.00   -16.00   4.00     -14.00   -22.00   -6.00    30.00    -14.00   -14.00   -16.00   
0.00     -12.00   12.00    -8.00    -14.00   22.00    0.00     -26.00   30.00    -28.00   
-4.00    -20.00   -16.00   18.00    14.00    28.00    -8.00    -28.00   -30.00   28.00    
18.00    -10.00   -10.00   28.00    -12.00   -14.00   -8.00    22.00    -30.00   -26.00   
-6.00    -30.00   2.00     20.00    -24.00   16.00    -30.00   26.00    -28.00   -30.00   
12.00    4.00     30.00    -12.00   28.00    -20.00   -28.00   -28.00   -28.00   28.00    
16.00    4.00     22.00    12.00    -24.00   -28.00   26.00    -26.00   -28.00   -28.00   
20.00    -22.00   -22.00   -22.00   12.00    -20.00   0.00     22.00    -28.00   -28.00   
-14.00   12.00    -30.00   16.00    -28.00   -28.00   26.00    -28.00   28.00    -28.00   
0.00     2.00     0.00     28.00    -8.00    -30.00   -14.00   -22.00   28.00    0.00     
-18.00   -12.00   22.00    -20.00   -2.00    26.00    14.00    8.00     28.00    -28.00   
0.00     4.00     -2.00    -18.00   -16.00   -26.00   26.00    -28.00   -28.00   28.00    
-10.00   2.00     -22.00   -22.00   -14.00   14.00    28.00    16.00    -16.00   24.00    
-12.00   -28.00   -28.00   24.00    -8.00    -6.00    -28.00   28.00    30.00    28.00    
-20.00   16.00    -6.00    -28.00   0.00     22.00    -24.00   -28.00   -28.00   -24.00   
0.00     22.00    8.00     24.00    -2.00    -28.00   14.00    22.00    -28.00   -28.00   
20.00    6.00     22.00    10.00    -14.00   -18.00   28.00    12.00    -30.00   -28.00   
24.00    -10.00   16.00    -20.00   -16.00   -22.00   0.00     14.00    28.00    28.00    
14.00    26.00    14.00    22.00    -26.00   14.00    -14.00   28.00    -20.00   -26.00   
-4.00    16.00    14.00    22.00    30.00    28.00    -30.00   -16.00   -8.00    28.00    
8.00     -10.00   -26.00   -8.00    -2.00    -22.00   26.00    28.00    20.00    28.00    
-12.00   22.00    10.00    -28.00   30.00    -26.00   -12.00   12.00    -28.00   16.00    
6.00     16.00    14.00    16.00    -24.00   28.00    -28.00   -28.00   16.00    28.00    
-22.00   0.00     0.00     26.00    -14.00   28.00    -22.00   -22.00   -26.00   28.00    
16.00    -2.00    -22.00   -28.00   24.00    -28.00   26.00    28.00    -30.00   0.00     
-28.00   -16.00   12.00    -14.00   20.00    18.00    -12.00   -30.00   -28.00   -30.00   
-26.00   -18.00   14.00    22.00    14.00    0.00     -16.00   28.00    28.00    28.00    
-10.00   26.00    -14.00   -20.00   -26.00   -14.00   8.00     -14.00   -28.00   -22.00   
12.00    8.00     -28.00   -28.00   24.00    0.00     14.00    28.00    28.00    -28.00   
10.00    2.00     20.00    20.00    -6.00    12.00    -22.00   -30.00   -28.00   28.00    
26.00    26.00    -4.00    -6.00    -22.00   12.00    16.00    28.00    28.00    -28.00   
22.00    10.00    -12.00   28.00    22.00    -30.00   -26.00   16.00    -14.00   14.00    
-8.00    -26.00   2.00     30.00    -2.00    22.00    -12.00   -22.00   -28.00   28.00    
-8.00    20.00    -4.00    -24.00   -28.00   8.00     -22.00   -22.00   -28.00   -16.00   
2.00     14.00    6.00     18.00    14.00    8.00     -28.00   -22.00   -28.00   -32.00   
-6.00    -4.00    26.00    -8.00    12.00    8.00     -12.00   -12.00   -22.00   -28.00   
12.00    0.00     8.00     -8.00    -4.00    12.00    14.00    -28.00   -32.00   0.00     
-30.00   -22.00   24.00    18.00    -22.00   24.00    -22.00   -14.00   -26.00   28.00    
-22.00   -20.00   -6.00    -14.00   22.00    -26.00   14.00    28.00    -16.00   28.00    
-6.00    4.00     -8.00    -20.00   16.00    22.00    26.00    14.00    28.00    -28.00   
-12.00   22.00    -18.00   16.00    26.00    -28.00   -20.00   28.00    28.00    26.00    
12.00    -26.00   26.00    -14.00   26.00    14.00    -28.00   -14.00   -28.00   -28.00   
-4.00    12.00    14.00    -16.00   -10.00   28.00    -18.00   28.00    20.00    28.00    
16.00    16.00    14.00    -16.00   -24.00   8.00     8.00     -14.00   28.00    -28.00   
-16.00   -30.00   12.00    8.00     12.00    0.00     -28.00   -30.00   14.00    14.00    
-2.00    10.00    12.00    -8.00    26.00    26.00    -6.00    -28.00   -14.00   -14.00   
-4.00    -12.00   -16.00   -18.00   22.00    14.00    14.00    14.00    26.00    -28.00   
-8.00    -18.00   32.00    -22.00   -14.00   -10.00   22.00    28.00    28.00    -14.00   
10.00    12.00    -28.00   -16.00   -20.00   -30.00   -30.00   28.00    22.00    -28.00   
8.00     0.00     -14.00   -28.00   22.00    -30.00   -22.00   24.00    -28.00   -22.00   
14.00    6.00     -30.00   6.00     30.00    26.00    28.00    28.00    -14.00   26.00    
16.00    22.00    -2.00    0.00     -10.00   -8.00    -28.00   -8.00    28.00    28.00    
-2.00    10.00    -18.00   18.00    -22.00   28.00    0.00     28.00    -28.00   -30.00   
8.00     12.00    -22.00   0.00     -22.00   14.00    28.00    -4.00    -30.00   22.00    
-22.00   16.00    8.00     12.00    28.00    -24.00   -28.00   28.00    28.00    -30.00   
4.00     12.00    -4.00    -12.00   -14.00   28.00    14.00    -16.00   -22.00   -14.00   
-6.00    -10.00   32.00    14.00    -14.00   12.00    6.00     22.00    28.00    -16.00   
2.00     -12.00   26.00    12.00    -30.00   22.00    -26.00   -26.00   -22.00   28.00    
-30.00   0.00     28.00    22.00    30.00    28.00    8.00     10.00    -28.00   28.00    
-26.00   -6.00    22.00    22.00    -28.00   14.00    -30.00   2.00     0.00     -14.00   
8.00     0.00     14.00    -28.00   -14.00   24.00    22.00    32.00    16.00    -22.00   
-26.00   -20.00   -12.00   8.00     -18.00   -28.00   -28.00   -18.00   -14.00   8.00     
0.00     12.00    18.00    6.00     -30.00   -28.00   -14.00   30.00    -28.00   28.00    
-6.00    2.00     4.00     -18.00   -8.00    28.00    -26.00   28.00    28.00    -22.00   
