-5988.00   -6004.00   -5984.00   -6030.00   -6030.00   -6056.00   -6034.00   -6024.00   -6044.00   -6044.00   
-5986.00   -5992.00   -6006.00   -6014.00   -6014.00   -6024.00   -6044.00   -6044.00   -6034.00   -6042.00   
-5992.00   -5996.00   -5996.00   -6018.00   -6010.00   -6024.00   -6034.00   -6024.00   -6042.00   -6048.00   
-5978.00   -6006.00   -6012.00   -5998.00   -6026.00   -6024.00   -6030.00   -6046.00   -6036.00   -6054.00   
-5990.00   -5982.00   -6002.00   -6022.00   -6026.00   -6032.00   -6036.00   -6048.00   -6040.00   -6040.00   
-5994.00   -5994.00   -6008.00   -6016.00   -6018.00   -6026.00   -6034.00   -6044.00   -6046.00   -6042.00   
-5972.00   -6006.00   -5996.00   -6008.00   -6028.00   -6036.00   -6034.00   -6046.00   -6050.00   -6054.00   
-5974.00   -6000.00   -6022.00   -6016.00   -6024.00   -6024.00   -6048.00   -6042.00   -6054.00   -6046.00   
-5988.00   -5998.00   -6028.00   -5994.00   -6024.00   -6018.00   -6044.00   -6042.00   -6044.00   -6048.00   
-5978.00   -5986.00   -6010.00   -6006.00   -6026.00   -6012.00   -6042.00   -6038.00   -6048.00   -6048.00   
-5970.00   -5992.00   -6022.00   -6024.00   -6036.00   -6032.00   -6032.00   -6050.00   -6050.00   -6054.00   
-5988.00   -5992.00   -6012.00   -6010.00   -6032.00   -6020.00   -6046.00   -6054.00   -6034.00   -6044.00   
-5994.00   -6000.00   -6010.00   -6010.00   -6032.00   -6032.00   -6042.00   -6020.00   -6042.00   -6046.00   
-5982.00   -5988.00   -6032.00   -6010.00   -6022.00   -6040.00   -6038.00   -6046.00   -6032.00   -6046.00   
-5982.00   -6002.00   -6004.00   -6018.00   -6006.00   -6032.00   -6044.00   -6052.00   -6034.00   -6050.00   
-5980.00   -5996.00   -6014.00   -5998.00   -6012.00   -6034.00   -6014.00   -6034.00   -6038.00   -6042.00   
-5984.00   -5978.00   -6016.00   -6000.00   -6026.00   -6026.00   -6052.00   -6040.00   -6044.00   -6050.00   
-5990.00   -5998.00   -6006.00   -6010.00   -6034.00   -6034.00   -6040.00   -6038.00   -6044.00   -6056.00   
-5984.00   -5988.00   -6014.00   -6014.00   -6004.00   -6034.00   -6040.00   -6036.00   -6048.00   -6048.00   
-5990.00   -5994.00   -6028.00   -6014.00   -6024.00   -6036.00   -6032.00   -6044.00   -6030.00   -6040.00   
-5958.00   -6002.00   -5994.00   -6022.00   -6028.00   -6030.00   -6038.00   -6034.00   -6040.00   -6044.00   
-5968.00   -5980.00   -6018.00   -6012.00   -6026.00   -6032.00   -6050.00   -6040.00   -6050.00   -6040.00   
-5966.00   -5998.00   -6018.00   -6006.00   -6020.00   -6026.00   -6044.00   -6054.00   -6038.00   -6056.00   
-5982.00   -6024.00   -6024.00   -6022.00   -6022.00   -6032.00   -6034.00   -6038.00   -6054.00   -6046.00   
-5964.00   -6012.00   -6002.00   -6018.00   -6022.00   -6016.00   -6034.00   -6032.00   -6040.00   -6036.00   
-5970.00   -6006.00   -6006.00   -6018.00   -6028.00   -6024.00   -6040.00   -6050.00   -6036.00   -6046.00   
-5982.00   -6014.00   -6016.00   -6020.00   -6020.00   -6032.00   -6040.00   -6048.00   -6040.00   -6056.00   
-5964.00   -5998.00   -6020.00   -6012.00   -6022.00   -6038.00   -6028.00   -6042.00   -6046.00   -6050.00   
-6000.00   -6012.00   -6018.00   -6018.00   -6026.00   -6026.00   -6038.00   -6044.00   -6048.00   -6058.00   
-5978.00   -5994.00   -6016.00   -6014.00   -6026.00   -6034.00   -6042.00   -6036.00   -6056.00   -6050.00   
-5968.00   -5996.00   -6008.00   -6012.00   -6032.00   -6032.00   -6044.00   -6038.00   -6044.00   -6042.00   
-5988.00   -5984.00   -6018.00   -6016.00   -6002.00   -6028.00   -6040.00   -6032.00   -6048.00   -6046.00   
-5998.00   -6002.00   -5992.00   -6022.00   -6020.00   -6032.00   -6044.00   -6044.00   -6054.00   -6046.00   
-6000.00   -6022.00   -5996.00   -6016.00   -6012.00   -6032.00   -6022.00   -6030.00   -6036.00   -6050.00   
-5988.00   -6002.00   -6004.00   -6004.00   -6036.00   -6024.00   -6034.00   -6040.00   -6050.00   -6048.00   
-5988.00   -6004.00   -6016.00   -6030.00   -6020.00   -6026.00   -6036.00   -6032.00   -6044.00   -6046.00   
-5994.00   -6000.00   -6012.00   -6026.00   -6024.00   -6032.00   -6028.00   -6050.00   -6036.00   -6048.00   
-5984.00   -5998.00   -6014.00   -6010.00   -6036.00   -6030.00   -6036.00   -6042.00   -6042.00   -6054.00   
-5954.00   -6012.00   -6012.00   -6026.00   -6024.00   -6042.00   -6038.00   -6044.00   -6044.00   -6048.00   
-5966.00   -5982.00   -6000.00   -6006.00   -6008.00   -6030.00   -6030.00   -6050.00   -6044.00   -6056.00   
-5972.00   -6000.00   -5994.00   -5998.00   -6026.00   -6024.00   -6044.00   -6042.00   -6046.00   -6044.00   
-5988.00   -6012.00   -6008.00   -6012.00   -6032.00   -6030.00   -6022.00   -6046.00   -6038.00   -6040.00   
-5988.00   -5992.00   -6000.00   -6010.00   -6040.00   -6040.00   -6044.00   -6034.00   -6046.00   -6044.00   
-5978.00   -6012.00   -6000.00   -6022.00   -6034.00   -6036.00   -6040.00   -6032.00   -6048.00   -6044.00   
-5962.00   -6000.00   -6008.00   -6016.00   -6034.00   -6026.00   -6040.00   -6036.00   -6044.00   -6044.00   
-5958.00   -5996.00   -6026.00   -6014.00   -6016.00   -6034.00   -6044.00   -6040.00   -6044.00   -6050.00   
-5992.00   -5996.00   -6008.00   -6012.00   -6028.00   -6022.00   -6040.00   -6030.00   -6040.00   -6048.00   
-5976.00   -5994.00   -5980.00   -6002.00   -6016.00   -6034.00   -6036.00   -6040.00   -6028.00   -6052.00   
-5986.00   -6006.00   -5992.00   -6020.00   -6032.00   -6022.00   -6038.00   -6050.00   -6050.00   -6054.00   
-5980.00   -5974.00   -6016.00   -6030.00   -6028.00   -6040.00   -6040.00   -6050.00   -6052.00   -6046.00   
-5982.00   -5988.00   -5996.00   -6022.00   -6020.00   -6018.00   -6036.00   -6040.00   -6048.00   -6048.00   
-5980.00   -6000.00   -6012.00   -6024.00   -6026.00   -6038.00   -6042.00   -6050.00   -6048.00   -6046.00   
-5972.00   -5996.00   -5998.00   -6014.00   -6010.00   -6026.00   -6036.00   -6046.00   -6044.00   -6044.00   
-5988.00   -6004.00   -6002.00   -6004.00   -6030.00   -6044.00   -6042.00   -6040.00   -6050.00   -6052.00   
-5984.00   -5988.00   -5984.00   -6036.00   -6036.00   -6038.00   -6036.00   -6046.00   -6054.00   -6042.00   
-5976.00   -5992.00   -5998.00   -6010.00   -6036.00   -6030.00   -6030.00   -6048.00   -6036.00   -6038.00   
-5988.00   -5996.00   -6002.00   -6012.00   -6034.00   -6036.00   -6040.00   -6042.00   -6038.00   -6046.00   
-5982.00   -6008.00   -6012.00   -6026.00   -6002.00   -6032.00   -6034.00   -6042.00   -6058.00   -6044.00   
-6008.00   -6004.00   -5994.00   -6014.00   -6026.00   -6036.00   -6034.00   -6050.00   -6048.00   -6054.00   
-5978.00   -6002.00   -6010.00   -6018.00   -6018.00   -6032.00   -6044.00   -6036.00   -6046.00   -6050.00   
-6000.00   -6012.00   -6016.00   -6020.00   -6018.00   -6036.00   -6002.00   -6040.00   -6050.00   -6042.00   
-5990.00   -6010.00   -5998.00   -6014.00   -6024.00   -6028.00   -6044.00   -6038.00   -6050.00   -6048.00   
-5972.00   -6002.00   -6008.00   -5998.00   -6024.00   -6042.00   -6036.00   -6046.00   -6046.00   -6042.00   
-5962.00   -6000.00   -6004.00   -6004.00   -6036.00   -6026.00   -6038.00   -6032.00   -6042.00   -6046.00   
-5964.00   -5980.00   -6022.00   -6004.00   -6018.00   -6004.00   -6034.00   -6048.00   -6040.00   -6052.00   
-5966.00   -5992.00   -5996.00   -6026.00   -6020.00   -6026.00   -6040.00   -6038.00   -6050.00   -6050.00   
-5974.00   -5996.00   -6000.00   -6020.00   -6028.00   -6018.00   -6038.00   -6036.00   -6042.00   -6044.00   
-5992.00   -6004.00   -6016.00   -5996.00   -6028.00   -6036.00   -6024.00   -6042.00   -6050.00   -6048.00   
-5988.00   -5988.00   -6004.00   -6020.00   -6028.00   -6016.00   -6036.00   -6034.00   -6048.00   -6050.00   
-6002.00   -5992.00   -6020.00   -6024.00   -6028.00   -6024.00   -6044.00   -6036.00   -6044.00   -6058.00   
-5984.00   -5998.00   -6012.00   -6012.00   -6038.00   -6024.00   -6034.00   -6044.00   -6050.00   -6044.00   
-5976.00   -5998.00   -5984.00   -6022.00   -6010.00   -6010.00   -6030.00   -6034.00   -6046.00   -6050.00   
-5996.00   -5998.00   -6016.00   -6010.00   -6016.00   -6038.00   -6020.00   -6032.00   -6046.00   -6050.00   
-5976.00   -5994.00   -6004.00   -6016.00   -6032.00   -6028.00   -6030.00   -6038.00   -6050.00   -6052.00   
-5972.00   -5984.00   -5988.00   -6022.00   -6024.00   -6032.00   -6012.00   -6038.00   -6050.00   -6046.00   
-5974.00   -5996.00   -5998.00   -6016.00   -6014.00   -6048.00   -6048.00   -6028.00   -6048.00   -6038.00   
-5968.00   -5994.00   -6024.00   -6022.00   -6024.00   -6032.00   -6040.00   -6036.00   -6040.00   -6038.00   
-5990.00   -6020.00   -5994.00   -6010.00   -6018.00   -6040.00   -6046.00   -6044.00   -6050.00   -6046.00   
-5972.00   -6000.00   -6030.00   -6030.00   -6022.00   -6034.00   -6026.00   -6038.00   -6038.00   -6052.00   
-5982.00   -6010.00   -6000.00   -6026.00   -6032.00   -6030.00   -6048.00   -6052.00   -6038.00   -6044.00   
-5972.00   -6006.00   -6028.00   -6006.00   -6028.00   -6034.00   -6036.00   -6028.00   -6048.00   -6040.00   
-5996.00   -6000.00   -5992.00   -6026.00   -6030.00   -6018.00   -6038.00   -6042.00   -6048.00   -6052.00   
-5996.00   -5992.00   -5996.00   -6020.00   -6014.00   -6030.00   -6038.00   -6040.00   -6044.00   -6050.00   
-5986.00   -6008.00   -6004.00   -6010.00   -6032.00   -6038.00   -6048.00   -6048.00   -6042.00   -6048.00   
-5964.00   -5974.00   -6008.00   -6040.00   -6034.00   -6032.00   -6036.00   -6042.00   -6028.00   -6048.00   
-5968.00   -5962.00   -5994.00   -6014.00   -6028.00   -6032.00   -6038.00   -6038.00   -6048.00   -6042.00   
-5928.00   -5992.00   -6004.00   -5996.00   -6030.00   -6032.00   -6030.00   -6042.00   -6038.00   -6052.00   
-6000.00   -5998.00   -6022.00   -6016.00   -6038.00   -6038.00   -6046.00   -6038.00   -6030.00   -6042.00   
-5988.00   -6004.00   -6002.00   -6022.00   -6026.00   -6022.00   -6036.00   -6026.00   -6042.00   -6050.00   
-5950.00   -5998.00   -6004.00   -6016.00   -6036.00   -6030.00   -6028.00   -6034.00   -6050.00   -6052.00   
-5960.00   -5986.00   -6026.00   -6010.00   -6014.00   -6032.00   -6038.00   -6038.00   -6046.00   -6052.00   
-5942.00   -6002.00   -6012.00   -6018.00   -6030.00   -6026.00   -6036.00   -6038.00   -6040.00   -6050.00   
-5968.00   -6000.00   -6018.00   -6026.00   -6026.00   -6036.00   -6042.00   -6048.00   -6044.00   -6052.00   
-5998.00   -6002.00   -5998.00   -6022.00   -6040.00   -6020.00   -6038.00   -6052.00   -6042.00   -6046.00   
-5962.00   -6004.00   -6024.00   -6014.00   -6030.00   -6026.00   -6040.00   -6046.00   -6044.00   -6042.00   
-5978.00   -6002.00   -6004.00   -6022.00   -6030.00   -6038.00   -6028.00   -6052.00   -6044.00   -6044.00   
-5970.00   -6006.00   -5994.00   -6014.00   -6022.00   -6032.00   -6030.00   -6042.00   -6036.00   -6046.00   
-5974.00   -6016.00   -5998.00   -6010.00   -6036.00   -6032.00   -6048.00   -6034.00   -6040.00   -6050.00   
-5972.00   -6000.00   -6004.00   -6012.00   -6034.00   -6026.00   -6040.00   -6042.00   -6030.00   -6056.00   
-5970.00   -5982.00   -6012.00   -6022.00   -6044.00   -6036.00   -6044.00   -6042.00   -6042.00   -6040.00   
-5964.00   -5998.00   -5998.00   -6010.00   -6024.00   -6022.00   -6036.00   -6034.00   -6034.00   -6046.00   
-5952.00   -5980.00   -5978.00   -6016.00   -6026.00   -6030.00   -6034.00   -6038.00   -6048.00   -6048.00   
-5964.00   -5968.00   -6014.00   -6028.00   -6012.00   -6040.00   -6040.00   -6034.00   -6044.00   -6046.00   
-5982.00   -5996.00   -6002.00   -6014.00   -6028.00   -6030.00   -6034.00   -6044.00   -6046.00   -6054.00   
-5992.00   -6004.00   -6014.00   -6028.00   -6014.00   -6038.00   -6028.00   -6038.00   -6050.00   -6048.00   
-5988.00   -5986.00   -6010.00   -6018.00   -6014.00   -6034.00   -6042.00   -6046.00   -6046.00   -6052.00   
-5996.00   -6002.00   -6004.00   -6022.00   -6018.00   -6032.00   -6026.00   -6044.00   -6044.00   -6036.00   
-5972.00   -5978.00   -6026.00   -6018.00   -6016.00   -6034.00   -6040.00   -6048.00   -6040.00   -6042.00   
-5972.00   -5994.00   -5996.00   -5988.00   -6030.00   -6020.00   -6036.00   -6038.00   -6044.00   -6036.00   
-5976.00   -5986.00   -5982.00   -6026.00   -6030.00   -6040.00   -6044.00   -6024.00   -6048.00   -6050.00   
-5968.00   -5994.00   -6024.00   -5996.00   -6028.00   -6028.00   -6024.00   -6030.00   -6030.00   -6042.00   
-5968.00   -5994.00   -6006.00   -6010.00   -6020.00   -6028.00   -6040.00   -6030.00   -6040.00   -6046.00   
-5986.00   -5984.00   -5990.00   -6018.00   -6026.00   -6024.00   -6040.00   -6040.00   -6044.00   -6040.00   
-5978.00   -5994.00   -6018.00   -6026.00   -6018.00   -6030.00   -6034.00   -6038.00   -6046.00   -6044.00   
-5970.00   -5998.00   -5994.00   -6006.00   -6030.00   -6030.00   -6044.00   -6040.00   -6036.00   -6042.00   
-5968.00   -5994.00   -6008.00   -6000.00   -6018.00   -6030.00   -6040.00   -6048.00   -6032.00   -6052.00   
-5982.00   -6002.00   -6000.00   -5998.00   -6030.00   -6030.00   -6034.00   -6048.00   -6046.00   -6044.00   
-6002.00   -5970.00   -6010.00   -6020.00   -6038.00   -6032.00   -6026.00   -6048.00   -6060.00   -6046.00   
-5982.00   -5996.00   -6010.00   -6006.00   -6036.00   -6022.00   -6040.00   -6038.00   -6052.00   -6048.00   
-5964.00   -5990.00   -6002.00   -6022.00   -6018.00   -6040.00   -6036.00   -6046.00   -6050.00   -6058.00   
-5960.00   -5982.00   -5974.00   -6024.00   -6024.00   -6016.00   -6034.00   -6042.00   -6046.00   -6046.00   
-5972.00   -5984.00   -6000.00   -6010.00   -6028.00   -6034.00   -6042.00   -6042.00   -6040.00   -6056.00   
-5992.00   -6000.00   -5988.00   -6010.00   -6016.00   -6036.00   -6028.00   -6046.00   -6048.00   -6046.00   
-5970.00   -6006.00   -6010.00   -6008.00   -6026.00   -6046.00   -6038.00   -6040.00   -6044.00   -6036.00   
-5972.00   -5982.00   -6008.00   -6014.00   -6016.00   -6044.00   -6030.00   -6044.00   -6046.00   -6052.00   
-5990.00   -5990.00   -6012.00   -6016.00   -6028.00   -6028.00   -6036.00   -6042.00   -6048.00   -6040.00   
-5986.00   -5986.00   -6014.00   -6018.00   -6020.00   -6030.00   -6036.00   -6038.00   -6052.00   -6040.00   
-5966.00   -5996.00   -6018.00   -6022.00   -6022.00   -6036.00   -6022.00   -6046.00   -6042.00   -6048.00   
-6004.00   -5988.00   -6008.00   -6022.00   -6026.00   -6016.00   -6036.00   -6044.00   -6044.00   -6050.00   
-5976.00   -6004.00   -5998.00   -6022.00   -6020.00   -6020.00   -6040.00   -6042.00   -6046.00   -6046.00   
-5996.00   -5972.00   -6012.00   -6018.00   -6014.00   -6038.00   -6034.00   -6048.00   -6046.00   -6048.00   
-5988.00   -6000.00   -6002.00   -6014.00   -6028.00   -6028.00   -6038.00   -6046.00   -6040.00   -6052.00   
-5988.00   -6004.00   -6000.00   -6024.00   -6026.00   -6034.00   -6042.00   -6046.00   -6038.00   -6054.00   
-5976.00   -5988.00   -5988.00   -6000.00   -6022.00   -6026.00   -6038.00   -6046.00   -6038.00   -6046.00   
-5968.00   -5986.00   -6002.00   -6024.00   -6026.00   -6046.00   -6030.00   -6034.00   -6054.00   -6048.00   
-5974.00   -5986.00   -6012.00   -6028.00   -6026.00   -6020.00   -6044.00   -6030.00   -6052.00   -6042.00   
-5992.00   -6014.00   -5988.00   -6004.00   -6024.00   -6030.00   -6034.00   -6032.00   -6050.00   -6042.00   
-6010.00   -5982.00   -6024.00   -6022.00   -6028.00   -6044.00   -6044.00   -6044.00   -6046.00   -6042.00   
-5994.00   -5976.00   -6006.00   -6002.00   -6030.00   -6038.00   -6032.00   -6036.00   -6040.00   -6050.00   
-5986.00   -5990.00   -6002.00   -6022.00   -6034.00   -6030.00   -6038.00   -6046.00   -6054.00   -6058.00   
-5986.00   -6008.00   -6030.00   -6024.00   -6018.00   -6016.00   -6030.00   -6048.00   -6036.00   -6038.00   
-5992.00   -5994.00   -6018.00   -6018.00   -6026.00   -6026.00   -6040.00   -6034.00   -6048.00   -6050.00   
-5992.00   -5988.00   -6024.00   -6002.00   -6024.00   -6046.00   -6034.00   -6050.00   -6040.00   -6042.00   
-5968.00   -6016.00   -5992.00   -6004.00   -6026.00   -6034.00   -6042.00   -6048.00   -6044.00   -6054.00   
-5988.00   -5992.00   -6014.00   -6006.00   -6022.00   -6032.00   -6040.00   -6036.00   -6034.00   -6048.00   
-5962.00   -5982.00   -5996.00   -6026.00   -6020.00   -6044.00   -6032.00   -6042.00   -6042.00   -6044.00   
-5974.00   -6002.00   -6000.00   -6020.00   -6032.00   -6036.00   -6038.00   -6040.00   -6054.00   -6038.00   
-5982.00   -5998.00   -6016.00   -6032.00   -6020.00   -6042.00   -6026.00   -6052.00   -6050.00   -6056.00   
-5974.00   -5996.00   -6010.00   -5998.00   -6024.00   -6028.00   -6044.00   -6048.00   -6044.00   -6044.00   
-5954.00   -5990.00   -6022.00   -6012.00   -6024.00   -6038.00   -6050.00   -6042.00   -6040.00   -6048.00   
-5972.00   -6002.00   -6022.00   -6026.00   -6014.00   -6020.00   -6044.00   -6038.00   -6034.00   -6046.00   
-5986.00   -6000.00   -6000.00   -6020.00   -6030.00   -6038.00   -6052.00   -6046.00   -6036.00   -6048.00   
-5968.00   -5984.00   -6012.00   -6018.00   -6028.00   -6032.00   -6052.00   -6024.00   -6048.00   -6050.00   
-5976.00   -5980.00   -5994.00   -6012.00   -6024.00   -6034.00   -6040.00   -6030.00   -6038.00   -6048.00   
-5948.00   -5984.00   -6000.00   -6026.00   -6028.00   -6044.00   -6018.00   -6042.00   -6046.00   -6044.00   
-5940.00   -5986.00   -6008.00   -6014.00   -6024.00   -6016.00   -6038.00   -6042.00   -6040.00   -6038.00   
-5978.00   -6006.00   -6006.00   -6010.00   -6018.00   -6028.00   -6034.00   -6040.00   -6048.00   -6046.00   
-5982.00   -5996.00   -5988.00   -6022.00   -6018.00   -6012.00   -6044.00   -6040.00   -6048.00   -6052.00   
-5976.00   -6002.00   -6010.00   -6018.00   -6026.00   -6018.00   -6044.00   -6044.00   -6042.00   -6044.00   
-5978.00   -5988.00   -6006.00   -6026.00   -6034.00   -6028.00   -6034.00   -6034.00   -6052.00   -6060.00   
-5948.00   -5994.00   -6018.00   -6030.00   -6022.00   -6032.00   -6044.00   -6036.00   -6052.00   -6050.00   
-5976.00   -5982.00   -5996.00   -6008.00   -6032.00   -6024.00   -6032.00   -6038.00   -6046.00   -6044.00   
-5970.00   -6004.00   -6008.00   -6032.00   -6032.00   -6036.00   -6032.00   -6046.00   -6048.00   -6048.00   
-5974.00   -5984.00   -6004.00   -6016.00   -6034.00   -6038.00   -6032.00   -6048.00   -6042.00   -6050.00   
-5994.00   -5986.00   -6020.00   -6024.00   -6014.00   -6032.00   -6030.00   -6036.00   -6042.00   -6046.00   
-5986.00   -6000.00   -6010.00   -6004.00   -6034.00   -6034.00   -6028.00   -6044.00   -6046.00   -6046.00   
-5968.00   -5986.00   -6008.00   -6030.00   -6032.00   -6028.00   -6042.00   -6034.00   -6052.00   -6056.00   
-5972.00   -5992.00   -6002.00   -6014.00   -6024.00   -6038.00   -6042.00   -6046.00   -6040.00   -6056.00   
-5980.00   -5984.00   -6018.00   -6024.00   -6036.00   -6020.00   -6046.00   -6036.00   -6050.00   -6046.00   
-5990.00   -5986.00   -6012.00   -6008.00   -6030.00   -6022.00   -6042.00   -6046.00   -6038.00   -6038.00   
-5968.00   -5992.00   -6010.00   -6018.00   -6036.00   -6016.00   -6040.00   -6040.00   -6040.00   -6048.00   
-5982.00   -6010.00   -5988.00   -6008.00   -6020.00   -6036.00   -6028.00   -6040.00   -6054.00   -6044.00   
-5968.00   -5992.00   -6006.00   -5998.00   -6022.00   -6042.00   -6028.00   -6048.00   -6048.00   -6052.00   
-5988.00   -6002.00   -6006.00   -6012.00   -6028.00   -6038.00   -6030.00   -6034.00   -6056.00   -6040.00   
-5996.00   -6004.00   -6020.00   -6006.00   -6024.00   -6032.00   -6034.00   -6036.00   -6044.00   -6042.00   
-5970.00   -5980.00   -6010.00   -6010.00   -6020.00   -6034.00   -6034.00   -6044.00   -6048.00   -6048.00   
-5998.00   -6000.00   -5998.00   -6024.00   -6034.00   -6038.00   -6042.00   -6036.00   -6044.00   -6036.00   
-5984.00   -6002.00   -6004.00   -6018.00   -6022.00   -6028.00   -6046.00   -6040.00   -6054.00   -6050.00   
-5972.00   -5998.00   -6010.00   -6022.00   -6030.00   -6032.00   -6038.00   -6046.00   -6052.00   -6052.00   
-5996.00   -6018.00   -6012.00   -6022.00   -6030.00   -6020.00   -6048.00   -6032.00   -6060.00   -6040.00   
-5982.00   -6010.00   -5996.00   -6024.00   -6024.00   -6028.00   -6028.00   -6038.00   -6056.00   -6050.00   
-5980.00   -6010.00   -6008.00   -6020.00   -6028.00   -6026.00   -6050.00   -6044.00   -6048.00   -6050.00   
-5994.00   -5988.00   -6012.00   -6026.00   -6030.00   -6024.00   -6032.00   -6040.00   -6044.00   -6050.00   
-5956.00   -5998.00   -5984.00   -6028.00   -6020.00   -6022.00   -6026.00   -6040.00   -6056.00   -6048.00   
-5986.00   -5982.00   -5998.00   -6014.00   -6018.00   -6036.00   -6042.00   -6040.00   -6046.00   -6038.00   
-5972.00   -5994.00   -6012.00   -6030.00   -6016.00   -6030.00   -6030.00   -6038.00   -6038.00   -6052.00   
-6000.00   -6008.00   -6020.00   -6020.00   -6032.00   -6040.00   -6032.00   -6052.00   -6038.00   -6046.00   
-5982.00   -5998.00   -6010.00   -6018.00   -6020.00   -6044.00   -6044.00   -6054.00   -6034.00   -6050.00   
-5970.00   -5988.00   -6010.00   -6012.00   -6030.00   -6028.00   -6034.00   -6044.00   -6048.00   -6052.00   
-5990.00   -6000.00   -6006.00   -6024.00   -6006.00   -6028.00   -6042.00   -6040.00   -6048.00   -6050.00   
-5978.00   -6012.00   -6010.00   -6006.00   -6024.00   -6030.00   -6040.00   -6042.00   -6038.00   -6046.00   
-5970.00   -6014.00   -5988.00   -6022.00   -6016.00   -6032.00   -6034.00   -6048.00   -6042.00   -6048.00   
-5956.00   -5988.00   -6014.00   -6020.00   -6036.00   -6042.00   -6038.00   -6038.00   -6038.00   -6044.00   
-5964.00   -6016.00   -6012.00   -6010.00   -6020.00   -6026.00   -6042.00   -6032.00   -6038.00   -6044.00   
-5962.00   -6002.00   -6006.00   -6016.00   -6024.00   -6030.00   -6046.00   -6040.00   -6040.00   -6048.00   
-5986.00   -5980.00   -6006.00   -6036.00   -6026.00   -6042.00   -6044.00   -6038.00   -6030.00   -6052.00   
-5970.00   -5998.00   -5998.00   -6018.00   -6026.00   -6040.00   -6034.00   -6044.00   -6054.00   -6056.00   
-5956.00   -5992.00   -5998.00   -6020.00   -6038.00   -6030.00   -6024.00   -6034.00   -6046.00   -6040.00   
-5946.00   -5994.00   -6004.00   -6008.00   -6026.00   -6026.00   -6050.00   -6028.00   -6038.00   -6054.00   
-5986.00   -5994.00   -6006.00   -6020.00   -6036.00   -6024.00   -6040.00   -6038.00   -6042.00   -6042.00   
-5984.00   -5984.00   -6016.00   -6028.00   -6020.00   -6024.00   -6046.00   -6042.00   -6044.00   -6054.00   
-5968.00   -5986.00   -6024.00   -6024.00   -6028.00   -6038.00   -6040.00   -6048.00   -6042.00   -6046.00   
-6002.00   -5960.00   -6024.00   -6026.00   -6018.00   -6030.00   -6044.00   -6040.00   -6048.00   -6050.00   
-5996.00   -6000.00   -6024.00   -6032.00   -6024.00   -6032.00   -6036.00   -6040.00   -6042.00   -6050.00   
-5992.00   -5984.00   -5992.00   -6026.00   -6026.00   -6040.00   -6036.00   -6046.00   -6036.00   -6042.00   
-5968.00   -5980.00   -6000.00   -6012.00   -6038.00   -6038.00   -6040.00   -6040.00   -6042.00   -6040.00   
-5982.00   -6006.00   -6006.00   -6014.00   -6024.00   -6026.00   -6030.00   -6022.00   -6046.00   -6044.00   
-5978.00   -5982.00   -6022.00   -6014.00   -6034.00   -6042.00   -6026.00   -6042.00   -6044.00   -6048.00   
-5976.00   -5992.00   -6016.00   -6008.00   -6016.00   -6034.00   -6044.00   -6034.00   -6050.00   -6054.00   
-6014.00   -6002.00   -6002.00   -6020.00   -6024.00   -6036.00   -6040.00   -6044.00   -6050.00   -6050.00   
-5958.00   -6006.00   -6018.00   -6028.00   -6026.00   -6034.00   -6036.00   -6046.00   -6046.00   -6050.00   
-5972.00   -6008.00   -6014.00   -6008.00   -6020.00   -6030.00   -6034.00   -6044.00   -6036.00   -6054.00   
-5974.00   -5996.00   -6012.00   -6018.00   -6028.00   -6032.00   -6046.00   -6038.00   -6050.00   -6038.00   
-5980.00   -5980.00   -5992.00   -6016.00   -6026.00   -6012.00   -6044.00   -6044.00   -6046.00   -6050.00   
-5972.00   -5984.00   -6012.00   -6010.00   -6022.00   -6032.00   -6050.00   -6046.00   -6048.00   -6046.00   
-5972.00   -6004.00   -6004.00   -5998.00   -6004.00   -6038.00   -6038.00   -6034.00   -6038.00   -6044.00   
-5984.00   -6006.00   -6010.00   -6026.00   -6028.00   -6044.00   -6030.00   -6052.00   -6038.00   -6052.00   
-5982.00   -5988.00   -6018.00   -6028.00   -6030.00   -6028.00   -6026.00   -6040.00   -6042.00   -6042.00   
-5972.00   -5996.00   -5978.00   -6002.00   -5998.00   -6036.00   -6040.00   -6036.00   -6042.00   -6044.00   
-5980.00   -5984.00   -6010.00   -6012.00   -6022.00   -6034.00   -6036.00   -6046.00   -6044.00   -6050.00   
-5970.00   -5978.00   -6018.00   -6014.00   -6028.00   -6040.00   -6036.00   -6034.00   -6046.00   -6050.00   
-5988.00   -5982.00   -6014.00   -6010.00   -6020.00   -6032.00   -6048.00   -6040.00   -6046.00   -6050.00   
-5988.00   -6010.00   -6018.00   -6002.00   -6012.00   -6034.00   -6034.00   -6040.00   -6048.00   -6042.00   
-5982.00   -6004.00   -6022.00   -6012.00   -6026.00   -6042.00   -6036.00   -6038.00   -6054.00   -6042.00   
-5990.00   -6000.00   -6018.00   -6002.00   -6028.00   -6036.00   -6034.00   -6040.00   -6046.00   -6052.00   
-5964.00   -6008.00   -5990.00   -6028.00   -6028.00   -6022.00   -6028.00   -6050.00   -6038.00   -6042.00   
-5988.00   -6012.00   -5988.00   -6026.00   -6008.00   -6030.00   -6022.00   -6044.00   -6038.00   -6052.00   
-5962.00   -5998.00   -6026.00   -6030.00   -6024.00   -6048.00   -6040.00   -6032.00   -6048.00   -6052.00   
-5984.00   -6002.00   -6008.00   -6006.00   -6032.00   -6032.00   -6052.00   -6048.00   -6052.00   -6046.00   
-5974.00   -5998.00   -6006.00   -6028.00   -6018.00   -6024.00   -6044.00   -6050.00   -6046.00   -6054.00   
-5978.00   -5998.00   -5998.00   -6022.00   -6026.00   -6034.00   -6046.00   -6040.00   -6046.00   -6042.00   
-5972.00   -5990.00   -6008.00   -6022.00   -6014.00   -6014.00   -6030.00   -6044.00   -6048.00   -6040.00   
-5986.00   -5998.00   -5990.00   -6008.00   -6024.00   -6038.00   -6024.00   -6044.00   -6044.00   -6048.00   
-5976.00   -5992.00   -5980.00   -6022.00   -6026.00   -6032.00   -6026.00   -6034.00   -6048.00   -6046.00   
-5976.00   -5976.00   -6010.00   -6018.00   -6016.00   -6034.00   -6038.00   -6032.00   -6050.00   -6034.00   
-5980.00   -6006.00   -5992.00   -6018.00   -6026.00   -6034.00   -6040.00   -6046.00   -6048.00   -6048.00   
-5980.00   -5996.00   -6020.00   -6010.00   -6028.00   -6028.00   -6018.00   -6050.00   -6054.00   -6052.00   
-5990.00   -5994.00   -6014.00   -6016.00   -6014.00   -6050.00   -6040.00   -6034.00   -6038.00   -6050.00   
-5988.00   -5962.00   -6018.00   -6008.00   -6036.00   -6034.00   -6040.00   -6050.00   -6042.00   -6040.00   
-6000.00   -5984.00   -6030.00   -6026.00   -6030.00   -6040.00   -6032.00   -6032.00   -6044.00   -6044.00   
-5986.00   -5980.00   -5992.00   -6016.00   -6022.00   -6034.00   -6036.00   -6024.00   -6038.00   -6056.00   
-5978.00   -5982.00   -6004.00   -6012.00   -6032.00   -6030.00   -6038.00   -6042.00   -6042.00   -6048.00   
-5962.00   -6012.00   -6002.00   -6004.00   -6034.00   -6026.00   -6044.00   -6044.00   -6042.00   -6040.00   
-5984.00   -5990.00   -6014.00   -6014.00   -6038.00   -6028.00   -6044.00   -6030.00   -6050.00   -6050.00   
-5970.00   -5998.00   -6014.00   -6016.00   -6032.00   -6026.00   -6052.00   -6048.00   -6040.00   -6044.00   
-5982.00   -6008.00   -6018.00   -6012.00   -6020.00   -6030.00   -6042.00   -6034.00   -6034.00   -6046.00   
-6004.00   -5992.00   -6000.00   -6012.00   -6022.00   -6026.00   -6034.00   -6044.00   -6042.00   -6058.00   
-5952.00   -6008.00   -5994.00   -6020.00   -6028.00   -6028.00   -6032.00   -6024.00   -6048.00   -6044.00   
-5990.00   -6000.00   -6010.00   -6016.00   -6018.00   -6028.00   -6042.00   -6034.00   -6044.00   -6044.00   
-5972.00   -5988.00   -6008.00   -6020.00   -6034.00   -6038.00   -6038.00   -6030.00   -6036.00   -6052.00   
-5972.00   -6004.00   -6016.00   -6032.00   -6032.00   -6042.00   -6040.00   -6044.00   -6050.00   -6058.00   
-5984.00   -6016.00   -6006.00   -6010.00   -6020.00   -6026.00   -6040.00   -6048.00   -6046.00   -6048.00   
-5984.00   -6000.00   -5994.00   -6024.00   -6002.00   -6018.00   -6028.00   -6040.00   -6036.00   -6048.00   
-5974.00   -6014.00   -6010.00   -6002.00   -6010.00   -6022.00   -6034.00   -6044.00   -6042.00   -6046.00   
-6014.00   -5986.00   -5990.00   -6026.00   -6038.00   -6028.00   -6024.00   -6034.00   -6040.00   -6048.00   
-5966.00   -5994.00   -6004.00   -6030.00   -6006.00   -6042.00   -6028.00   -6028.00   -6044.00   -6046.00   
-5990.00   -5982.00   -6006.00   -6008.00   -6022.00   -6034.00   -6040.00   -6048.00   -6040.00   -6040.00   
-5984.00   -5998.00   -6002.00   -6022.00   -6032.00   -6026.00   -6020.00   -6044.00   -6040.00   -6052.00   
-5958.00   -5972.00   -5984.00   -6024.00   -6028.00   -6038.00   -6044.00   -6042.00   -6048.00   -6048.00   
-5970.00   -5996.00   -6020.00   -6004.00   -6026.00   -6042.00   -6040.00   -6036.00   -6050.00   -6048.00   
-5984.00   -5996.00   -6016.00   -6028.00   -6018.00   -6046.00   -6048.00   -6038.00   -6030.00   -6044.00   
-5950.00   -5996.00   -6010.00   -6016.00   -6028.00   -6038.00   -6024.00   -6036.00   -6034.00   -6046.00   
-5968.00   -6012.00   -6014.00   -6004.00   -6018.00   -6032.00   -6036.00   -6036.00   -6050.00   -6038.00   
-5980.00   -5986.00   -5992.00   -6022.00   -6016.00   -6032.00   -6040.00   -6054.00   -6046.00   -6042.00   
-6008.00   -5984.00   -6026.00   -6028.00   -6026.00   -6036.00   -6030.00   -6048.00   -6042.00   -6040.00   
-5986.00   -5968.00   -6008.00   -6012.00   -6010.00   -6028.00   -6044.00   -6044.00   -6042.00   -6050.00   
-5976.00   -6000.00   -6004.00   -6006.00   -6030.00   -6042.00   -6036.00   -6048.00   -6042.00   -6050.00   
-5978.00   -6002.00   -6018.00   -6016.00   -6024.00   -6026.00   -6044.00   -6042.00   -6054.00   -6042.00   
-5964.00   -5988.00   -6006.00   -6012.00   -6034.00   -6024.00   -6032.00   -6040.00   -6046.00   -6054.00   
-5966.00   -6008.00   -6008.00   -6010.00   -6030.00   -6022.00   -6032.00   -6048.00   -6054.00   -6054.00   
-5960.00   -5980.00   -6000.00   -6018.00   -6024.00   -6012.00   -6032.00   -6026.00   -6048.00   -6050.00   
-5974.00   -5996.00   -6006.00   -6014.00   -6044.00   -6038.00   -6032.00   -6036.00   -6046.00   -6050.00   
-5984.00   -5990.00   -6014.00   -6012.00   -6024.00   -6040.00   -6036.00   -6044.00   -6034.00   -6044.00   
-5980.00   -5970.00   -5988.00   -6028.00   -6024.00   -6034.00   -6042.00   -6050.00   -6040.00   -6054.00   
-5976.00   -5988.00   -5988.00   -6026.00   -6024.00   -6036.00   -6046.00   -6046.00   -6042.00   -6040.00   
-5970.00   -5986.00   -5996.00   -6016.00   -6036.00   -6022.00   -6032.00   -6042.00   -6040.00   -6044.00   
-5980.00   -6000.00   -5994.00   -6016.00   -6026.00   -6038.00   -6046.00   -6044.00   -6046.00   -6042.00   
-5974.00   -5998.00   -6004.00   -6022.00   -6020.00   -6020.00   -6048.00   -6036.00   -6044.00   -6048.00   
-5964.00   -5976.00   -6008.00   -6012.00   -6014.00   -6038.00   -6042.00   -6052.00   -6054.00   -6044.00   
-5982.00   -6008.00   -6002.00   -6006.00   -6016.00   -6028.00   -6028.00   -6048.00   -6040.00   -6052.00   
-6000.00   -5988.00   -6020.00   -6010.00   -6016.00   -6044.00   -6034.00   -6038.00   -6050.00   -6046.00   
-5984.00   -5986.00   -6010.00   -6004.00   -6022.00   -6014.00   -6048.00   -6044.00   -6034.00   -6050.00   
-5998.00   -6004.00   -5998.00   -6014.00   -6028.00   -6032.00   -6042.00   -6040.00   -6050.00   -6058.00   
-5988.00   -5990.00   -6022.00   -6024.00   -6026.00   -6016.00   -6034.00   -6034.00   -6044.00   -6048.00   
-5970.00   -5986.00   -6018.00   -6016.00   -6038.00   -6026.00   -6032.00   -6054.00   -6042.00   -6052.00   
-5988.00   -5978.00   -6012.00   -5996.00   -6026.00   -6036.00   -6042.00   -6044.00   -6040.00   -6050.00   
-5986.00   -5992.00   -6016.00   -6012.00   -6032.00   -6040.00   -6038.00   -6030.00   -6038.00   -6044.00   
-5980.00   -6000.00   -6008.00   -6020.00   -6036.00   -6030.00   -6036.00   -6042.00   -6052.00   -6050.00   
-5968.00   -5990.00   -6008.00   -6028.00   -6010.00   -6022.00   -6044.00   -6042.00   -6040.00   -6044.00   
-5976.00   -5990.00   -6014.00   -6024.00   -6038.00   -6036.00   -6034.00   -6046.00   -6038.00   -6052.00   
-5984.00   -6000.00   -6004.00   -6012.00   -6020.00   -6036.00   -6040.00   -6050.00   -6048.00   -6044.00   
-6002.00   -5996.00   -5986.00   -6014.00   -6036.00   -6046.00   -6034.00   -6040.00   -6044.00   -6050.00   
-5978.00   -6000.00   -6000.00   -6018.00   -6024.00   -6012.00   -6030.00   -6044.00   -6052.00   -6038.00   
-5994.00   -5998.00   -6000.00   -6012.00   -6024.00   -6038.00   -6040.00   -6038.00   -6046.00   -6046.00   
-5982.00   -5996.00   -6012.00   -6008.00   -6026.00   -6040.00   -6052.00   -6046.00   -6044.00   -6044.00   
-5974.00   -6016.00   -6008.00   -6000.00   -6028.00   -6034.00   -6044.00   -6036.00   -6036.00   -6058.00   
-5974.00   -5982.00   -6006.00   -6008.00   -6040.00   -6042.00   -6036.00   -6044.00   -6040.00   -6048.00   
-5968.00   -5976.00   -6010.00   -6020.00   -6018.00   -6030.00   -6046.00   -6038.00   -6046.00   -6046.00   
-5972.00   -5968.00   -5990.00   -6036.00   -6026.00   -6030.00   -6038.00   -6040.00   -6030.00   -6028.00   
-5974.00   -6004.00   -6010.00   -6018.00   -6030.00   -6046.00   -6032.00   -6044.00   -6040.00   -6054.00   
