-95648.00  -95916.00  -96108.00  -96250.00  -96418.00  -96554.00  -96582.00  -96700.00  -96740.00  -96742.00  
-95566.00  -95938.00  -96096.00  -96198.00  -96394.00  -96496.00  -96592.00  -96656.00  -96732.00  -96750.00  
-95560.00  -95842.00  -96168.00  -96266.00  -96372.00  -96600.00  -96574.00  -96656.00  -96730.00  -96770.00  
-95588.00  -95846.00  -96126.00  -96306.00  -96412.00  -96528.00  -96582.00  -96686.00  -96716.00  -96770.00  
-95562.00  -95834.00  -96272.00  -96238.00  -96434.00  -96526.00  -96620.00  -96660.00  -96696.00  -96762.00  
-95592.00  -95892.00  -96078.00  -96252.00  -96402.00  -96478.00  -96598.00  -96646.00  -96720.00  -96732.00  
-95556.00  -95828.00  -96098.00  -96246.00  -96396.00  -96532.00  -96548.00  -96622.00  -96716.00  -96750.00  
-95546.00  -95862.00  -96138.00  -96290.00  -96386.00  -96494.00  -96614.00  -96652.00  -96678.00  -96790.00  
-95638.00  -95780.00  -96120.00  -96296.00  -96344.00  -96458.00  -96600.00  -96640.00  -96728.00  -96790.00  
-95590.00  -95920.00  -96086.00  -96306.00  -96358.00  -96516.00  -96648.00  -96676.00  -96680.00  -96748.00  
-95592.00  -95856.00  -96078.00  -96256.00  -96358.00  -96470.00  -96626.00  -96650.00  -96706.00  -96776.00  
-95646.00  -95870.00  -96124.00  -96250.00  -96402.00  -96496.00  -96582.00  -96686.00  -96750.00  -96726.00  
-95702.00  -95896.00  -96122.00  -96332.00  -96494.00  -96480.00  -96610.00  -96650.00  -96720.00  -96762.00  
-95638.00  -95874.00  -96084.00  -96226.00  -96414.00  -96500.00  -96606.00  -96672.00  -96698.00  -96766.00  
-95614.00  -95856.00  -96054.00  -96310.00  -96396.00  -96486.00  -96582.00  -96658.00  -96680.00  -96762.00  
-95616.00  -95848.00  -96168.00  -96244.00  -96414.00  -96434.00  -96598.00  -96692.00  -96754.00  -96758.00  
-95616.00  -95854.00  -96132.00  -96274.00  -96408.00  -96504.00  -96608.00  -96644.00  -96758.00  -96774.00  
-95556.00  -95930.00  -96070.00  -96268.00  -96402.00  -96466.00  -96608.00  -96676.00  -96716.00  -96716.00  
-95640.00  -95970.00  -96128.00  -96306.00  -96408.00  -96496.00  -96606.00  -96652.00  -96740.00  -96770.00  
-95634.00  -95930.00  -96110.00  -96300.00  -96392.00  -96524.00  -96582.00  -96684.00  -96740.00  -96746.00  
