194.00   -324.00  264.00   370.00   -60.00   26.00    -474.00  188.00   606.00   178.00   
-116.00  -72.00   130.00   320.00   404.00   -690.00  434.00   -284.00  88.00    -166.00  
72.00    194.00   36.00    -692.00  286.00   94.00    -12.00   -136.00  364.00   554.00   
276.00   -28.00   -252.00  250.00   -378.00  -182.00  460.00   92.00    76.00    306.00   
318.00   94.00    -158.00  -430.00  218.00   576.00   42.00    132.00   268.00   820.00   
198.00   -338.00  394.00   210.00   204.00   314.00   -314.00  -432.00  74.00    -580.00  
-392.00  38.00    274.00   -252.00  374.00   154.00   -30.00   256.00   40.00    154.00   
-18.00   -364.00  206.00   458.00   336.00   -96.00   204.00   76.00    668.00   -466.00  
-396.00  104.00   46.00    288.00   32.00    -524.00  -340.00  354.00   -4.00    338.00   
-290.00  -144.00  216.00   -30.00   84.00    264.00   196.00   -788.00  608.00   368.00   
