2046     0.69314718        
2040     7.34922838        
2038     6.94507122        
2036     6.66039753        
2034     13.30427122       
2032     13.59245634       
2030     13.67492342       
2028     18.86699724       
2026     19.56531429       
2024     19.91375065       
2022     24.13655758       
2020     25.11391592       
2018     25.67141390       
2016     29.20043134       
2014     30.37851763       
2012     31.10631513       
2010     34.09637546       
2008     35.41768884       
2006     36.29688835       
2004     38.85999298       
2002     40.29390955       
2000     41.28908348       
1998     43.50493955       
1996     45.02041626       
1994     46.11615515       
1992     48.07816648       
1990     49.63175726       
1988     50.80895662       
1986     52.56496525       
1984     54.13390827       
1982     55.36886024       
1980     56.99553108       
1978     58.53949690       
1976     59.81151104       
1974     61.35488176       
1972     62.86734056       
1970     64.18819523       
1968     65.65468216       
1966     67.13831329       
1964     68.46969175       
1962     69.88710308       
1960     71.34188032       
1958     72.68904972       
1956     74.07098627       
1954     75.48485803       
1952     76.83589649       
1950     78.19393349       
1948     79.57802057       
1946     80.92543220       
1944     82.26095009       
1942     83.61206865       
1940     84.95611620       
1938     86.27467441       
1936     87.61199808       
1934     88.92898083       
1932     90.23456335       
1930     91.56055355       
1928     92.86970472       
1926     94.15977526       
1924     95.45981359       
1922     96.75276995       
1920     98.03384018       
1918     99.31330633       
1916     100.58753586      
1914     101.85786104      
1912     103.12546158      
1910     104.38600159      
1908     105.64768314      
1906     106.89659595      
1904     108.14716911      
1902     109.39212131      
1900     110.63588333      
1898     111.87672043      
1896     113.10758209      
1894     114.33772659      
1892     115.56694746      
1890     116.78693580      
1888     118.00838661      
1886     119.21713733      
1884     120.43260813      
1882     121.64212322      
1880     122.84824323      
1878     124.04952335      
1876     125.24521875      
1874     126.44578266      
1872     127.63559580      
1870     128.82138490      
1868     130.00891018      
1866     131.19079637      
1864     132.36685514      
1862     133.53933525      
1860     134.71330643      
1858     135.87819052      
1856     137.04358911      
1854     138.20334482      
1852     139.36734628      
1850     140.51851797      
1848     141.67411756      
1846     142.82427597      
1844     143.96888685      
1842     145.11989832      
1840     146.25643349      
1838     147.39769459      
1836     148.53367853      
1834     149.66704082      
1832     150.79897356      
1830     151.92785597      
1828     153.05098533      
1826     154.17063474      
1824     155.29184007      
1822     156.41107464      
1820     157.52545214      
1818     158.63468504      
1816     159.74748659      
1814     160.85547876      
1812     161.95432901      
1810     163.06187486      
1808     164.15838527      
1806     165.25560236      
1804     166.35362768      
1802     167.44286251      
1800     168.53410625      
1798     169.62403631      
1796     170.70894956      
1794     171.79254055      
1792     172.87000656      
1790     173.94956541      
1788     175.02560043      
1786     176.10098982      
1784     177.17487335      
1782     178.24314594      
1780     179.30922746      
1778     180.37866449      
1776     181.44132137      
1774     182.50266027      
1772     183.56300258      
1770     184.61827373      
1768     185.67701530      
1766     186.72814655      
1764     187.77726936      
1762     188.83021259      
1760     189.87231064      
1758     190.91902017      
1756     191.96001768      
1754     192.99899387      
1752     194.03929806      
1750     195.07416582      
1748     196.11275911      
1746     197.14581871      
1744     198.17574549      
1742     199.20956278      
1740     200.23558092      
1738     201.26090717      
1736     202.28708172      
1734     203.30889606      
1732     204.32453441      
1730     205.34812021      
1728     206.36480427      
1726     207.37743997      
1724     208.39105892      
1722     209.40544081      
1720     210.41561460      
1718     211.42264223      
1716     212.42828226      
1714     213.43356943      
1712     214.43788576      
1710     215.43659735      
1708     216.43869972      
1706     217.43475246      
1704     218.43362474      
1702     219.42711735      
1700     220.41974258      
1698     221.41081285      
1696     222.39736986      
1694     223.38607311      
1692     224.37639904      
1690     225.35997867      
1688     226.34613180      
1686     227.32730865      
1684     228.30820465      
1682     229.29005766      
1680     230.26388740      
1678     231.24171734      
1676     232.21813345      
1674     233.18712950      
1672     234.15772867      
1670     235.12764692      
1668     236.09785938      
1666     237.06381702      
1664     238.03031635      
1662     238.99261093      
1660     239.95550823      
1658     240.91678190      
1656     241.87617254      
1654     242.83416748      
1652     243.78901529      
1650     244.74439716      
1648     245.70207691      
1646     246.64965296      
1644     247.60316372      
1642     248.55177927      
1640     249.49819469      
1638     250.44626093      
1636     251.39032125      
1634     252.33346462      
1632     253.27265692      
1630     254.21523571      
1628     255.15523624      
1626     256.09486532      
1624     257.03307962      
1622     257.96990108      
1620     258.90470552      
1618     259.83964968      
1616     260.77009344      
1614     261.69743156      
1612     262.62592315      
1610     263.55548954      
1608     264.48222065      
1606     265.40679025      
1604     266.33048725      
1602     267.25468159      
1600     268.17337894      
1598     269.09388780      
1596     270.01216173      
1594     270.92869472      
1592     271.84586716      
1590     272.76222324      
1588     273.67500591      
1586     274.58864069      
1584     275.50031614      
1582     276.40754270      
1580     277.32037258      
1578     278.22882414      
1576     279.13441562      
1574     280.04220581      
1572     280.94322347      
1570     281.84854173      
1568     282.74846458      
1566     283.64993191      
1564     284.54986143      
1562     285.45194959      
1560     286.34865141      
1558     287.24377537      
1556     288.13800001      
1554     289.03162098      
1552     289.92327976      
1550     290.81462955      
1548     291.70732879      
1546     292.59794807      
1544     293.48652839      
1542     294.37349081      
1540     295.25977945      
1538     296.14291429      
1536     297.03019094      
1534     297.91420698      
1532     298.79310369      
1530     299.67505598      
1528     300.55699539      
1526     301.43450355      
1524     302.31028652      
1522     303.18867588      
1520     304.06593609      
1518     304.93882894      
1516     305.81376076      
1514     306.68659210      
1512     307.55775118      
1510     308.42944193      
1508     309.29955435      
1506     310.16686725      
1504     311.03348636      
1502     311.90032816      
1500     312.76667213      
1498     313.63079881      
1496     314.49268818      
1494     315.35633278      
1492     316.21657705      
1490     317.07449722      
1488     317.93705034      
1486     318.79499006      
1484     319.65187216      
1482     320.50852060      
1480     321.36309004      
1478     322.21623802      
1476     323.07289028      
1474     323.92350817      
1472     324.77405929      
1470     325.62312412      
1468     326.47478962      
1466     327.31915808      
1464     328.16754293      
1462     329.01427507      
1460     329.86190891      
1458     330.70544767      
1456     331.54799461      
1454     332.38971376      
1452     333.23232412      
1450     334.07447815      
1448     334.91369009      
1446     335.75317764      
1444     336.58999920      
1442     337.42804861      
1440     338.26347732      
1438     339.09789038      
1436     339.93105984      
1434     340.76746368      
1432     341.59903908      
1430     342.43215847      
1428     343.26293373      
1426     344.09211778      
1424     344.92250538      
1422     345.75048542      
1420     346.58123541      
1418     347.40583229      
1416     348.22852421      
1414     349.05479574      
1412     349.87802505      
1410     350.70180464      
1408     351.52073622      
1406     352.34450435      
1404     353.16006040      
1402     353.97673225      
1400     354.79637384      
1398     355.61402225      
1396     356.42875862      
1394     357.24356460      
1392     358.05798292      
1390     358.87163210      
1388     359.68614292      
1386     360.49784183      
1384     361.30817556      
1382     362.12281847      
1380     362.93134928      
1378     363.73783350      
1376     364.55023002      
1374     365.35667276      
1372     366.16057634      
1370     366.96652412      
1368     367.77200413      
1366     368.57696581      
1364     369.38033485      
1362     370.18116283      
1360     370.98150158      
1358     371.78345775      
1356     372.58060407      
1354     373.38088894      
1352     374.17898702      
1350     374.97437239      
1348     375.77240991      
1346     376.56665182      
1344     377.35965967      
1342     378.15454674      
1340     378.94699621      
1338     379.73727941      
1336     380.52877235      
1334     381.31730413      
1332     382.10786915      
1330     382.89843321      
1328     383.68565416      
1326     384.47392130      
1324     385.26066351      
1322     386.04760361      
1320     386.83459472      
1318     387.61636495      
1316     388.39982557      
1314     389.18231630      
1312     389.96833038      
1310     390.74812650      
1308     391.52911663      
1306     392.31071186      
1304     393.08909988      
1302     393.86748886      
1300     394.64390945      
1298     395.42062044      
1296     396.19807482      
1294     396.97319364      
1292     397.75039005      
1290     398.52419710      
1288     399.29866457      
1286     400.07428503      
1284     400.84370947      
1282     401.61244201      
1280     402.38320827      
1278     403.15182924      
1276     403.91810846      
1274     404.68657350      
1272     405.45543337      
1270     406.22193193      
1268     406.98595094      
1266     407.75052833      
1264     408.51298761      
1262     409.27633285      
1260     410.03808212      
1258     410.79990387      
1256     411.56174373      
1254     412.32303905      
1252     413.08073568      
1250     413.84204531      
1248     414.60160398      
1246     415.35841226      
1244     416.11628675      
1242     416.87151909      
1240     417.62653971      
1238     418.37865925      
1236     419.13624334      
1234     419.88662958      
1232     420.63867426      
1230     421.38956737      
1228     422.14244795      
1226     422.89505577      
1224     423.64483881      
1222     424.39589310      
1220     425.14374304      
1218     425.89196920      
1216     426.63915872      
1214     427.38660955      
1212     428.13316488      
1210     428.87781381      
1208     429.62235308      
1206     430.36601209      
1204     431.10865736      
1202     431.84972000      
1200     432.59265137      
1198     433.33212900      
1196     434.07133150      
1194     434.80956554      
1192     435.54802227      
1190     436.28518438      
1188     437.02249861      
1186     437.75934171      
1184     438.49637365      
1182     439.23216009      
1180     439.96563959      
1178     440.69868994      
1176     441.43348026      
1174     442.16463947      
1172     442.89647960      
1170     443.62597179      
1168     444.35537195      
1166     445.08596134      
1164     445.81524324      
1162     446.54325294      
1160     447.26926231      
1158     447.99773884      
1156     448.72464704      
1154     449.45053339      
1152     450.17635059      
1150     450.89986896      
1148     451.62580919      
1146     452.34799480      
1144     453.07043409      
1142     453.79204368      
1140     454.51117897      
1138     455.23233080      
1136     455.95292043      
1134     456.67092275      
1132     457.38617325      
1130     458.10558319      
1128     458.82224321      
1126     459.53817129      
1124     460.25429344      
1122     460.96812868      
1120     461.68114233      
1118     462.39611101      
1116     463.11069631      
1114     463.82128668      
1112     464.53264332      
1110     465.24407148      
1108     465.95360803      
1106     466.66331768      
1104     467.37354946      
1102     468.08116483      
1100     468.78771496      
1098     469.49545002      
1096     470.20174789      
1094     470.90908813      
1092     471.61279583      
1090     472.31578111      
1088     473.01976871      
1086     473.72333193      
1084     474.42624855      
1082     475.12640524      
1080     475.82831383      
1078     476.53021717      
1076     477.22847843      
1074     477.92539882      
1072     478.62529087      
1070     479.32484531      
1068     480.02024126      
1066     480.71557188      
1064     481.41184902      
1062     482.10771513      
1060     482.80248451      
1058     483.49714994      
1056     484.19018602      
1054     484.88353157      
1052     485.57694483      
1050     486.26558637      
1048     486.95635605      
1046     487.64973688      
1044     488.33851099      
1042     489.02586365      
1040     489.71436024      
1038     490.40284967      
1036     491.09029102      
1034     491.77670908      
1032     492.46228313      
1030     493.14781570      
1028     493.83202934      
1026     494.51587438      
1024     495.19964790      
1022     495.88131666      
1020     496.56190204      
1018     497.24557543      
1016     497.92611980      
1014     498.60569048      
1012     499.28513241      
1010     499.96529293      
1008     500.64167881      
1006     501.31841564      
1004     501.99555015      
1002     502.67250967      
1000     503.34868145      
998      504.02392626      
996      504.69653463      
994      505.37136221      
992      506.04364633      
990      506.71343994      
988      507.38478374      
986      508.05737495      
984      508.72765589      
982      509.39585018      
980      510.06423330      
978      510.73204660      
976      511.40030765      
974      512.06677627      
972      512.73316383      
970      513.40033817      
968      514.06581306      
966      514.72960281      
964      515.39349222      
962      516.05750322      
960      516.71845436      
958      517.38041210      
956      518.04202461      
954      518.70204258      
952      519.36083364      
950      520.01988458      
948      520.67907047      
946      521.33706903      
944      521.99363851      
942      522.65032196      
940      523.30692196      
938      523.96217966      
936      524.61548614      
934      525.26927852      
932      525.92298984      
930      526.57536173      
928      527.22670126      
926      527.87706756      
924      528.52732992      
922      529.17628813      
920      529.82582950      
918      530.47372532      
916      531.12087774      
914      531.76893091      
912      532.41447592      
910      533.05978870      
908      533.70350170      
906      534.34793615      
904      534.99240398      
902      535.63531780      
900      536.27915335      
898      536.91966104      
896      537.56051445      
894      538.20049143      
892      538.83902550      
890      539.47718763      
888      540.11442756      
886      540.75270128      
884      541.38971567      
882      542.02412605      
880      542.66048288      
878      543.29575252      
876      543.93014335      
874      544.56317758      
872      545.19655895      
870      545.82912683      
868      546.46052217      
866      547.09175825      
864      547.71919536      
862      548.34991693      
860      548.97990560      
858      549.60748243      
856      550.23228502      
854      550.85937309      
852      551.48589897      
850      552.11073446      
848      552.73372602      
846      553.35816288      
844      553.97939586      
842      554.60175133      
840      555.22404194      
838      555.84313106      
836      556.46287298      
834      557.08045196      
832      557.70057773      
830      558.31799078      
828      558.93436575      
826      559.55196476      
824      560.16443825      
822      560.77926969      
820      561.39337778      
818      562.00491428      
816      562.61659527      
814      563.22999668      
812      563.83983373      
810      564.44889498      
808      565.05651188      
806      565.66473055      
804      566.27157831      
802      566.87855196      
800      567.48383999      
798      568.08981085      
796      568.69394827      
794      569.29642391      
792      569.90057277      
790      570.50149202      
788      571.10317659      
786      571.70384121      
784      572.30244827      
782      572.90074062      
780      573.49827099      
778      574.09616089      
776      574.69167900      
774      575.28590154      
772      575.88227033      
770      576.47531318      
768      577.06876516      
766      577.66070843      
764      578.25048303      
762      578.83960914      
760      579.42854643      
758      580.01539707      
756      580.60338211      
754      581.19093990      
752      581.77539396      
750      582.35966730      
748      582.94386387      
746      583.52692747      
744      584.10843086      
742      584.69042778      
740      585.27100515      
738      585.85066318      
736      586.43031120      
734      587.00660515      
732      587.58421993      
730      588.15820646      
728      588.73438406      
726      589.30946779      
724      589.88182068      
722      590.45464420      
720      591.02650499      
718      591.59602785      
716      592.16587972      
714      592.73538923      
712      593.30318641      
710      593.86901808      
708      594.43596792      
706      595.00076294      
704      595.56310940      
702      596.12601900      
700      596.68774223      
698      597.24945545      
696      597.80984688      
694      598.36870384      
692      598.92765999      
690      599.48471308      
688      600.04123020      
686      600.59603643      
684      601.15052938      
682      601.70389747      
680      602.25626278      
678      602.80913544      
676      603.35821485      
674      603.90815973      
672      604.45646047      
670      605.00413894      
668      605.55005979      
666      606.09406566      
664      606.63784551      
662      607.18182802      
660      607.72276783      
658      608.26306152      
656      608.80340719      
654      609.33988046      
652      609.87805414      
650      610.41425705      
648      610.94907856      
646      611.48427343      
644      612.01785373      
642      612.54891014      
640      613.08017301      
638      613.60970735      
636      614.13824510      
634      614.66776562      
632      615.19380951      
630      615.71901512      
628      616.24451160      
626      616.76682758      
624      617.28850937      
622      617.81073427      
620      618.33089113      
618      618.84989881      
616      619.36699056      
614      619.88441801      
612      620.40075064      
610      620.91476965      
608      621.42771482      
606      621.93931484      
604      622.45012760      
602      622.95939255      
600      623.46946764      
598      623.97813988      
596      624.48488092      
594      624.99071359      
592      625.49586153      
590      625.99875021      
588      626.49984550      
586      627.00167990      
584      627.50021601      
582      627.99787521      
580      628.49418449      
578      628.98965311      
576      629.48490667      
574      629.97760153      
572      630.46866989      
570      630.95980072      
568      631.44960356      
566      631.93657446      
564      632.42431211      
562      632.91117382      
560      633.39562797      
558      633.87875891      
556      634.36035299      
554      634.84213161      
552      635.32035494      
550      635.79779959      
548      636.27391577      
546      636.75079584      
544      637.22689104      
542      637.69802379      
540      638.17062330      
538      638.64163589      
536      639.11083650      
534      639.57803488      
532      640.04411840      
530      640.50807237      
528      640.97059250      
526      641.43342161      
524      641.89516926      
522      642.35558843      
520      642.81368398      
518      643.27092314      
516      643.72611427      
514      644.18066406      
512      644.63344049      
510      645.08478784      
508      645.53528309      
506      645.98471021      
504      646.42968607      
502      646.87638378      
500      647.32104349      
498      647.76398754      
496      648.20615530      
494      648.64700413      
492      649.08566475      
490      649.52433014      
488      649.96042108      
486      650.39613628      
484      650.83101368      
482      651.26271486      
480      651.69354343      
478      652.12361145      
476      652.55161428      
474      652.97740602      
472      653.40270376      
470      653.82503605      
468      654.24610615      
466      654.66737938      
464      655.08664512      
462      655.50490284      
460      655.92194271      
458      656.33634519      
456      656.74850702      
454      657.16056490      
452      657.56936025      
450      657.97849893      
448      658.38578987      
446      658.79111814      
444      659.19600582      
442      659.59797287      
440      659.99743604      
438      660.39774847      
436      660.79599237      
434      661.19256115      
432      661.58792209      
430      661.98237705      
428      662.37356996      
426      662.76390123      
424      663.15203762      
422      663.53931188      
420      663.92398786      
418      664.30805301      
416      664.68917703      
414      665.06988239      
412      665.44916582      
410      665.82644987      
408      666.20317697      
406      666.57742023      
404      666.95036983      
402      667.32177257      
400      667.69212484      
398      668.05961799      
396      668.42505312      
394      668.79121828      
392      669.15509033      
390      669.51577711      
388      669.87566757      
386      670.23566627      
384      670.59159851      
382      670.94700050      
380      671.30080128      
378      671.65300035      
376      672.00514173      
374      672.35357809      
372      672.70041370      
370      673.04762077      
368      673.39267063      
366      673.73395347      
364      674.07332086      
362      674.41080570      
360      674.74743700      
358      675.08277273      
356      675.41621303      
354      675.74845457      
352      676.07921743      
350      676.40796137      
348      676.73492241      
346      677.05978918      
344      677.38353824      
342      677.70545769      
340      678.02518654      
338      678.34429312      
336      678.66136503      
334      678.97616052      
332      679.28980732      
330      679.60042095      
328      679.91109896      
326      680.21950388      
324      680.52504349      
322      680.82932091      
320      681.13281011      
318      681.43346071      
316      681.73358297      
314      682.03042459      
312      682.32659912      
310      682.62157202      
308      682.91330671      
306      683.20484924      
304      683.49453020      
302      683.78095150      
300      684.06597090      
298      684.35041952      
296      684.63292408      
294      684.91315889      
292      685.19174242      
290      685.46787023      
288      685.74203014      
286      686.01490879      
284      686.28672647      
282      686.55655765      
280      686.82325601      
278      687.08840513      
276      687.35320854      
274      687.61595011      
272      687.87626600      
270      688.13542175      
268      688.39161491      
266      688.64743852      
264      688.90093565      
262      689.15183830      
260      689.39982796      
258      689.64858198      
256      689.89529705      
254      690.13848877      
252      690.38092947      
250      690.62096596      
248      690.85924434      
246      691.09613609      
244      691.33138323      
242      691.56426859      
240      691.79612255      
238      692.02537536      
236      692.25161218      
234      692.47787142      
232      692.70246410      
230      692.92575121      
228      693.14532995      
226      693.36424446      
224      693.58097839      
222      693.79575205      
220      694.00823450      
218      694.21948910      
216      694.42890167      
214      694.63595104      
212      694.84073734      
210      695.04405546      
208      695.24689054      
206      695.44689178      
204      695.64376545      
202      695.84024381      
200      696.03559589      
198      696.22724342      
196      696.41762352      
194      696.60778141      
192      696.79363441      
190      696.97841072      
188      697.16250658      
186      697.34288549      
184      697.52049875      
182      697.69860601      
180      697.87418651      
178      698.04813242      
176      698.21910000      
174      698.38857603      
172      698.55761528      
170      698.72302246      
168      698.88698816      
166      699.04933357      
164      699.20921755      
162      699.36768579      
160      699.52409220      
158      699.67862701      
156      699.83139992      
154      699.98209238      
152      700.13080644      
150      700.27707100      
148      700.42132330      
146      700.56461859      
144      700.70569324      
142      700.84384727      
140      700.98083734      
138      701.11684561      
136      701.24974632      
134      701.38004780      
132      701.50898361      
130      701.63609981      
128      701.76134729      
126      701.88536167      
124      702.00687837      
122      702.12629318      
120      702.24454021      
118      702.36002922      
116      702.47473573      
114      702.58634805      
112      702.69628477      
110      702.80454254      
108      702.91008329      
106      703.01499176      
104      703.11850118      
102      703.22031069      
100      703.31824589      
98       703.41456032      
96       703.51060247      
94       703.60345506      
92       703.69426918      
90       703.78316593      
88       703.87033129      
86       703.95457983      
84       704.03791332      
82       704.12081384      
80       704.19928169      
78       704.27645731      
76       704.35331678      
74       704.42671919      
72       704.49744701      
70       704.56661844      
68       704.63394499      
66       704.69935846      
64       704.76272583      
62       704.82458210      
60       704.88365125      
58       704.94103098      
56       704.99769926      
54       705.05227041      
52       705.10353422      
50       705.15287781      
48       705.20221519      
46       705.24875879      
44       705.29270172      
42       705.33536768      
40       705.37624740      
38       705.41493654      
36       705.45075416      
34       705.48522377      
32       705.51838732      
30       705.54724645      
28       705.57648897      
26       705.60306072      
24       705.62639856      
22       705.64935970      
20       705.67033052      
18       705.68850088      
16       705.70467996      
14       705.71938515      
12       705.73154735      
10       705.74262953      
8        705.75179577      
6        705.75775051      
4        705.76249742      
2        705.76622772      
0        705.76642895      
-2       705.76562929      
-4       705.76396990      
-6       705.75926924      
-8       705.75326776      
-10      705.74415970      
-12      705.73306894      
-14      705.72109937      
-16      705.70604563      
-18      705.68986654      
-20      705.67156791      
-22      705.65089750      
-24      705.62824964      
-26      705.60385179      
-28      705.57809543      
-30      705.55053139      
-32      705.52005052      
-34      705.48752308      
-36      705.45316696      
-38      705.41696024      
-40      705.37846803      
-42      705.33743524      
-44      705.29536390      
-46      705.25198698      
-48      705.20630026      
-50      705.15807819      
-52      705.10854673      
-54      705.05740356      
-56      705.00323248      
-58      704.94720697      
-60      704.89033413      
-62      704.83123255      
-64      704.76887512      
-66      704.70509243      
-68      704.63905668      
-70      704.57090235      
-72      704.50142574      
-74      704.43080902      
-76      704.35768461      
-78      704.28246641      
-80      704.20558071      
-82      704.12673569      
-84      704.04522705      
-86      703.96220255      
-88      703.87640953      
-90      703.78914070      
-92      703.69970131      
-94      703.60924673      
-96      703.51680755      
-98      703.42166138      
-100     703.32556104      
-102     703.22647142      
-104     703.12598038      
-106     703.02301407      
-108     702.91736364      
-110     702.81179285      
-112     702.70370722      
-114     702.59342623      
-116     702.48077488      
-118     702.36662006      
-120     702.25096607      
-122     702.13362837      
-124     702.01366854      
-126     701.89177990      
-128     701.76731729      
-130     701.64115906      
-132     701.51381397      
-134     701.38459873      
-136     701.25352430      
-138     701.12107181      
-140     700.98574829      
-142     700.84857940      
-144     700.70950317      
-146     700.56788492      
-148     700.42533541      
-150     700.28024244      
-152     700.13350677      
-154     699.98383713      
-156     699.83284712      
-158     699.68011427      
-160     699.52422905      
-162     699.36715746      
-164     699.20924091      
-166     699.04825401      
-168     698.88506508      
-170     698.72120380      
-172     698.55475998      
-174     698.38676214      
-176     698.21718740      
-178     698.04554462      
-180     697.87252569      
-182     697.69677973      
-184     697.51905393      
-186     697.33962869      
-188     697.15727854      
-190     696.97386169      
-192     696.78830623      
-194     696.60081816      
-196     696.41155386      
-198     696.22062826      
-200     696.02741527      
-202     695.83193874      
-204     695.63465261      
-206     695.43653822      
-208     695.23595381      
-210     695.03298473      
-212     694.82908106      
-214     694.62218380      
-216     694.41361952      
-218     694.20383167      
-220     693.99149799      
-222     693.77788734      
-224     693.56211614      
-226     693.34260750      
-228     693.12183428      
-230     692.89959621      
-232     692.67539310      
-234     692.45061827      
-236     692.22321081      
-238     691.99373436      
-240     691.76281643      
-242     691.53009701      
-244     691.29522848      
-246     691.05869198      
-248     690.82083988      
-250     690.57994175      
-252     690.33704376      
-254     690.09307194      
-256     689.84644747      
-258     689.59835672      
-260     689.34857225      
-262     689.09600544      
-264     688.84313535      
-266     688.58787536      
-268     688.32903719      
-270     688.07043886      
-272     687.80894089      
-274     687.54604196      
-276     687.28174972      
-278     687.01493072      
-280     686.74654674      
-282     686.47660255      
-284     686.20467806      
-286     685.93014526      
-288     685.65366649      
-290     685.37548637      
-292     685.09608841      
-294     684.81408453      
-296     684.53000355      
-298     684.24539280      
-300     683.95695209      
-302     683.66767359      
-304     683.37627077      
-306     683.08225107      
-308     682.78726148      
-310     682.49033594      
-312     682.19160557      
-314     681.89093208      
-316     681.58809995      
-318     681.28308010      
-320     680.97799921      
-322     680.67035818      
-324     680.36051225      
-326     680.04883241      
-328     679.73461056      
-330     679.41885614      
-332     679.10081911      
-334     678.78145075      
-336     678.46013403      
-338     678.13751793      
-340     677.81348753      
-342     677.48609066      
-344     677.15777397      
-346     676.82832098      
-348     676.49646234      
-350     676.16211223      
-352     675.82666588      
-354     675.48841810      
-356     675.14886856      
-358     674.80779791      
-360     674.46529817      
-362     674.11855984      
-364     673.77062988      
-366     673.42165708      
-368     673.07030678      
-370     672.71780062      
-372     672.36246204      
-374     672.00676012      
-376     671.64750862      
-378     671.28718281      
-380     670.92668199      
-382     670.56392097      
-384     670.19806862      
-386     669.83063698      
-388     669.46182203      
-390     669.08989572      
-392     668.71642256      
-394     668.34170866      
-396     667.96379423      
-398     667.58541918      
-400     667.20489168      
-402     666.82203197      
-404     666.43673849      
-406     666.05211592      
-408     665.66538572      
-410     665.27430486      
-412     664.88319444      
-414     664.49047327      
-416     664.09377146      
-418     663.69719887      
-420     663.29853725      
-422     662.89775753      
-424     662.49474859      
-426     662.09182358      
-428     661.68504524      
-430     661.27713823      
-432     660.86744833      
-434     660.45615625      
-436     660.04271173      
-438     659.62740707      
-440     659.21004247      
-442     658.79075765      
-444     658.37021828      
-446     657.94795275      
-448     657.52340746      
-450     657.09694242      
-452     656.66781330      
-454     656.23658514      
-456     655.80476951      
-458     655.37180853      
-460     654.93651008      
-462     654.49846077      
-464     654.05872679      
-466     653.61805153      
-468     653.17439890      
-470     652.72974062      
-472     652.28237486      
-474     651.83293772      
-476     651.38351154      
-478     650.93018913      
-480     650.47639608      
-482     650.02288294      
-484     649.56575870      
-486     649.10562801      
-488     648.64384651      
-490     648.18055010      
-492     647.71557569      
-494     647.24842119      
-496     646.77943611      
-498     646.30920410      
-500     645.83543205      
-502     645.36153936      
-504     644.88765096      
-506     644.40857363      
-508     643.92914629      
-510     643.44950771      
-512     642.96487665      
-514     642.47874594      
-516     641.99148798      
-518     641.50207043      
-520     641.01128244      
-522     640.51957130      
-524     640.02300644      
-526     639.52650261      
-528     639.02865457      
-530     638.52928686      
-532     638.02602768      
-534     637.52294206      
-536     637.01788807      
-538     636.51048994      
-540     636.00094652      
-542     635.49009704      
-544     634.97716379      
-546     634.46231270      
-548     633.94524240      
-550     633.42886972      
-552     632.90673780      
-554     632.38540125      
-556     631.86224699      
-558     631.33470011      
-560     630.80881595      
-562     630.27824068      
-564     629.74759006      
-566     629.21520424      
-568     628.68109941      
-570     628.14412784      
-572     627.60471010      
-574     627.06497812      
-576     626.52196884      
-578     625.97671461      
-580     625.43159246      
-582     624.88270569      
-584     624.33166599      
-586     623.77998781      
-588     623.22534656      
-590     622.66994047      
-592     622.11157417      
-594     621.55232334      
-596     620.99119425      
-598     620.42861557      
-600     619.86354542      
-602     619.29735184      
-604     618.72910738      
-606     618.16006994      
-608     617.58838367      
-610     617.01374674      
-612     616.43696451      
-614     615.86121940      
-616     615.28215980      
-618     614.70203829      
-620     614.11809063      
-622     613.53262520      
-624     612.94631910      
-626     612.35758114      
-628     611.76535225      
-630     611.17399835      
-632     610.57833290      
-634     609.98140383      
-636     609.38229751      
-638     608.78391075      
-640     608.18090582      
-642     607.57665491      
-644     606.97060299      
-646     606.36224699      
-648     605.75244570      
-650     605.14156437      
-652     604.52844429      
-654     603.91373300      
-656     603.29568529      
-658     602.67591381      
-660     602.05457067      
-662     601.43071413      
-664     600.80726051      
-666     600.17994451      
-668     599.55033970      
-670     598.91953325      
-672     598.28698110      
-674     597.65206957      
-676     597.01468849      
-678     596.37616396      
-680     595.73411369      
-682     595.09219456      
-684     594.44709015      
-686     593.80126953      
-688     593.15333748      
-690     592.50311518      
-692     591.85063886      
-694     591.19664192      
-696     590.53999281      
-698     589.88210678      
-700     589.22318268      
-702     588.56104612      
-704     587.89738083      
-706     587.23101473      
-708     586.56293726      
-710     585.89506817      
-712     585.22298097      
-714     584.54944372      
-716     583.87399387      
-718     583.19747019      
-720     582.51732397      
-722     581.83730411      
-724     581.15299082      
-726     580.46778726      
-728     579.78119850      
-730     579.09314537      
-732     578.40202045      
-734     577.70911741      
-736     577.01433706      
-738     576.31770086      
-740     575.61934280      
-742     574.92051983      
-744     574.21794939      
-746     573.51137924      
-748     572.80480909      
-750     572.09538650      
-752     571.38450622      
-754     570.67357206      
-756     569.96060991      
-758     569.24632072      
-760     568.52647590      
-762     567.80501365      
-764     567.08198070      
-766     566.35682821      
-768     565.62976026      
-770     564.90078401      
-772     564.16978073      
-774     563.43670749      
-776     562.70145273      
-778     561.96645069      
-780     561.22658491      
-782     560.48550463      
-784     559.74584532      
-786     559.00060606      
-788     558.25356531      
-790     557.50333404      
-792     556.75415706      
-794     555.99899530      
-796     555.24352312      
-798     554.48549795      
-800     553.72806692      
-802     552.96700525      
-804     552.20198583      
-806     551.43673610      
-808     550.66936970      
-810     549.90145778      
-812     549.12948847      
-814     548.35797882      
-816     547.58233547      
-818     546.80407619      
-820     546.02549505      
-822     545.24198627      
-824     544.45779562      
-826     543.66951418      
-828     542.88177633      
-830     542.09125423      
-832     541.29869556      
-834     540.50492906      
-836     539.70827818      
-838     538.90986156      
-840     538.10778951      
-842     537.30457926      
-844     536.50075722      
-846     535.69091034      
-848     534.87962961      
-850     534.06788063      
-852     533.25231647      
-854     532.43758678      
-856     531.61894798      
-858     530.79785013      
-860     529.97317743      
-862     529.14840412      
-864     528.32042312      
-866     527.49045467      
-868     526.65792990      
-870     525.82511663      
-872     524.98804855      
-874     524.15080595      
-876     523.30884743      
-878     522.46460724      
-880     521.62120819      
-882     520.77354336      
-884     519.92416048      
-886     519.07218313      
-888     518.21781683      
-890     517.36268091      
-892     516.50439167      
-894     515.64394569      
-896     514.77953481      
-898     513.91363048      
-900     513.04382801      
-902     512.17502212      
-904     511.30119324      
-906     510.42725801      
-908     509.55242824      
-910     508.67125988      
-912     507.78878784      
-914     506.90431833      
-916     506.01673507      
-918     505.12731314      
-920     504.23630953      
-922     503.34268522      
-924     502.44605017      
-926     501.54772997      
-928     500.64636135      
-930     499.74167394      
-932     498.83562708      
-934     497.92738294      
-936     497.01585150      
-938     496.10287761      
-940     495.18780374      
-942     494.27206182      
-944     493.35118246      
-946     492.42855692      
-948     491.50178766      
-950     490.57251787      
-952     489.64448547      
-954     488.70926332      
-956     487.77498483      
-958     486.83769178      
-960     485.89826631      
-962     484.95521641      
-964     484.01053667      
-966     483.06214189      
-968     482.11346483      
-970     481.16017103      
-972     480.20500850      
-974     479.24656963      
-976     478.28809833      
-978     477.32428026      
-980     476.35880804      
-982     475.38880729      
-984     474.41856527      
-986     473.44410038      
-988     472.46687460      
-990     471.48706245      
-992     470.50548124      
-994     469.52242136      
-996     468.53559017      
-998     467.54658222      
-1000    466.55079222      
-1002    465.55374718      
-1004    464.55626726      
-1006    463.55493879      
-1008    462.54946852      
-1010    461.54519796      
-1012    460.53501558      
-1014    459.52291488      
-1016    458.50806331      
-1018    457.48834896      
-1020    456.47078037      
-1022    455.44651508      
-1024    454.41956901      
-1026    453.39014816      
-1028    452.35922575      
-1030    451.32536030      
-1032    450.28816557      
-1034    449.24861240      
-1036    448.20576763      
-1038    447.15827322      
-1040    446.10844278      
-1042    445.05678558      
-1044    444.00308800      
-1046    442.94448805      
-1048    441.88279247      
-1050    440.81813144      
-1052    439.75068950      
-1054    438.68144607      
-1056    437.60863304      
-1058    436.53322935      
-1060    435.45479488      
-1062    434.37081909      
-1064    433.28800821      
-1066    432.20011759      
-1068    431.10799408      
-1070    430.01268101      
-1072    428.91199493      
-1074    427.80964041      
-1076    426.70792961      
-1078    425.59924412      
-1080    424.49029589      
-1082    423.37783670      
-1084    422.26192283      
-1086    421.13947725      
-1088    420.01479244      
-1090    418.88840484      
-1092    417.75495577      
-1094    416.62344312      
-1096    415.48290252      
-1098    414.34208822      
-1100    413.19902372      
-1102    412.04953575      
-1104    410.89640760      
-1106    409.74157047      
-1108    408.58178901      
-1110    407.41954469      
-1112    406.25580168      
-1114    405.08765602      
-1116    403.91445637      
-1118    402.73820257      
-1120    401.55880356      
-1122    400.37433338      
-1124    399.18734979      
-1126    397.99618196      
-1128    396.80021286      
-1130    395.60155487      
-1132    394.40057802      
-1134    393.19444561      
-1136    391.98672485      
-1138    390.77280855      
-1140    389.55225420      
-1142    388.33348942      
-1144    387.10946750      
-1146    385.87832928      
-1148    384.64520645      
-1150    383.41168880      
-1152    382.17277336      
-1154    380.92946100      
-1156    379.68191671      
-1158    378.43053102      
-1160    377.17491770      
-1162    375.91403723      
-1164    374.64874267      
-1166    373.38163948      
-1168    372.10932445      
-1170    370.83191585      
-1172    369.54922581      
-1174    368.26535559      
-1176    366.97301101      
-1178    365.67702150      
-1180    364.37886953      
-1182    363.07204485      
-1184    361.76572275      
-1186    360.45120382      
-1188    359.13800192      
-1190    357.81693840      
-1192    356.48934316      
-1194    355.15842914      
-1196    353.82621193      
-1198    352.48507976      
-1200    351.14035654      
-1202    349.79217386      
-1204    348.43905639      
-1206    347.07507610      
-1208    345.71147966      
-1210    344.34219169      
-1212    342.96494818      
-1214    341.58466434      
-1216    340.19654178      
-1218    338.80906820      
-1220    337.41293287      
-1222    336.00856590      
-1224    334.60497236      
-1226    333.19391918      
-1228    331.77544880      
-1230    330.35305738      
-1232    328.92442417      
-1234    327.49488687      
-1236    326.05350685      
-1238    324.60799932      
-1240    323.15864658      
-1242    321.70040703      
-1244    320.23865318      
-1246    318.77190876      
-1248    317.29739046      
-1250    315.82075023      
-1252    314.33994055      
-1254    312.85091877      
-1256    311.35357666      
-1258    309.84928274      
-1260    308.34058571      
-1262    306.82334184      
-1264    305.30196905      
-1266    303.76851940      
-1268    302.23280287      
-1270    300.69105911      
-1272    299.14164781      
-1274    297.58688021      
-1276    296.02737760      
-1278    294.45538378      
-1280    292.88034868      
-1282    291.29613161      
-1284    289.70559835      
-1286    288.10841846      
-1288    286.50049305      
-1290    284.88666677      
-1292    283.26848793      
-1294    281.63574409      
-1296    279.99880075      
-1298    278.35538769      
-1300    276.70788860      
-1302    275.04762935      
-1304    273.38417721      
-1306    271.71138763      
-1308    270.02482462      
-1310    268.33074474      
-1312    266.63092804      
-1314    264.92394972      
-1316    263.20489883      
-1318    261.47892856      
-1320    259.74400854      
-1322    257.99487877      
-1324    256.24277782      
-1326    254.48230076      
-1328    252.70891189      
-1330    250.92808103      
-1332    249.13209343      
-1334    247.33248615      
-1336    245.52569103      
-1338    243.71171808      
-1340    241.88257265      
-1342    240.04608249      
-1344    238.19618034      
-1346    236.33283710      
-1348    234.45594549      
-1350    232.57429790      
-1352    230.67855215      
-1354    228.77406454      
-1356    226.85573530      
-1358    224.93159389      
-1360    222.98879337      
-1362    221.03821897      
-1364    219.07453728      
-1366    217.10491133      
-1368    215.11436462      
-1370    213.11484718      
-1372    211.10242510      
-1374    209.07433462      
-1376    207.03571749      
-1378    204.98356581      
-1380    202.92195034      
-1382    200.84361982      
-1384    198.74769306      
-1386    196.63774729      
-1388    194.51671696      
-1390    192.38037062      
-1392    190.22590494      
-1394    188.05847597      
-1396    185.87869072      
-1398    183.68000221      
-1400    181.46321916      
-1402    179.23337412      
-1404    176.98872471      
-1406    174.72415304      
-1408    172.43954658      
-1410    170.14585256      
-1412    167.82333612      
-1414    165.48225450      
-1416    163.12147665      
-1418    160.74031734      
-1420    158.34473944      
-1422    155.92797994      
-1424    153.49027061      
-1426    151.02236986      
-1428    148.53134441      
-1430    146.02480459      
-1432    143.49766302      
-1434    140.94322586      
-1436    138.37004041      
-1438    135.76066971      
-1440    133.13330459      
-1442    130.48308611      
-1444    127.80836677      
-1446    125.10531521      
-1448    122.37132740      
-1450    119.60614776      
-1452    116.81389952      
-1454    113.98498726      
-1456    111.13584089      
-1458    108.24531746      
-1460    105.31145096      
-1462    102.35112858      
-1464    99.35278368       
-1466    96.31023979       
-1468    93.22695207       
-1470    90.10401583       
-1472    86.93697166       
-1474    83.73448372       
-1476    80.47121382       
-1478    77.16105938       
-1480    73.79508781       
-1482    70.36789131       
-1484    66.89171123       
-1486    63.33181143       
-1488    59.71025514       
-1490    55.99341965       
-1492    52.21257019       
-1494    48.34485721       
-1496    44.38272095       
-1498    40.30200338       
-1500    36.10948658       
-1502    31.77718019       
-1504    27.28126097       
-1506    22.60030794       
-1508    17.68960380       
-1510    12.46811533       
-1512    6.80762291        
-1514    0.42557859        
