26.00    18.00    86.00    168.00   -36.00   228.00   192.00   266.00   82.00    -272.00  
298.00   -178.00  -46.00   -136.00  4.00     -344.00  -98.00   -22.00   -346.00  152.00   
162.00   -220.00  376.00   -108.00  222.00   54.00    232.00   -106.00  56.00    -340.00  
-92.00   192.00   66.00    70.00    -392.00  -266.00  -112.00  266.00   174.00   -56.00   
54.00    -108.00  -34.00   -292.00  152.00   172.00   -54.00   236.00   418.00   -112.00  
-20.00   58.00    4.00     -22.00   168.00   122.00   156.00   -294.00  2.00     -342.00  
-130.00  250.00   90.00    -96.00   -10.00   138.00   84.00    22.00    70.00    -372.00  
-82.00   -24.00   62.00    -94.00   -184.00  152.00   -312.00  -436.00  280.00   28.00    
126.00   134.00   28.00    -286.00  550.00   -144.00  38.00    -150.00  202.00   108.00   
80.00    -2.00    196.00   30.00    292.00   -302.00  -30.00   0.00     -34.00   -242.00  
-180.00  116.00   80.00    90.00    -382.00  -166.00  -104.00  -162.00  -16.00   154.00   
264.00   36.00    -60.00   126.00   -240.00  -188.00  120.00   222.00   -60.00   -318.00  
88.00    86.00    -100.00  138.00   -212.00  -126.00  -220.00  472.00   318.00   280.00   
104.00   -136.00  -60.00   -50.00   134.00   12.00    -252.00  42.00    272.00   300.00   
178.00   216.00   -236.00  -136.00  118.00   68.00    208.00   408.00   94.00    208.00   
-214.00  -56.00   390.00   198.00   276.00   308.00   108.00   110.00   -208.00  -256.00  
80.00    118.00   176.00   -532.00  30.00    74.00    484.00   180.00   360.00   140.00   
-68.00   -308.00  -12.00   -146.00  -100.00  30.00    106.00   -106.00  246.00   28.00    
-148.00  334.00   0.00     108.00   98.00    278.00   -8.00    302.00   606.00   -568.00  
18.00    76.00    -226.00  62.00    222.00   166.00   120.00   22.00    58.00    -138.00  
