-750.00    -748.00    -754.00    -754.00    -756.00    -756.00    -754.00    -756.00    -758.00    -754.00    
-750.00    -756.00    -756.00    -752.00    -756.00    -754.00    -752.00    -758.00    -756.00    -752.00    
-742.00    -750.00    -750.00    -754.00    -756.00    -750.00    -746.00    -754.00    -754.00    -758.00    
-752.00    -754.00    -754.00    -756.00    -754.00    -752.00    -756.00    -754.00    -758.00    -754.00    
-748.00    -750.00    -756.00    -754.00    -752.00    -754.00    -758.00    -756.00    -754.00    -754.00    
-752.00    -754.00    -748.00    -754.00    -754.00    -756.00    -754.00    -756.00    -756.00    -758.00    
-744.00    -758.00    -752.00    -754.00    -756.00    -756.00    -756.00    -758.00    -756.00    -758.00    
-750.00    -752.00    -746.00    -754.00    -752.00    -752.00    -754.00    -752.00    -758.00    -754.00    
-752.00    -750.00    -746.00    -754.00    -754.00    -754.00    -758.00    -758.00    -758.00    -758.00    
-742.00    -754.00    -748.00    -754.00    -754.00    -754.00    -752.00    -756.00    -758.00    -750.00    
-748.00    -752.00    -756.00    -752.00    -756.00    -758.00    -756.00    -752.00    -754.00    -758.00    
-748.00    -748.00    -756.00    -756.00    -756.00    -758.00    -756.00    -754.00    -756.00    -758.00    
-754.00    -742.00    -756.00    -748.00    -756.00    -758.00    -758.00    -758.00    -756.00    -756.00    
-752.00    -748.00    -752.00    -756.00    -758.00    -758.00    -756.00    -756.00    -756.00    -758.00    
-744.00    -754.00    -754.00    -744.00    -754.00    -758.00    -754.00    -756.00    -758.00    -758.00    
-744.00    -748.00    -754.00    -750.00    -756.00    -758.00    -756.00    -754.00    -756.00    -758.00    
-746.00    -754.00    -752.00    -750.00    -752.00    -752.00    -754.00    -756.00    -756.00    -758.00    
-750.00    -748.00    -750.00    -756.00    -758.00    -754.00    -756.00    -756.00    -754.00    -758.00    
-754.00    -754.00    -752.00    -756.00    -752.00    -758.00    -758.00    -756.00    -756.00    -758.00    
-748.00    -754.00    -750.00    -758.00    -756.00    -752.00    -754.00    -754.00    -754.00    -756.00    
-750.00    -754.00    -752.00    -750.00    -754.00    -752.00    -758.00    -756.00    -756.00    -758.00    
-748.00    -750.00    -758.00    -750.00    -752.00    -752.00    -758.00    -758.00    -754.00    -758.00    
-744.00    -746.00    -752.00    -752.00    -758.00    -752.00    -758.00    -758.00    -756.00    -750.00    
-748.00    -750.00    -754.00    -750.00    -756.00    -754.00    -756.00    -750.00    -758.00    -758.00    
-750.00    -750.00    -746.00    -754.00    -756.00    -754.00    -758.00    -756.00    -756.00    -756.00    
-754.00    -752.00    -754.00    -754.00    -754.00    -758.00    -756.00    -758.00    -758.00    -758.00    
-744.00    -750.00    -756.00    -756.00    -756.00    -754.00    -756.00    -756.00    -756.00    -756.00    
-744.00    -756.00    -750.00    -750.00    -756.00    -756.00    -754.00    -756.00    -758.00    -758.00    
-750.00    -756.00    -752.00    -752.00    -756.00    -750.00    -756.00    -758.00    -754.00    -758.00    
-752.00    -756.00    -754.00    -754.00    -750.00    -756.00    -754.00    -752.00    -756.00    -754.00    
-744.00    -754.00    -752.00    -750.00    -756.00    -758.00    -752.00    -756.00    -756.00    -758.00    
-754.00    -754.00    -746.00    -756.00    -754.00    -758.00    -754.00    -752.00    -758.00    -758.00    
-744.00    -758.00    -750.00    -750.00    -756.00    -752.00    -752.00    -754.00    -756.00    -758.00    
-738.00    -754.00    -754.00    -756.00    -756.00    -758.00    -754.00    -756.00    -758.00    -758.00    
-754.00    -748.00    -752.00    -756.00    -754.00    -756.00    -756.00    -758.00    -756.00    -754.00    
-752.00    -738.00    -754.00    -756.00    -752.00    -754.00    -754.00    -754.00    -758.00    -758.00    
-740.00    -750.00    -748.00    -752.00    -754.00    -756.00    -754.00    -758.00    -756.00    -756.00    
-756.00    -746.00    -758.00    -758.00    -754.00    -754.00    -756.00    -752.00    -756.00    -756.00    
-744.00    -748.00    -754.00    -754.00    -756.00    -756.00    -756.00    -756.00    -758.00    -756.00    
-744.00    -746.00    -752.00    -756.00    -748.00    -752.00    -758.00    -758.00    -758.00    -756.00    
-736.00    -742.00    -752.00    -748.00    -756.00    -748.00    -756.00    -758.00    -754.00    -758.00    
-748.00    -754.00    -744.00    -752.00    -756.00    -756.00    -756.00    -754.00    -756.00    -756.00    
-748.00    -758.00    -758.00    -758.00    -752.00    -750.00    -758.00    -756.00    -754.00    -758.00    
-752.00    -748.00    -750.00    -752.00    -756.00    -756.00    -754.00    -758.00    -756.00    -756.00    
-752.00    -754.00    -754.00    -752.00    -758.00    -752.00    -756.00    -756.00    -754.00    -754.00    
-754.00    -752.00    -754.00    -748.00    -754.00    -754.00    -758.00    -754.00    -756.00    -756.00    
-742.00    -756.00    -752.00    -744.00    -752.00    -756.00    -758.00    -754.00    -758.00    -756.00    
-746.00    -754.00    -756.00    -752.00    -750.00    -758.00    -754.00    -758.00    -756.00    -756.00    
-738.00    -750.00    -750.00    -756.00    -754.00    -746.00    -756.00    -758.00    -758.00    -758.00    
-748.00    -746.00    -746.00    -756.00    -758.00    -752.00    -758.00    -758.00    -756.00    -756.00    
-748.00    -754.00    -754.00    -756.00    -752.00    -748.00    -758.00    -754.00    -756.00    -756.00    
-738.00    -754.00    -748.00    -758.00    -756.00    -754.00    -752.00    -758.00    -756.00    -754.00    
-754.00    -742.00    -750.00    -752.00    -754.00    -754.00    -758.00    -756.00    -756.00    -758.00    
-752.00    -758.00    -752.00    -752.00    -754.00    -756.00    -754.00    -756.00    -758.00    -756.00    
-750.00    -752.00    -748.00    -754.00    -750.00    -758.00    -754.00    -756.00    -754.00    -758.00    
-752.00    -748.00    -756.00    -756.00    -758.00    -756.00    -756.00    -758.00    -758.00    -756.00    
-744.00    -756.00    -746.00    -756.00    -758.00    -756.00    -752.00    -758.00    -754.00    -756.00    
-752.00    -746.00    -758.00    -748.00    -756.00    -756.00    -754.00    -754.00    -758.00    -754.00    
-740.00    -754.00    -754.00    -756.00    -754.00    -758.00    -758.00    -756.00    -758.00    -756.00    
-738.00    -754.00    -752.00    -754.00    -754.00    -754.00    -756.00    -756.00    -756.00    -758.00    
-744.00    -748.00    -756.00    -754.00    -758.00    -754.00    -756.00    -758.00    -758.00    -758.00    
-754.00    -752.00    -750.00    -752.00    -754.00    -750.00    -756.00    -756.00    -756.00    -756.00    
-746.00    -744.00    -758.00    -756.00    -756.00    -754.00    -756.00    -756.00    -756.00    -754.00    
-748.00    -752.00    -752.00    -754.00    -756.00    -754.00    -756.00    -754.00    -756.00    -756.00    
-748.00    -752.00    -754.00    -758.00    -756.00    -756.00    -756.00    -758.00    -758.00    -756.00    
-752.00    -754.00    -754.00    -754.00    -756.00    -756.00    -758.00    -756.00    -758.00    -758.00    
-744.00    -740.00    -752.00    -756.00    -758.00    -752.00    -750.00    -748.00    -756.00    -758.00    
-754.00    -754.00    -752.00    -756.00    -752.00    -752.00    -758.00    -756.00    -758.00    -758.00    
-748.00    -748.00    -754.00    -754.00    -756.00    -748.00    -756.00    -754.00    -758.00    -754.00    
-746.00    -754.00    -752.00    -754.00    -754.00    -758.00    -752.00    -756.00    -756.00    -756.00    
-750.00    -752.00    -752.00    -756.00    -754.00    -754.00    -758.00    -756.00    -756.00    -756.00    
-752.00    -748.00    -748.00    -756.00    -754.00    -754.00    -748.00    -754.00    -758.00    -758.00    
-746.00    -744.00    -756.00    -750.00    -756.00    -754.00    -754.00    -756.00    -756.00    -758.00    
-756.00    -752.00    -756.00    -748.00    -756.00    -748.00    -758.00    -758.00    -754.00    -758.00    
-748.00    -756.00    -758.00    -756.00    -756.00    -756.00    -756.00    -756.00    -758.00    -756.00    
-750.00    -750.00    -754.00    -758.00    -754.00    -752.00    -756.00    -758.00    -756.00    -758.00    
-752.00    -750.00    -740.00    -752.00    -756.00    -754.00    -756.00    -758.00    -758.00    -758.00    
-748.00    -748.00    -754.00    -754.00    -756.00    -756.00    -758.00    -756.00    -756.00    -756.00    
-748.00    -750.00    -748.00    -756.00    -756.00    -756.00    -754.00    -758.00    -758.00    -758.00    
-752.00    -744.00    -752.00    -754.00    -756.00    -752.00    -756.00    -754.00    -756.00    -754.00    
-756.00    -746.00    -754.00    -746.00    -750.00    -754.00    -758.00    -754.00    -756.00    -750.00    
-742.00    -754.00    -752.00    -746.00    -758.00    -758.00    -754.00    -756.00    -756.00    -756.00    
-744.00    -752.00    -752.00    -754.00    -756.00    -756.00    -752.00    -752.00    -758.00    -756.00    
-750.00    -756.00    -752.00    -754.00    -758.00    -758.00    -758.00    -754.00    -758.00    -756.00    
-748.00    -750.00    -756.00    -752.00    -754.00    -752.00    -758.00    -758.00    -758.00    -756.00    
-744.00    -748.00    -750.00    -752.00    -756.00    -758.00    -758.00    -756.00    -758.00    -756.00    
-750.00    -742.00    -752.00    -752.00    -754.00    -758.00    -758.00    -756.00    -754.00    -756.00    
-744.00    -758.00    -750.00    -752.00    -752.00    -756.00    -756.00    -758.00    -758.00    -754.00    
-750.00    -744.00    -754.00    -750.00    -758.00    -754.00    -756.00    -756.00    -756.00    -758.00    
-742.00    -746.00    -756.00    -746.00    -758.00    -752.00    -754.00    -754.00    -758.00    -756.00    
-752.00    -744.00    -750.00    -756.00    -756.00    -756.00    -758.00    -758.00    -756.00    -754.00    
-750.00    -752.00    -756.00    -750.00    -758.00    -754.00    -752.00    -758.00    -758.00    -758.00    
-740.00    -754.00    -754.00    -748.00    -756.00    -754.00    -758.00    -750.00    -756.00    -756.00    
-748.00    -752.00    -750.00    -756.00    -746.00    -756.00    -756.00    -756.00    -754.00    -754.00    
-746.00    -754.00    -756.00    -754.00    -754.00    -758.00    -758.00    -758.00    -758.00    -758.00    
-748.00    -746.00    -754.00    -754.00    -758.00    -756.00    -754.00    -758.00    -756.00    -758.00    
-732.00    -750.00    -752.00    -742.00    -752.00    -752.00    -756.00    -756.00    -756.00    -758.00    
-746.00    -750.00    -750.00    -752.00    -754.00    -754.00    -756.00    -752.00    -756.00    -754.00    
-754.00    -744.00    -750.00    -756.00    -754.00    -756.00    -754.00    -754.00    -752.00    -756.00    
-758.00    -754.00    -754.00    -748.00    -754.00    -754.00    -756.00    -758.00    -756.00    -756.00    
-750.00    -740.00    -750.00    -752.00    -752.00    -756.00    -758.00    -758.00    -752.00    -758.00    
-752.00    -748.00    -750.00    -750.00    -756.00    -754.00    -754.00    -758.00    -756.00    -756.00    
-748.00    -748.00    -752.00    -756.00    -752.00    -756.00    -758.00    -752.00    -758.00    -758.00    
-748.00    -748.00    -746.00    -752.00    -754.00    -758.00    -756.00    -756.00    -758.00    -758.00    
-752.00    -748.00    -748.00    -758.00    -754.00    -754.00    -756.00    -756.00    -756.00    -754.00    
-752.00    -754.00    -748.00    -752.00    -754.00    -756.00    -758.00    -756.00    -758.00    -758.00    
-742.00    -752.00    -752.00    -754.00    -756.00    -756.00    -758.00    -756.00    -756.00    -756.00    
-748.00    -748.00    -750.00    -746.00    -756.00    -752.00    -756.00    -758.00    -758.00    -758.00    
-750.00    -752.00    -748.00    -746.00    -752.00    -756.00    -756.00    -752.00    -754.00    -758.00    
-748.00    -750.00    -750.00    -754.00    -752.00    -756.00    -752.00    -758.00    -756.00    -758.00    
-752.00    -750.00    -758.00    -750.00    -758.00    -756.00    -752.00    -758.00    -758.00    -758.00    
-752.00    -756.00    -752.00    -752.00    -752.00    -758.00    -756.00    -752.00    -752.00    -756.00    
-750.00    -754.00    -752.00    -758.00    -754.00    -752.00    -756.00    -750.00    -758.00    -758.00    
-750.00    -752.00    -752.00    -754.00    -750.00    -758.00    -752.00    -754.00    -752.00    -758.00    
-750.00    -738.00    -758.00    -748.00    -750.00    -752.00    -756.00    -756.00    -756.00    -756.00    
-740.00    -748.00    -748.00    -758.00    -756.00    -758.00    -754.00    -758.00    -754.00    -756.00    
-744.00    -748.00    -756.00    -754.00    -756.00    -750.00    -756.00    -754.00    -758.00    -758.00    
-748.00    -752.00    -750.00    -752.00    -756.00    -756.00    -758.00    -758.00    -758.00    -752.00    
-756.00    -750.00    -756.00    -740.00    -754.00    -754.00    -752.00    -758.00    -756.00    -758.00    
-752.00    -756.00    -750.00    -756.00    -754.00    -756.00    -756.00    -756.00    -756.00    -758.00    
-750.00    -754.00    -754.00    -758.00    -754.00    -754.00    -756.00    -758.00    -754.00    -756.00    
-752.00    -752.00    -750.00    -754.00    -754.00    -758.00    -758.00    -754.00    -756.00    -756.00    
-750.00    -754.00    -754.00    -750.00    -756.00    -756.00    -754.00    -754.00    -756.00    -758.00    
-736.00    -754.00    -748.00    -750.00    -758.00    -748.00    -754.00    -758.00    -758.00    -758.00    
-748.00    -748.00    -752.00    -754.00    -756.00    -756.00    -756.00    -756.00    -758.00    -758.00    
-748.00    -750.00    -744.00    -754.00    -748.00    -758.00    -754.00    -756.00    -756.00    -756.00    
-740.00    -750.00    -754.00    -752.00    -758.00    -756.00    -756.00    -754.00    -758.00    -758.00    
-750.00    -754.00    -748.00    -748.00    -752.00    -754.00    -754.00    -756.00    -754.00    -754.00    
-758.00    -752.00    -750.00    -754.00    -754.00    -756.00    -756.00    -756.00    -758.00    -758.00    
-746.00    -752.00    -752.00    -748.00    -758.00    -756.00    -758.00    -756.00    -750.00    -754.00    
-748.00    -752.00    -752.00    -752.00    -754.00    -752.00    -756.00    -758.00    -756.00    -752.00    
-752.00    -756.00    -752.00    -752.00    -752.00    -754.00    -756.00    -758.00    -756.00    -758.00    
-742.00    -744.00    -758.00    -756.00    -758.00    -756.00    -746.00    -756.00    -758.00    -754.00    
-748.00    -754.00    -754.00    -752.00    -752.00    -758.00    -752.00    -756.00    -758.00    -758.00    
-746.00    -750.00    -746.00    -754.00    -758.00    -758.00    -750.00    -756.00    -756.00    -756.00    
-752.00    -752.00    -750.00    -748.00    -754.00    -756.00    -754.00    -752.00    -754.00    -758.00    
-746.00    -738.00    -758.00    -754.00    -758.00    -752.00    -758.00    -754.00    -758.00    -758.00    
-742.00    -754.00    -752.00    -754.00    -756.00    -756.00    -754.00    -758.00    -756.00    -756.00    
-744.00    -752.00    -752.00    -752.00    -754.00    -752.00    -756.00    -754.00    -756.00    -758.00    
-746.00    -756.00    -750.00    -752.00    -748.00    -756.00    -752.00    -754.00    -756.00    -758.00    
-754.00    -750.00    -756.00    -754.00    -754.00    -758.00    -756.00    -758.00    -756.00    -758.00    
-756.00    -754.00    -750.00    -754.00    -754.00    -756.00    -758.00    -756.00    -758.00    -756.00    
-750.00    -750.00    -752.00    -752.00    -746.00    -756.00    -754.00    -758.00    -758.00    -756.00    
-746.00    -748.00    -750.00    -746.00    -754.00    -752.00    -752.00    -756.00    -758.00    -756.00    
-744.00    -746.00    -756.00    -750.00    -756.00    -746.00    -758.00    -758.00    -758.00    -756.00    
-742.00    -748.00    -744.00    -754.00    -752.00    -756.00    -754.00    -758.00    -756.00    -756.00    
-748.00    -754.00    -744.00    -746.00    -758.00    -754.00    -756.00    -754.00    -754.00    -758.00    
-744.00    -746.00    -750.00    -752.00    -748.00    -758.00    -756.00    -754.00    -758.00    -758.00    
-746.00    -746.00    -754.00    -752.00    -752.00    -752.00    -758.00    -758.00    -756.00    -758.00    
-746.00    -752.00    -746.00    -750.00    -758.00    -756.00    -750.00    -756.00    -756.00    -758.00    
-748.00    -756.00    -746.00    -754.00    -756.00    -756.00    -752.00    -752.00    -758.00    -758.00    
-740.00    -750.00    -752.00    -754.00    -752.00    -754.00    -754.00    -756.00    -758.00    -756.00    
-740.00    -750.00    -752.00    -754.00    -756.00    -752.00    -756.00    -752.00    -758.00    -756.00    
-750.00    -746.00    -748.00    -754.00    -756.00    -754.00    -754.00    -756.00    -756.00    -758.00    
-750.00    -754.00    -750.00    -758.00    -758.00    -758.00    -758.00    -758.00    -758.00    -758.00    
-748.00    -752.00    -758.00    -750.00    -752.00    -756.00    -754.00    -754.00    -754.00    -758.00    
-750.00    -744.00    -742.00    -754.00    -756.00    -756.00    -758.00    -756.00    -758.00    -756.00    
-750.00    -742.00    -756.00    -754.00    -752.00    -758.00    -752.00    -754.00    -756.00    -756.00    
-746.00    -750.00    -750.00    -754.00    -756.00    -756.00    -754.00    -756.00    -754.00    -754.00    
-750.00    -750.00    -758.00    -752.00    -754.00    -756.00    -754.00    -752.00    -754.00    -758.00    
-750.00    -752.00    -756.00    -754.00    -744.00    -756.00    -758.00    -758.00    -752.00    -758.00    
-744.00    -754.00    -750.00    -750.00    -750.00    -744.00    -756.00    -756.00    -756.00    -758.00    
-754.00    -742.00    -750.00    -754.00    -758.00    -754.00    -752.00    -758.00    -756.00    -758.00    
-750.00    -748.00    -750.00    -750.00    -752.00    -748.00    -756.00    -756.00    -756.00    -750.00    
-752.00    -756.00    -752.00    -756.00    -756.00    -752.00    -756.00    -756.00    -754.00    -756.00    
-746.00    -748.00    -738.00    -754.00    -754.00    -752.00    -754.00    -758.00    -758.00    -758.00    
-752.00    -748.00    -752.00    -754.00    -746.00    -750.00    -756.00    -752.00    -758.00    -756.00    
-746.00    -750.00    -754.00    -754.00    -752.00    -756.00    -756.00    -756.00    -758.00    -758.00    
-752.00    -752.00    -752.00    -754.00    -758.00    -756.00    -756.00    -754.00    -754.00    -756.00    
-740.00    -746.00    -758.00    -754.00    -756.00    -752.00    -754.00    -758.00    -758.00    -756.00    
-748.00    -750.00    -752.00    -752.00    -756.00    -756.00    -756.00    -758.00    -756.00    -758.00    
-746.00    -750.00    -758.00    -756.00    -754.00    -758.00    -750.00    -756.00    -754.00    -756.00    
-750.00    -740.00    -750.00    -752.00    -758.00    -754.00    -752.00    -754.00    -758.00    -754.00    
-746.00    -748.00    -752.00    -756.00    -750.00    -758.00    -756.00    -758.00    -758.00    -756.00    
-752.00    -752.00    -754.00    -758.00    -752.00    -754.00    -756.00    -756.00    -756.00    -758.00    
-750.00    -740.00    -756.00    -750.00    -754.00    -758.00    -756.00    -756.00    -754.00    -758.00    
-748.00    -750.00    -752.00    -756.00    -754.00    -758.00    -758.00    -754.00    -756.00    -758.00    
-746.00    -756.00    -756.00    -754.00    -758.00    -756.00    -756.00    -758.00    -756.00    -756.00    
-750.00    -752.00    -756.00    -750.00    -754.00    -756.00    -756.00    -758.00    -756.00    -758.00    
-752.00    -754.00    -756.00    -750.00    -754.00    -756.00    -758.00    -754.00    -756.00    -758.00    
-750.00    -756.00    -752.00    -752.00    -754.00    -750.00    -758.00    -756.00    -758.00    -756.00    
-752.00    -754.00    -752.00    -752.00    -756.00    -754.00    -756.00    -752.00    -758.00    -754.00    
-750.00    -750.00    -754.00    -746.00    -756.00    -758.00    -754.00    -756.00    -758.00    -758.00    
-750.00    -746.00    -754.00    -752.00    -756.00    -756.00    -756.00    -756.00    -756.00    -756.00    
-756.00    -748.00    -754.00    -758.00    -754.00    -758.00    -756.00    -756.00    -754.00    -758.00    
-740.00    -748.00    -752.00    -754.00    -756.00    -752.00    -748.00    -756.00    -758.00    -758.00    
-740.00    -756.00    -754.00    -758.00    -758.00    -752.00    -752.00    -754.00    -758.00    -758.00    
-752.00    -754.00    -754.00    -752.00    -756.00    -752.00    -758.00    -756.00    -758.00    -758.00    
-756.00    -750.00    -756.00    -756.00    -756.00    -754.00    -754.00    -754.00    -754.00    -758.00    
-744.00    -746.00    -752.00    -750.00    -752.00    -756.00    -754.00    -758.00    -754.00    -758.00    
-750.00    -750.00    -746.00    -754.00    -752.00    -756.00    -758.00    -752.00    -756.00    -758.00    
-750.00    -748.00    -750.00    -756.00    -756.00    -756.00    -756.00    -758.00    -754.00    -758.00    
-744.00    -742.00    -758.00    -756.00    -750.00    -756.00    -756.00    -756.00    -756.00    -758.00    
-744.00    -744.00    -756.00    -756.00    -756.00    -746.00    -750.00    -758.00    -758.00    -758.00    
-742.00    -744.00    -756.00    -754.00    -756.00    -758.00    -756.00    -756.00    -756.00    -756.00    
-748.00    -750.00    -754.00    -752.00    -754.00    -756.00    -756.00    -754.00    -754.00    -756.00    
-752.00    -752.00    -754.00    -752.00    -758.00    -756.00    -754.00    -752.00    -756.00    -756.00    
-752.00    -746.00    -754.00    -758.00    -758.00    -758.00    -754.00    -756.00    -754.00    -758.00    
-746.00    -750.00    -752.00    -754.00    -756.00    -756.00    -756.00    -758.00    -758.00    -754.00    
-754.00    -748.00    -750.00    -756.00    -754.00    -756.00    -756.00    -752.00    -756.00    -758.00    
-744.00    -750.00    -752.00    -758.00    -758.00    -752.00    -752.00    -752.00    -758.00    -756.00    
-744.00    -756.00    -748.00    -756.00    -750.00    -756.00    -756.00    -752.00    -754.00    -758.00    
-752.00    -746.00    -752.00    -756.00    -758.00    -752.00    -758.00    -756.00    -758.00    -756.00    
-752.00    -746.00    -752.00    -750.00    -754.00    -758.00    -756.00    -756.00    -758.00    -756.00    
-754.00    -752.00    -752.00    -758.00    -754.00    -754.00    -752.00    -758.00    -758.00    -758.00    
-746.00    -744.00    -754.00    -752.00    -754.00    -754.00    -750.00    -758.00    -756.00    -756.00    
-750.00    -748.00    -752.00    -750.00    -754.00    -752.00    -758.00    -752.00    -756.00    -756.00    
-746.00    -750.00    -752.00    -748.00    -756.00    -758.00    -758.00    -754.00    -754.00    -758.00    
-754.00    -754.00    -750.00    -754.00    -758.00    -752.00    -756.00    -756.00    -754.00    -758.00    
-754.00    -748.00    -754.00    -754.00    -754.00    -748.00    -754.00    -758.00    -758.00    -756.00    
-752.00    -748.00    -752.00    -754.00    -752.00    -758.00    -752.00    -758.00    -758.00    -756.00    
-750.00    -752.00    -754.00    -756.00    -754.00    -756.00    -758.00    -758.00    -754.00    -758.00    
-750.00    -758.00    -758.00    -754.00    -754.00    -754.00    -754.00    -758.00    -758.00    -754.00    
-750.00    -742.00    -756.00    -756.00    -756.00    -754.00    -752.00    -758.00    -756.00    -758.00    
-752.00    -750.00    -750.00    -754.00    -754.00    -756.00    -752.00    -756.00    -754.00    -756.00    
-748.00    -750.00    -754.00    -754.00    -756.00    -752.00    -752.00    -756.00    -752.00    -756.00    
-748.00    -746.00    -744.00    -754.00    -756.00    -752.00    -754.00    -752.00    -756.00    -756.00    
-742.00    -750.00    -750.00    -754.00    -756.00    -758.00    -756.00    -758.00    -758.00    -758.00    
-748.00    -746.00    -750.00    -754.00    -758.00    -758.00    -758.00    -758.00    -756.00    -754.00    
-748.00    -752.00    -748.00    -748.00    -754.00    -758.00    -756.00    -754.00    -756.00    -758.00    
-748.00    -756.00    -752.00    -756.00    -756.00    -758.00    -758.00    -752.00    -758.00    -758.00    
-750.00    -748.00    -752.00    -754.00    -750.00    -758.00    -756.00    -754.00    -756.00    -758.00    
-750.00    -754.00    -752.00    -758.00    -758.00    -750.00    -758.00    -754.00    -758.00    -754.00    
-750.00    -756.00    -754.00    -756.00    -756.00    -756.00    -754.00    -754.00    -758.00    -758.00    
-752.00    -750.00    -754.00    -754.00    -752.00    -754.00    -752.00    -756.00    -756.00    -756.00    
-742.00    -752.00    -750.00    -754.00    -752.00    -756.00    -754.00    -756.00    -756.00    -758.00    
-756.00    -754.00    -750.00    -756.00    -752.00    -754.00    -758.00    -758.00    -750.00    -754.00    
-752.00    -752.00    -752.00    -750.00    -754.00    -756.00    -758.00    -758.00    -758.00    -756.00    
-748.00    -750.00    -750.00    -752.00    -756.00    -754.00    -754.00    -752.00    -756.00    -758.00    
-746.00    -754.00    -752.00    -758.00    -756.00    -754.00    -758.00    -758.00    -758.00    -758.00    
-744.00    -746.00    -748.00    -754.00    -750.00    -758.00    -756.00    -756.00    -758.00    -756.00    
-750.00    -740.00    -752.00    -754.00    -756.00    -754.00    -750.00    -756.00    -756.00    -758.00    
-748.00    -754.00    -752.00    -752.00    -756.00    -756.00    -754.00    -754.00    -756.00    -758.00    
-750.00    -756.00    -752.00    -752.00    -752.00    -750.00    -756.00    -756.00    -752.00    -758.00    
-750.00    -754.00    -750.00    -756.00    -754.00    -754.00    -758.00    -756.00    -756.00    -754.00    
-740.00    -756.00    -758.00    -750.00    -756.00    -756.00    -756.00    -758.00    -754.00    -756.00    
-746.00    -756.00    -756.00    -756.00    -746.00    -756.00    -754.00    -756.00    -756.00    -756.00    
-752.00    -750.00    -754.00    -756.00    -756.00    -752.00    -758.00    -758.00    -756.00    -758.00    
-750.00    -746.00    -752.00    -754.00    -754.00    -756.00    -756.00    -754.00    -758.00    -758.00    
-748.00    -752.00    -756.00    -750.00    -756.00    -758.00    -754.00    -754.00    -756.00    -752.00    
-752.00    -746.00    -746.00    -756.00    -754.00    -750.00    -758.00    -754.00    -756.00    -758.00    
-744.00    -754.00    -752.00    -750.00    -756.00    -754.00    -754.00    -758.00    -756.00    -754.00    
-746.00    -752.00    -752.00    -746.00    -758.00    -758.00    -758.00    -756.00    -756.00    -758.00    
-744.00    -756.00    -756.00    -752.00    -756.00    -754.00    -754.00    -756.00    -756.00    -758.00    
-758.00    -754.00    -752.00    -754.00    -754.00    -754.00    -758.00    -758.00    -756.00    -758.00    
-748.00    -744.00    -750.00    -756.00    -754.00    -756.00    -754.00    -756.00    -758.00    -756.00    
-754.00    -750.00    -752.00    -752.00    -750.00    -758.00    -754.00    -756.00    -758.00    -754.00    
-750.00    -752.00    -752.00    -758.00    -752.00    -756.00    -756.00    -756.00    -758.00    -758.00    
-754.00    -750.00    -746.00    -754.00    -742.00    -754.00    -754.00    -758.00    -756.00    -756.00    
-746.00    -744.00    -752.00    -754.00    -756.00    -756.00    -754.00    -756.00    -756.00    -756.00    
-748.00    -754.00    -756.00    -754.00    -754.00    -754.00    -756.00    -758.00    -756.00    -758.00    
-742.00    -744.00    -740.00    -752.00    -756.00    -748.00    -756.00    -758.00    -756.00    -754.00    
-756.00    -752.00    -752.00    -758.00    -756.00    -756.00    -756.00    -756.00    -758.00    -758.00    
-752.00    -750.00    -754.00    -750.00    -754.00    -758.00    -754.00    -758.00    -758.00    -758.00    
-750.00    -746.00    -746.00    -752.00    -752.00    -758.00    -756.00    -756.00    -754.00    -758.00    
-744.00    -750.00    -746.00    -748.00    -748.00    -756.00    -756.00    -756.00    -758.00    -756.00    
-746.00    -752.00    -750.00    -756.00    -754.00    -756.00    -756.00    -758.00    -756.00    -754.00    
-748.00    -746.00    -748.00    -754.00    -754.00    -752.00    -756.00    -758.00    -756.00    -756.00    
-750.00    -752.00    -754.00    -750.00    -756.00    -758.00    -756.00    -754.00    -758.00    -756.00    
-752.00    -750.00    -750.00    -752.00    -756.00    -758.00    -754.00    -758.00    -758.00    -756.00    
-750.00    -754.00    -754.00    -754.00    -752.00    -752.00    -758.00    -758.00    -754.00    -758.00    
-752.00    -748.00    -752.00    -754.00    -756.00    -752.00    -756.00    -754.00    -758.00    -758.00    
-748.00    -754.00    -752.00    -756.00    -748.00    -756.00    -756.00    -758.00    -758.00    -758.00    
-744.00    -752.00    -752.00    -750.00    -756.00    -752.00    -754.00    -756.00    -758.00    -752.00    
-746.00    -750.00    -754.00    -754.00    -750.00    -756.00    -756.00    -758.00    -756.00    -756.00    
-742.00    -752.00    -756.00    -754.00    -754.00    -756.00    -756.00    -754.00    -758.00    -756.00    
-748.00    -750.00    -748.00    -754.00    -756.00    -758.00    -758.00    -758.00    -758.00    -758.00    
-746.00    -754.00    -754.00    -754.00    -752.00    -758.00    -756.00    -758.00    -758.00    -756.00    
-750.00    -748.00    -744.00    -754.00    -754.00    -754.00    -758.00    -758.00    -758.00    -758.00    
-742.00    -754.00    -756.00    -754.00    -754.00    -756.00    -750.00    -750.00    -752.00    -758.00    
-746.00    -750.00    -752.00    -758.00    -754.00    -754.00    -756.00    -758.00    -756.00    -756.00    
-756.00    -750.00    -756.00    -752.00    -754.00    -756.00    -754.00    -756.00    -758.00    -756.00    
-756.00    -748.00    -756.00    -754.00    -756.00    -748.00    -748.00    -758.00    -758.00    -758.00    
-756.00    -752.00    -752.00    -756.00    -752.00    -756.00    -758.00    -758.00    -756.00    -758.00    
-746.00    -750.00    -750.00    -748.00    -748.00    -754.00    -756.00    -758.00    -756.00    -756.00    
-752.00    -752.00    -752.00    -754.00    -750.00    -754.00    -758.00    -756.00    -756.00    -756.00    
-744.00    -754.00    -752.00    -756.00    -756.00    -758.00    -754.00    -756.00    -754.00    -758.00    
-754.00    -754.00    -752.00    -752.00    -752.00    -756.00    -754.00    -758.00    -754.00    -756.00    
-752.00    -756.00    -754.00    -754.00    -752.00    -754.00    -756.00    -758.00    -756.00    -756.00    
-746.00    -752.00    -754.00    -748.00    -750.00    -758.00    -758.00    -758.00    -756.00    -748.00    
-752.00    -748.00    -756.00    -748.00    -754.00    -758.00    -752.00    -754.00    -754.00    -758.00    
-748.00    -758.00    -748.00    -756.00    -756.00    -758.00    -754.00    -756.00    -758.00    -754.00    
-746.00    -748.00    -752.00    -754.00    -756.00    -752.00    -756.00    -756.00    -758.00    -754.00    
-752.00    -752.00    -750.00    -752.00    -754.00    -754.00    -756.00    -758.00    -758.00    -756.00    
-746.00    -752.00    -756.00    -758.00    -754.00    -754.00    -756.00    -758.00    -756.00    -754.00    
-744.00    -754.00    -746.00    -754.00    -756.00    -754.00    -752.00    -756.00    -758.00    -756.00    
-750.00    -754.00    -756.00    -746.00    -758.00    -756.00    -758.00    -756.00    -758.00    -758.00    
-750.00    -748.00    -750.00    -754.00    -752.00    -756.00    -754.00    -756.00    -756.00    -756.00    
-754.00    -750.00    -752.00    -754.00    -754.00    -756.00    -758.00    -756.00    -758.00    -758.00    
-742.00    -754.00    -752.00    -756.00    -754.00    -754.00    -756.00    -756.00    -756.00    -756.00    
-740.00    -748.00    -746.00    -758.00    -752.00    -754.00    -754.00    -754.00    -756.00    -758.00    
-748.00    -750.00    -754.00    -748.00    -756.00    -756.00    -756.00    -758.00    -750.00    -758.00    
-744.00    -738.00    -748.00    -752.00    -754.00    -754.00    -756.00    -756.00    -758.00    -758.00    
-752.00    -756.00    -744.00    -752.00    -758.00    -754.00    -754.00    -756.00    -750.00    -756.00    
-748.00    -750.00    -754.00    -754.00    -748.00    -756.00    -754.00    -758.00    -756.00    -758.00    
-750.00    -746.00    -748.00    -758.00    -756.00    -754.00    -758.00    -756.00    -758.00    -758.00    
-754.00    -754.00    -748.00    -756.00    -758.00    -756.00    -750.00    -754.00    -754.00    -758.00    
-746.00    -750.00    -750.00    -750.00    -752.00    -758.00    -758.00    -758.00    -756.00    -758.00    
-746.00    -750.00    -758.00    -754.00    -750.00    -756.00    -758.00    -756.00    -758.00    -756.00    
-750.00    -752.00    -754.00    -750.00    -756.00    -758.00    -754.00    -756.00    -756.00    -758.00    
-734.00    -748.00    -742.00    -756.00    -756.00    -756.00    -752.00    -758.00    -758.00    -758.00    
-752.00    -744.00    -754.00    -754.00    -758.00    -758.00    -758.00    -758.00    -758.00    -758.00    
-756.00    -752.00    -748.00    -754.00    -756.00    -758.00    -756.00    -756.00    -748.00    -754.00    
-754.00    -756.00    -758.00    -750.00    -758.00    -754.00    -756.00    -756.00    -758.00    -754.00    
-748.00    -748.00    -752.00    -752.00    -756.00    -750.00    -750.00    -756.00    -758.00    -756.00    
-748.00    -748.00    -750.00    -758.00    -750.00    -756.00    -754.00    -754.00    -758.00    -758.00    
-746.00    -750.00    -756.00    -752.00    -750.00    -756.00    -752.00    -756.00    -748.00    -756.00    
-750.00    -750.00    -750.00    -752.00    -752.00    -756.00    -756.00    -756.00    -758.00    -758.00    
-748.00    -748.00    -750.00    -754.00    -744.00    -758.00    -756.00    -758.00    -758.00    -756.00    
-748.00    -750.00    -758.00    -752.00    -752.00    -754.00    -758.00    -756.00    -758.00    -752.00    
-752.00    -748.00    -752.00    -756.00    -752.00    -754.00    -754.00    -756.00    -756.00    -756.00    
-754.00    -736.00    -756.00    -750.00    -754.00    -756.00    -758.00    -756.00    -752.00    -758.00    
-746.00    -744.00    -752.00    -756.00    -754.00    -752.00    -750.00    -758.00    -758.00    -758.00    
-754.00    -748.00    -752.00    -752.00    -756.00    -758.00    -752.00    -756.00    -754.00    -756.00    
-754.00    -752.00    -750.00    -754.00    -752.00    -756.00    -756.00    -754.00    -756.00    -758.00    
-748.00    -750.00    -748.00    -750.00    -754.00    -754.00    -748.00    -754.00    -756.00    -758.00    
-742.00    -748.00    -748.00    -754.00    -750.00    -752.00    -758.00    -758.00    -758.00    -756.00    
-752.00    -750.00    -746.00    -754.00    -750.00    -756.00    -754.00    -752.00    -756.00    -756.00    
-748.00    -746.00    -756.00    -756.00    -752.00    -758.00    -752.00    -758.00    -758.00    -756.00    
-744.00    -748.00    -752.00    -756.00    -754.00    -758.00    -754.00    -756.00    -754.00    -758.00    
-748.00    -750.00    -754.00    -754.00    -750.00    -758.00    -754.00    -750.00    -756.00    -756.00    
-754.00    -756.00    -754.00    -750.00    -756.00    -754.00    -756.00    -754.00    -754.00    -758.00    
-746.00    -748.00    -758.00    -756.00    -754.00    -754.00    -756.00    -758.00    -758.00    -758.00    
-748.00    -752.00    -754.00    -758.00    -756.00    -754.00    -756.00    -754.00    -752.00    -758.00    
-748.00    -752.00    -756.00    -752.00    -756.00    -758.00    -758.00    -758.00    -754.00    -758.00    
-748.00    -752.00    -754.00    -754.00    -754.00    -754.00    -756.00    -758.00    -758.00    -754.00    
-750.00    -748.00    -754.00    -754.00    -756.00    -754.00    -758.00    -756.00    -756.00    -756.00    
-738.00    -746.00    -750.00    -756.00    -754.00    -754.00    -754.00    -758.00    -754.00    -756.00    
-750.00    -754.00    -754.00    -754.00    -758.00    -752.00    -758.00    -758.00    -758.00    -756.00    
-748.00    -750.00    -752.00    -750.00    -756.00    -752.00    -754.00    -754.00    -758.00    -756.00    
-746.00    -750.00    -752.00    -756.00    -756.00    -756.00    -752.00    -758.00    -758.00    -758.00    
-746.00    -754.00    -752.00    -754.00    -754.00    -756.00    -754.00    -754.00    -756.00    -758.00    
-754.00    -752.00    -754.00    -752.00    -750.00    -756.00    -756.00    -758.00    -754.00    -758.00    
-748.00    -748.00    -758.00    -754.00    -752.00    -756.00    -754.00    -758.00    -758.00    -756.00    
-748.00    -756.00    -758.00    -750.00    -754.00    -750.00    -754.00    -756.00    -754.00    -756.00    
-750.00    -748.00    -754.00    -754.00    -754.00    -750.00    -758.00    -756.00    -754.00    -758.00    
-748.00    -744.00    -752.00    -758.00    -754.00    -754.00    -756.00    -756.00    -756.00    -758.00    
-748.00    -754.00    -754.00    -748.00    -758.00    -754.00    -758.00    -756.00    -758.00    -756.00    
-754.00    -748.00    -752.00    -752.00    -758.00    -754.00    -758.00    -750.00    -758.00    -758.00    
-746.00    -756.00    -754.00    -754.00    -758.00    -756.00    -756.00    -756.00    -758.00    -758.00    
-750.00    -750.00    -748.00    -756.00    -754.00    -754.00    -754.00    -758.00    -758.00    -758.00    
-744.00    -748.00    -752.00    -758.00    -754.00    -756.00    -754.00    -752.00    -754.00    -756.00    
-752.00    -750.00    -756.00    -752.00    -758.00    -758.00    -756.00    -756.00    -758.00    -758.00    
-754.00    -758.00    -750.00    -750.00    -752.00    -750.00    -756.00    -758.00    -758.00    -754.00    
-750.00    -750.00    -752.00    -752.00    -754.00    -756.00    -758.00    -754.00    -756.00    -756.00    
-752.00    -746.00    -750.00    -756.00    -750.00    -754.00    -758.00    -752.00    -758.00    -756.00    
-750.00    -750.00    -754.00    -748.00    -752.00    -754.00    -758.00    -758.00    -758.00    -758.00    
-748.00    -750.00    -750.00    -754.00    -758.00    -750.00    -756.00    -746.00    -758.00    -758.00    
-744.00    -758.00    -750.00    -748.00    -756.00    -756.00    -756.00    -756.00    -756.00    -758.00    
-746.00    -756.00    -750.00    -754.00    -756.00    -758.00    -756.00    -756.00    -758.00    -754.00    
-746.00    -750.00    -748.00    -756.00    -754.00    -758.00    -758.00    -758.00    -756.00    -758.00    
-754.00    -754.00    -750.00    -746.00    -752.00    -754.00    -756.00    -758.00    -756.00    -758.00    
-748.00    -752.00    -752.00    -754.00    -756.00    -754.00    -756.00    -754.00    -758.00    -758.00    
-750.00    -748.00    -752.00    -744.00    -758.00    -756.00    -746.00    -758.00    -756.00    -756.00    
-756.00    -758.00    -750.00    -758.00    -746.00    -752.00    -756.00    -758.00    -754.00    -758.00    
-738.00    -752.00    -748.00    -756.00    -752.00    -754.00    -752.00    -754.00    -756.00    -756.00    
-748.00    -754.00    -754.00    -748.00    -756.00    -756.00    -758.00    -756.00    -756.00    -758.00    
-744.00    -752.00    -756.00    -752.00    -756.00    -752.00    -754.00    -754.00    -756.00    -756.00    
-746.00    -752.00    -750.00    -758.00    -756.00    -754.00    -756.00    -758.00    -758.00    -758.00    
-750.00    -742.00    -742.00    -754.00    -750.00    -752.00    -756.00    -756.00    -756.00    -756.00    
-754.00    -754.00    -756.00    -756.00    -754.00    -756.00    -752.00    -758.00    -754.00    -758.00    
-740.00    -754.00    -756.00    -754.00    -756.00    -756.00    -758.00    -756.00    -754.00    -758.00    
-746.00    -758.00    -754.00    -752.00    -754.00    -756.00    -754.00    -756.00    -758.00    -754.00    
-746.00    -748.00    -750.00    -756.00    -756.00    -756.00    -756.00    -756.00    -758.00    -756.00    
-754.00    -758.00    -754.00    -756.00    -750.00    -754.00    -750.00    -752.00    -758.00    -758.00    
-754.00    -752.00    -752.00    -758.00    -756.00    -756.00    -756.00    -758.00    -754.00    -758.00    
-750.00    -754.00    -754.00    -748.00    -752.00    -758.00    -758.00    -758.00    -756.00    -758.00    
-754.00    -742.00    -752.00    -752.00    -758.00    -756.00    -756.00    -752.00    -758.00    -756.00    
-752.00    -750.00    -750.00    -758.00    -754.00    -756.00    -758.00    -754.00    -758.00    -758.00    
-754.00    -744.00    -752.00    -746.00    -752.00    -754.00    -758.00    -752.00    -758.00    -754.00    
-752.00    -748.00    -754.00    -750.00    -754.00    -752.00    -758.00    -754.00    -756.00    -758.00    
-748.00    -750.00    -758.00    -756.00    -756.00    -756.00    -754.00    -754.00    -758.00    -758.00    
-742.00    -746.00    -758.00    -754.00    -758.00    -750.00    -756.00    -758.00    -756.00    -756.00    
-738.00    -748.00    -752.00    -754.00    -756.00    -750.00    -756.00    -756.00    -756.00    -758.00    
-748.00    -750.00    -748.00    -746.00    -756.00    -754.00    -756.00    -756.00    -758.00    -754.00    
-756.00    -752.00    -758.00    -750.00    -746.00    -750.00    -752.00    -758.00    -758.00    -756.00    
-748.00    -752.00    -750.00    -754.00    -750.00    -754.00    -758.00    -754.00    -758.00    -754.00    
-752.00    -750.00    -750.00    -754.00    -754.00    -756.00    -754.00    -756.00    -758.00    -758.00    
-748.00    -746.00    -752.00    -754.00    -754.00    -758.00    -758.00    -758.00    -756.00    -758.00    
-752.00    -748.00    -750.00    -752.00    -754.00    -754.00    -754.00    -758.00    -758.00    -758.00    
-750.00    -740.00    -756.00    -754.00    -756.00    -750.00    -754.00    -754.00    -754.00    -756.00    
-748.00    -752.00    -748.00    -752.00    -758.00    -756.00    -758.00    -756.00    -758.00    -756.00    
-752.00    -752.00    -748.00    -754.00    -752.00    -754.00    -756.00    -754.00    -758.00    -758.00    
-752.00    -750.00    -750.00    -756.00    -742.00    -750.00    -756.00    -758.00    -758.00    -758.00    
-748.00    -752.00    -752.00    -754.00    -754.00    -758.00    -752.00    -758.00    -756.00    -754.00    
-746.00    -754.00    -756.00    -754.00    -754.00    -758.00    -754.00    -758.00    -756.00    -758.00    
-744.00    -752.00    -744.00    -752.00    -756.00    -754.00    -756.00    -758.00    -754.00    -758.00    
-742.00    -748.00    -744.00    -758.00    -758.00    -754.00    -756.00    -756.00    -756.00    -756.00    
-746.00    -752.00    -756.00    -752.00    -752.00    -756.00    -756.00    -756.00    -756.00    -758.00    
-742.00    -750.00    -744.00    -754.00    -754.00    -754.00    -756.00    -758.00    -758.00    -754.00    
-752.00    -744.00    -754.00    -758.00    -752.00    -754.00    -758.00    -754.00    -758.00    -756.00    
-754.00    -750.00    -748.00    -754.00    -754.00    -752.00    -754.00    -752.00    -754.00    -756.00    
-744.00    -752.00    -750.00    -754.00    -754.00    -756.00    -756.00    -758.00    -756.00    -758.00    
-750.00    -744.00    -754.00    -756.00    -756.00    -756.00    -758.00    -758.00    -756.00    -754.00    
-740.00    -750.00    -746.00    -758.00    -752.00    -756.00    -754.00    -756.00    -754.00    -758.00    
-748.00    -750.00    -746.00    -754.00    -756.00    -748.00    -756.00    -756.00    -758.00    -754.00    
-746.00    -752.00    -752.00    -754.00    -756.00    -756.00    -756.00    -756.00    -758.00    -758.00    
-750.00    -750.00    -740.00    -754.00    -752.00    -758.00    -756.00    -756.00    -754.00    -758.00    
-748.00    -750.00    -748.00    -752.00    -754.00    -756.00    -752.00    -756.00    -754.00    -756.00    
-752.00    -738.00    -750.00    -754.00    -754.00    -754.00    -754.00    -758.00    -756.00    -758.00    
-752.00    -750.00    -758.00    -756.00    -758.00    -756.00    -758.00    -754.00    -756.00    -758.00    
-748.00    -754.00    -752.00    -754.00    -758.00    -756.00    -752.00    -756.00    -758.00    -758.00    
-752.00    -756.00    -750.00    -752.00    -756.00    -754.00    -758.00    -756.00    -758.00    -756.00    
-750.00    -752.00    -742.00    -756.00    -756.00    -750.00    -758.00    -756.00    -758.00    -758.00    
-744.00    -756.00    -758.00    -756.00    -756.00    -754.00    -758.00    -758.00    -756.00    -756.00    
-746.00    -754.00    -752.00    -758.00    -752.00    -758.00    -756.00    -754.00    -758.00    -756.00    
-756.00    -746.00    -752.00    -754.00    -756.00    -758.00    -754.00    -754.00    -756.00    -758.00    
-750.00    -750.00    -754.00    -756.00    -754.00    -754.00    -758.00    -752.00    -758.00    -758.00    
-754.00    -754.00    -752.00    -754.00    -752.00    -754.00    -756.00    -756.00    -758.00    -758.00    
-748.00    -750.00    -756.00    -750.00    -748.00    -748.00    -752.00    -754.00    -758.00    -756.00    
-752.00    -746.00    -754.00    -754.00    -752.00    -758.00    -754.00    -756.00    -756.00    -756.00    
-752.00    -752.00    -750.00    -754.00    -754.00    -756.00    -758.00    -758.00    -758.00    -758.00    
-752.00    -754.00    -752.00    -756.00    -750.00    -756.00    -752.00    -758.00    -758.00    -756.00    
-744.00    -750.00    -754.00    -754.00    -752.00    -756.00    -756.00    -754.00    -756.00    -758.00    
-748.00    -750.00    -744.00    -756.00    -754.00    -756.00    -752.00    -754.00    -756.00    -754.00    
-756.00    -754.00    -758.00    -758.00    -754.00    -756.00    -754.00    -750.00    -756.00    -756.00    
-754.00    -750.00    -756.00    -750.00    -754.00    -756.00    -758.00    -758.00    -756.00    -758.00    
-746.00    -752.00    -748.00    -752.00    -756.00    -756.00    -756.00    -756.00    -752.00    -758.00    
-748.00    -748.00    -750.00    -750.00    -750.00    -754.00    -758.00    -756.00    -758.00    -752.00    
-750.00    -752.00    -758.00    -750.00    -754.00    -756.00    -754.00    -756.00    -756.00    -758.00    
-756.00    -748.00    -752.00    -754.00    -752.00    -754.00    -758.00    -756.00    -758.00    -756.00    
-750.00    -756.00    -750.00    -754.00    -754.00    -756.00    -758.00    -756.00    -756.00    -758.00    
-750.00    -754.00    -752.00    -756.00    -754.00    -754.00    -752.00    -758.00    -758.00    -756.00    
-752.00    -754.00    -748.00    -758.00    -750.00    -754.00    -758.00    -758.00    -758.00    -756.00    
-748.00    -750.00    -750.00    -756.00    -756.00    -752.00    -754.00    -758.00    -754.00    -758.00    
-748.00    -752.00    -758.00    -756.00    -754.00    -754.00    -758.00    -756.00    -758.00    -758.00    
-738.00    -742.00    -746.00    -756.00    -754.00    -758.00    -754.00    -756.00    -754.00    -756.00    
-746.00    -746.00    -756.00    -754.00    -754.00    -752.00    -754.00    -758.00    -750.00    -754.00    
-746.00    -752.00    -752.00    -752.00    -752.00    -756.00    -756.00    -758.00    -756.00    -758.00    
-748.00    -748.00    -746.00    -752.00    -754.00    -754.00    -752.00    -756.00    -756.00    -758.00    
-744.00    -754.00    -754.00    -748.00    -752.00    -758.00    -756.00    -756.00    -756.00    -758.00    
-742.00    -756.00    -750.00    -756.00    -752.00    -758.00    -756.00    -756.00    -756.00    -758.00    
-750.00    -752.00    -752.00    -756.00    -756.00    -752.00    -754.00    -756.00    -758.00    -756.00    
-752.00    -748.00    -754.00    -752.00    -752.00    -758.00    -754.00    -758.00    -756.00    -758.00    
-750.00    -750.00    -748.00    -750.00    -754.00    -754.00    -756.00    -754.00    -752.00    -758.00    
-752.00    -748.00    -744.00    -756.00    -754.00    -756.00    -756.00    -758.00    -758.00    -754.00    
-744.00    -750.00    -746.00    -756.00    -756.00    -752.00    -756.00    -756.00    -756.00    -754.00    
-746.00    -742.00    -754.00    -746.00    -752.00    -756.00    -752.00    -756.00    -756.00    -758.00    
-744.00    -750.00    -750.00    -752.00    -752.00    -758.00    -754.00    -758.00    -756.00    -758.00    
-748.00    -750.00    -752.00    -758.00    -750.00    -752.00    -750.00    -756.00    -756.00    -756.00    
-748.00    -748.00    -752.00    -754.00    -754.00    -754.00    -756.00    -756.00    -758.00    -756.00    
-742.00    -750.00    -756.00    -754.00    -758.00    -754.00    -758.00    -758.00    -758.00    -758.00    
-750.00    -750.00    -752.00    -754.00    -754.00    -758.00    -752.00    -756.00    -758.00    -758.00    
-750.00    -752.00    -756.00    -752.00    -754.00    -754.00    -754.00    -756.00    -758.00    -758.00    
-756.00    -748.00    -752.00    -754.00    -758.00    -758.00    -756.00    -758.00    -758.00    -758.00    
-752.00    -748.00    -754.00    -758.00    -754.00    -756.00    -756.00    -756.00    -758.00    -754.00    
-748.00    -750.00    -756.00    -754.00    -752.00    -756.00    -756.00    -754.00    -758.00    -758.00    
-750.00    -750.00    -752.00    -752.00    -750.00    -756.00    -756.00    -758.00    -758.00    -758.00    
-744.00    -748.00    -756.00    -752.00    -756.00    -752.00    -758.00    -754.00    -754.00    -754.00    
-744.00    -754.00    -754.00    -754.00    -750.00    -752.00    -758.00    -758.00    -756.00    -758.00    
-750.00    -750.00    -752.00    -754.00    -750.00    -752.00    -754.00    -758.00    -754.00    -750.00    
-748.00    -752.00    -744.00    -754.00    -752.00    -758.00    -756.00    -756.00    -758.00    -758.00    
-754.00    -748.00    -752.00    -748.00    -756.00    -752.00    -758.00    -754.00    -756.00    -758.00    
-754.00    -752.00    -754.00    -754.00    -754.00    -756.00    -752.00    -752.00    -758.00    -758.00    
-756.00    -756.00    -756.00    -756.00    -756.00    -756.00    -756.00    -758.00    -754.00    -756.00    
-750.00    -750.00    -752.00    -756.00    -756.00    -758.00    -756.00    -754.00    -754.00    -758.00    
-750.00    -744.00    -756.00    -750.00    -752.00    -756.00    -756.00    -758.00    -754.00    -758.00    
-742.00    -756.00    -752.00    -746.00    -756.00    -756.00    -754.00    -754.00    -758.00    -754.00    
-744.00    -750.00    -756.00    -750.00    -754.00    -758.00    -758.00    -758.00    -754.00    -758.00    
-752.00    -744.00    -750.00    -756.00    -752.00    -758.00    -756.00    -756.00    -756.00    -758.00    
-738.00    -746.00    -756.00    -758.00    -754.00    -758.00    -756.00    -758.00    -756.00    -754.00    
-754.00    -750.00    -746.00    -756.00    -754.00    -752.00    -754.00    -756.00    -758.00    -756.00    
-752.00    -748.00    -756.00    -748.00    -752.00    -754.00    -754.00    -758.00    -758.00    -758.00    
-748.00    -756.00    -752.00    -744.00    -756.00    -752.00    -754.00    -756.00    -758.00    -756.00    
-748.00    -750.00    -754.00    -758.00    -754.00    -754.00    -756.00    -758.00    -758.00    -758.00    
-752.00    -750.00    -754.00    -754.00    -752.00    -754.00    -752.00    -756.00    -758.00    -758.00    
-752.00    -756.00    -750.00    -746.00    -756.00    -754.00    -754.00    -758.00    -758.00    -758.00    
-756.00    -748.00    -750.00    -758.00    -756.00    -756.00    -756.00    -754.00    -756.00    -756.00    
-750.00    -748.00    -748.00    -756.00    -748.00    -756.00    -754.00    -756.00    -758.00    -758.00    
-740.00    -754.00    -748.00    -754.00    -758.00    -754.00    -756.00    -756.00    -758.00    -754.00    
-748.00    -752.00    -752.00    -752.00    -756.00    -750.00    -758.00    -756.00    -758.00    -754.00    
-738.00    -744.00    -756.00    -750.00    -754.00    -754.00    -754.00    -754.00    -756.00    -758.00    
-750.00    -746.00    -742.00    -750.00    -750.00    -754.00    -756.00    -758.00    -754.00    -752.00    
-756.00    -756.00    -750.00    -748.00    -756.00    -754.00    -752.00    -756.00    -756.00    -758.00    
-752.00    -754.00    -752.00    -756.00    -752.00    -756.00    -756.00    -758.00    -754.00    -758.00    
-748.00    -740.00    -750.00    -750.00    -746.00    -756.00    -756.00    -756.00    -758.00    -758.00    
-746.00    -748.00    -748.00    -744.00    -752.00    -758.00    -754.00    -758.00    -758.00    -756.00    
-746.00    -756.00    -756.00    -750.00    -752.00    -756.00    -758.00    -756.00    -758.00    -758.00    
-750.00    -746.00    -756.00    -754.00    -752.00    -758.00    -752.00    -758.00    -754.00    -758.00    
-750.00    -754.00    -752.00    -750.00    -754.00    -754.00    -754.00    -756.00    -758.00    -758.00    
-754.00    -756.00    -750.00    -750.00    -750.00    -752.00    -758.00    -756.00    -756.00    -756.00    
-750.00    -752.00    -748.00    -748.00    -752.00    -756.00    -752.00    -758.00    -756.00    -756.00    
-748.00    -750.00    -754.00    -752.00    -756.00    -752.00    -756.00    -756.00    -756.00    -758.00    
-740.00    -752.00    -754.00    -752.00    -750.00    -752.00    -756.00    -758.00    -758.00    -756.00    
-740.00    -746.00    -754.00    -754.00    -754.00    -756.00    -756.00    -758.00    -756.00    -758.00    
-746.00    -744.00    -752.00    -758.00    -756.00    -756.00    -752.00    -754.00    -758.00    -756.00    
-744.00    -752.00    -756.00    -750.00    -752.00    -756.00    -758.00    -758.00    -756.00    -756.00    
-750.00    -756.00    -752.00    -754.00    -748.00    -750.00    -758.00    -754.00    -758.00    -758.00    
-744.00    -744.00    -748.00    -752.00    -756.00    -758.00    -754.00    -758.00    -758.00    -756.00    
-742.00    -754.00    -756.00    -750.00    -756.00    -756.00    -758.00    -752.00    -756.00    -756.00    
-752.00    -754.00    -754.00    -754.00    -758.00    -754.00    -758.00    -758.00    -758.00    -756.00    
-746.00    -754.00    -750.00    -750.00    -752.00    -758.00    -756.00    -754.00    -756.00    -756.00    
-744.00    -742.00    -754.00    -756.00    -752.00    -754.00    -752.00    -756.00    -758.00    -754.00    
-746.00    -750.00    -756.00    -746.00    -756.00    -756.00    -756.00    -756.00    -756.00    -758.00    
-756.00    -748.00    -758.00    -756.00    -756.00    -758.00    -754.00    -752.00    -758.00    -758.00    
-756.00    -748.00    -756.00    -756.00    -754.00    -756.00    -756.00    -750.00    -754.00    -756.00    
-748.00    -746.00    -752.00    -754.00    -752.00    -754.00    -756.00    -754.00    -754.00    -756.00    
-752.00    -750.00    -750.00    -754.00    -752.00    -758.00    -758.00    -752.00    -756.00    -754.00    
-740.00    -750.00    -752.00    -752.00    -756.00    -754.00    -756.00    -756.00    -758.00    -758.00    
-748.00    -746.00    -746.00    -752.00    -752.00    -758.00    -756.00    -758.00    -758.00    -756.00    
