-42.00   -18.00   6.00     -26.00   48.00    52.00    36.00    58.00    14.00    56.00    
16.00    -6.00    34.00    22.00    34.00    -56.00   44.00    58.00    36.00    50.00    
-2.00    32.00    -48.00   38.00    42.00    48.00    -14.00   30.00    -56.00   36.00    
22.00    -12.00   34.00    4.00     26.00    -44.00   -50.00   58.00    16.00    54.00    
-28.00   2.00     44.00    -50.00   22.00    -48.00   40.00    -52.00   -54.00   -44.00   
-24.00   -6.00    -10.00   42.00    12.00    -26.00   -2.00    -50.00   -30.00   -46.00   
8.00     8.00     4.00     -4.00    22.00    -30.00   22.00    50.00    -56.00   36.00    
-26.00   16.00    14.00    -40.00   -44.00   44.00    -24.00   0.00     -28.00   -56.00   
16.00    24.00    -12.00   -44.00   14.00    -40.00   34.00    44.00    -56.00   -56.00   
-6.00    2.00     20.00    48.00    -30.00   22.00    50.00    30.00    -16.00   -40.00   
-12.00   -20.00   28.00    14.00    -38.00   -32.00   34.00    58.00    -34.00   26.00    
-22.00   0.00     -44.00   14.00    44.00    -48.00   56.00    -50.00   -52.00   -42.00   
46.00    6.00     4.00     -8.00    -24.00   -36.00   -44.00   -54.00   -48.00   -44.00   
-34.00   36.00    -38.00   30.00    -36.00   -10.00   -28.00   46.00    -52.00   -56.00   
-10.00   -14.00   18.00    60.00    20.00    34.00    16.00    -14.00   -22.00   24.00    
18.00    4.00     0.00     -4.00    -6.00    46.00    8.00     -30.00   22.00    -36.00   
30.00    -16.00   -42.00   44.00    -38.00   -2.00    28.00    -26.00   42.00    56.00    
12.00    -8.00    -12.00   -28.00   -10.00   44.00    -10.00   24.00    34.00    16.00    
0.00     -32.00   14.00    -42.00   -30.00   -58.00   38.00    18.00    -50.00   42.00    
22.00    28.00    -2.00    -22.00   -32.00   30.00    -26.00   -52.00   42.00    -52.00   
18.00    -2.00    0.00     -36.00   -34.00   -36.00   -44.00   4.00     -56.00   30.00    
42.00    8.00     -32.00   20.00    8.00     56.00    -30.00   28.00    28.00    -50.00   
4.00     -10.00   8.00     26.00    32.00    16.00    32.00    -24.00   56.00    58.00    
-6.00    -8.00    36.00    44.00    12.00    10.00    -26.00   -58.00   48.00    -28.00   
14.00    -8.00    -2.00    8.00     -42.00   -40.00   -56.00   -14.00   50.00    -56.00   
-18.00   -28.00   -4.00    -32.00   48.00    -22.00   -36.00   -14.00   44.00    50.00    
12.00    -12.00   -10.00   26.00    -34.00   40.00    50.00    -50.00   -16.00   -44.00   
-10.00   4.00     18.00    -26.00   22.00    -48.00   -18.00   26.00    -56.00   -56.00   
-8.00    26.00    32.00    -30.00   42.00    56.00    -56.00   -42.00   56.00    24.00    
-4.00    -4.00    -6.00    0.00     28.00    -42.00   38.00    -22.00   -36.00   -50.00   
-6.00    -4.00    54.00    32.00    24.00    -50.00   -30.00   -56.00   -24.00   48.00    
24.00    36.00    32.00    28.00    18.00    36.00    38.00    -36.00   2.00     42.00    
-4.00    14.00    20.00    46.00    38.00    26.00    -50.00   -38.00   42.00    50.00    
6.00     -46.00   2.00     0.00     -4.00    -36.00   26.00    30.00    -56.00   58.00    
32.00    -20.00   -50.00   -28.00   -16.00   6.00     50.00    20.00    -30.00   52.00    
-16.00   -2.00    -26.00   4.00     -42.00   50.00    4.00     -28.00   36.00    -42.00   
-10.00   -34.00   -36.00   -12.00   32.00    2.00     58.00    -4.00    46.00    56.00    
12.00    6.00     -2.00    -10.00   60.00    -40.00   -44.00   18.00    -44.00   46.00    
-26.00   -38.00   32.00    -32.00   -20.00   -12.00   20.00    54.00    0.00     56.00    
46.00    -8.00    -44.00   22.00    42.00    24.00    -44.00   -30.00   42.00    -50.00   
-38.00   14.00    26.00    -2.00    48.00    -22.00   2.00     -42.00   -48.00   -42.00   
-16.00   -34.00   28.00    22.00    -38.00   -58.00   -22.00   50.00    -18.00   38.00    
-20.00   -52.00   -20.00   -16.00   24.00    50.00    32.00    38.00    42.00    54.00    
32.00    36.00    26.00    14.00    -14.00   28.00    22.00    42.00    -56.00   -12.00   
2.00     -16.00   28.00    -32.00   56.00    -34.00   -56.00   -56.00   44.00    -34.00   
32.00    14.00    -32.00   10.00    -26.00   -56.00   -18.00   -6.00    12.00    -50.00   
16.00    -14.00   34.00    42.00    26.00    50.00    -22.00   38.00    14.00    42.00    
-2.00    -12.00   -26.00   2.00     44.00    -48.00   -30.00   -42.00   -50.00   -30.00   
8.00     4.00     42.00    -30.00   -56.00   -20.00   -50.00   -22.00   -38.00   14.00    
-10.00   0.00     34.00    26.00    -46.00   26.00    -30.00   14.00    24.00    -36.00   
-8.00    18.00    36.00    44.00    14.00    -18.00   -40.00   -40.00   22.00    -36.00   
-4.00    14.00    -4.00    2.00     30.00    28.00    44.00    52.00    -58.00   44.00    
40.00    -16.00   12.00    -4.00    -52.00   12.00    -44.00   -42.00   -36.00   56.00    
-48.00   -20.00   -12.00   42.00    54.00    -4.00    -26.00   -30.00   -54.00   -52.00   
-14.00   -4.00    20.00    -20.00   -8.00    4.00     -42.00   44.00    32.00    56.00    
-6.00    -4.00    6.00     -30.00   30.00    58.00    0.00     24.00    -56.00   -42.00   
-24.00   -14.00   14.00    -36.00   -20.00   -48.00   52.00    -40.00   -56.00   30.00    
-26.00   28.00    34.00    -6.00    -16.00   -32.00   -44.00   -58.00   28.00    42.00    
8.00     -12.00   -2.00    48.00    -20.00   40.00    54.00    -30.00   28.00    -38.00   
26.00    -36.00   2.00     20.00    18.00    46.00    -60.00   24.00    -58.00   -56.00   
8.00     -6.00    -30.00   -6.00    -20.00   14.00    -28.00   36.00    38.00    20.00    
22.00    -8.00    -42.00   -40.00   -56.00   -56.00   58.00    56.00    -58.00   50.00    
8.00     -20.00   -34.00   44.00    26.00    44.00    50.00    -26.00   56.00    -50.00   
-44.00   26.00    40.00    2.00     18.00    -44.00   6.00     -36.00   -50.00   42.00    
10.00    12.00    16.00    -52.00   -22.00   36.00    18.00    -44.00   60.00    -56.00   
-42.00   36.00    32.00    -18.00   46.00    -40.00   -30.00   54.00    32.00    56.00    
16.00    36.00    4.00     38.00    32.00    20.00    -54.00   48.00    18.00    56.00    
-36.00   6.00     16.00    12.00    50.00    -26.00   -48.00   26.00    44.00    44.00    
24.00    -10.00   10.00    38.00    18.00    18.00    -34.00   -48.00   36.00    -42.00   
12.00    -4.00    30.00    -40.00   24.00    -34.00   -8.00    -54.00   30.00    28.00    
4.00     16.00    6.00     8.00     -10.00   18.00    -20.00   54.00    -62.00   58.00    
-36.00   -2.00    18.00    -18.00   -10.00   8.00     50.00    58.00    -26.00   44.00    
18.00    -12.00   -36.00   -14.00   -50.00   -46.00   24.00    28.00    22.00    50.00    
24.00    -14.00   -28.00   38.00    -14.00   36.00    28.00    16.00    50.00    36.00    
24.00    -16.00   -56.00   28.00    32.00    18.00    8.00     -54.00   -58.00   -56.00   
-14.00   10.00    16.00    -34.00   16.00    28.00    36.00    16.00    -56.00   52.00    
-24.00   -14.00   24.00    -20.00   24.00    42.00    54.00    -26.00   -44.00   56.00    
-4.00    -10.00   -30.00   -24.00   22.00    42.00    20.00    52.00    14.00    -28.00   
-16.00   -12.00   -18.00   6.00     -32.00   -22.00   -2.00    42.00    -8.00    56.00    
32.00    -56.00   -48.00   48.00    50.00    36.00    30.00    -42.00   -28.00   -56.00   
20.00    12.00    -40.00   22.00    56.00    -4.00    58.00    18.00    -56.00   32.00    
26.00    0.00     -22.00   30.00    16.00    -40.00   6.00     58.00    -58.00   -56.00   
-8.00    -10.00   -32.00   -28.00   -40.00   50.00    -46.00   -52.00   58.00    -28.00   
4.00     10.00    -24.00   24.00    30.00    4.00     58.00    -50.00   -56.00   -6.00    
0.00     -2.00    -18.00   -44.00   -32.00   56.00    10.00    -16.00   28.00    -50.00   
-30.00   -30.00   4.00     -26.00   50.00    -22.00   56.00    56.00    50.00    -52.00   
-4.00    -12.00   12.00    32.00    -50.00   0.00     -60.00   -56.00   -58.00   -54.00   
16.00    42.00    52.00    -26.00   -58.00   4.00     32.00    -10.00   -24.00   56.00    
-22.00   36.00    18.00    -2.00    4.00     32.00    26.00    -58.00   42.00    -50.00   
4.00     -26.00   42.00    -4.00    -44.00   56.00    -30.00   -30.00   28.00    58.00    
30.00    -48.00   6.00     50.00    40.00    -36.00   -24.00   -58.00   50.00    -48.00   
10.00    12.00    -26.00   -4.00    -24.00   -20.00   -50.00   10.00    -26.00   -28.00   
8.00     -16.00   38.00    28.00    -26.00   -24.00   14.00    -56.00   14.00    50.00    
2.00     12.00    20.00    38.00    -4.00    28.00    -54.00   4.00     -50.00   42.00    
-18.00   -16.00   24.00    32.00    2.00     -8.00    54.00    44.00    58.00    58.00    
-32.00   4.00     14.00    -36.00   -8.00    16.00    -6.00    -34.00   -14.00   -30.00   
-30.00   -44.00   -42.00   -38.00   28.00    38.00    20.00    30.00    -42.00   -30.00   
-2.00    -24.00   -42.00   -18.00   22.00    -4.00    -26.00   28.00    -36.00   -40.00   
-16.00   -10.00   30.00    26.00    16.00    -44.00   -60.00   56.00    -44.00   -56.00   
6.00     -2.00    -24.00   -30.00   -42.00   60.00    -42.00   42.00    -24.00   48.00    
20.00    -22.00   24.00    -40.00   50.00    54.00    -32.00   42.00    -50.00   52.00    
-8.00    -2.00    34.00    34.00    -48.00   -20.00   20.00    -36.00   -50.00   -14.00   
42.00    6.00     -10.00   44.00    30.00    -54.00   -48.00   56.00    -56.00   56.00    
36.00    18.00    6.00     -48.00   -30.00   -54.00   -36.00   56.00    40.00    18.00    
-54.00   -16.00   36.00    -26.00   0.00     14.00    16.00    42.00    52.00    58.00    
-40.00   20.00    -14.00   28.00    54.00    -22.00   12.00    52.00    -22.00   -28.00   
34.00    2.00     -32.00   30.00    -6.00    10.00    10.00    -40.00   -56.00   58.00    
2.00     42.00    8.00     4.00     2.00     32.00    -42.00   -28.00   -32.00   56.00    
32.00    -50.00   34.00    38.00    -36.00   22.00    -48.00   -44.00   -18.00   -56.00   
-10.00   -16.00   2.00     10.00    46.00    50.00    42.00    -56.00   -48.00   58.00    
-14.00   26.00    28.00    4.00     -36.00   28.00    42.00    10.00    -48.00   -56.00   
22.00    -42.00   -6.00    -16.00   2.00     -8.00    16.00    -26.00   28.00    -50.00   
-30.00   30.00    -8.00    12.00    28.00    8.00     -56.00   36.00    -30.00   -42.00   
14.00    0.00     34.00    -48.00   12.00    -34.00   20.00    -32.00   36.00    -56.00   
6.00     -12.00   24.00    40.00    -16.00   32.00    -58.00   -54.00   -36.00   58.00    
-14.00   8.00     0.00     -14.00   0.00     -18.00   48.00    -52.00   -50.00   42.00    
12.00    -2.00    14.00    18.00    28.00    20.00    -34.00   -2.00    30.00    -54.00   
28.00    -16.00   2.00     18.00    38.00    -36.00   38.00    -24.00   34.00    -54.00   
-14.00   -24.00   42.00    10.00    20.00    48.00    14.00    28.00    56.00    30.00    
-16.00   26.00    36.00    26.00    2.00     40.00    36.00    -14.00   -42.00   -58.00   
20.00    36.00    22.00    48.00    -14.00   -16.00   -62.00   42.00    -40.00   -36.00   
-20.00   30.00    50.00    28.00    0.00     12.00    -42.00   54.00    14.00    16.00    
-14.00   34.00    -42.00   28.00    -56.00   -26.00   -2.00    -56.00   30.00    -42.00   
38.00    0.00     -10.00   -58.00   -2.00    48.00    -38.00   -56.00   -56.00   -50.00   
-8.00    2.00     -12.00   10.00    -16.00   4.00     20.00    16.00    6.00     42.00    
20.00    -20.00   34.00    8.00     -44.00   30.00    38.00    10.00    -52.00   50.00    
32.00    34.00    24.00    6.00     0.00     -46.00   36.00    26.00    -18.00   36.00    
6.00     24.00    22.00    -20.00   -58.00   18.00    -30.00   48.00    40.00    2.00     
16.00    20.00    6.00     -2.00    -4.00    -56.00   56.00    -34.00   -16.00   58.00    
-8.00    2.00     -8.00    -26.00   -36.00   -38.00   16.00    -50.00   2.00     30.00    
0.00     26.00    2.00     0.00     42.00    -2.00    0.00     42.00    -28.00   -48.00   
-4.00    -20.00   46.00    12.00    46.00    50.00    -36.00   -42.00   58.00    -44.00   
6.00     -8.00    10.00    -12.00   52.00    40.00    46.00    52.00    -54.00   28.00    
10.00    20.00    -22.00   24.00    -2.00    8.00     36.00    56.00    -44.00   22.00    
-24.00   6.00     -10.00   24.00    24.00    -26.00   50.00    54.00    -56.00   -48.00   
-8.00    -2.00    20.00    24.00    38.00    24.00    10.00    36.00    54.00    24.00    
-4.00    6.00     40.00    48.00    10.00    52.00    -52.00   -22.00   48.00    -30.00   
-12.00   -10.00   4.00     -16.00   -56.00   52.00    28.00    -52.00   -56.00   -42.00   
-14.00   -12.00   -6.00    40.00    -14.00   -18.00   30.00    -44.00   -62.00   -44.00   
-2.00    -54.00   52.00    -28.00   42.00    56.00    28.00    56.00    24.00    -58.00   
-6.00    -12.00   6.00     -12.00   20.00    60.00    -8.00    0.00     -28.00   58.00    
10.00    -16.00   -42.00   32.00    -54.00   0.00     -46.00   -56.00   -56.00   50.00    
36.00    -22.00   -4.00    4.00     -48.00   -20.00   -44.00   30.00    -56.00   -42.00   
-32.00   24.00    -20.00   22.00    58.00    -30.00   30.00    -28.00   -42.00   58.00    
0.00     12.00    20.00    30.00    42.00    10.00    -10.00   56.00    -50.00   -50.00   
30.00    -16.00   28.00    24.00    -44.00   52.00    12.00    -16.00   -20.00   56.00    
24.00    -8.00    -18.00   22.00    -20.00   10.00    -30.00   -30.00   -2.00    42.00    
12.00    -12.00   6.00     -6.00    -26.00   -40.00   0.00     -32.00   -42.00   -48.00   
20.00    -2.00    0.00     -50.00   20.00    -10.00   56.00    -52.00   -30.00   28.00    
-16.00   -42.00   -8.00    50.00    38.00    -28.00   54.00    56.00    -30.00   58.00    
-6.00    4.00     32.00    14.00    32.00    56.00    38.00    -50.00   -48.00   54.00    
8.00     14.00    -20.00   -40.00   16.00    44.00    52.00    -46.00   54.00    34.00    
36.00    -8.00    6.00     36.00    -4.00    16.00    56.00    8.00     -54.00   52.00    
-10.00   6.00     -14.00   -38.00   -18.00   2.00     24.00    -30.00   28.00    44.00    
14.00    38.00    4.00     32.00    48.00    -6.00    -56.00   34.00    30.00    -56.00   
30.00    18.00    16.00    -10.00   -34.00   28.00    16.00    2.00     -56.00   42.00    
18.00    48.00    -28.00   22.00    8.00     54.00    -14.00   -50.00   50.00    -52.00   
2.00     -36.00   22.00    -28.00   -14.00   -30.00   -34.00   56.00    44.00    56.00    
2.00     -22.00   30.00    -26.00   -12.00   20.00    30.00    -44.00   -56.00   -30.00   
-14.00   -24.00   -50.00   -20.00   -16.00   36.00    54.00    -4.00    56.00    -30.00   
12.00    22.00    -22.00   -32.00   -40.00   12.00    30.00    -44.00   50.00    -42.00   
14.00    -28.00   28.00    34.00    -36.00   -26.00   -50.00   24.00    10.00    44.00    
0.00     32.00    18.00    14.00    -22.00   26.00    -24.00   28.00    -54.00   -32.00   
-14.00   16.00    12.00    4.00     32.00    26.00    -48.00   -44.00   38.00    -42.00   
-10.00   34.00    -22.00   14.00    -20.00   30.00    42.00    -40.00   -42.00   -56.00   
48.00    2.00     30.00    -24.00   22.00    -20.00   48.00    28.00    28.00    -56.00   
20.00    2.00     14.00    -8.00    -20.00   32.00    -48.00   -28.00   28.00    -34.00   
2.00     42.00    36.00    16.00    18.00    -22.00   -14.00   -36.00   -56.00   -28.00   
-14.00   34.00    48.00    18.00    -42.00   -34.00   42.00    22.00    22.00    26.00    
-2.00    -2.00    2.00     4.00     -36.00   28.00    -42.00   -50.00   56.00    14.00    
-26.00   -8.00    16.00    -4.00    30.00    -42.00   52.00    -22.00   -4.00    54.00    
-12.00   -2.00    6.00     -30.00   50.00    48.00    -36.00   -30.00   40.00    -36.00   
10.00    -12.00   34.00    -16.00   26.00    -26.00   50.00    -58.00   54.00    -58.00   
-8.00    34.00    8.00     -22.00   -36.00   56.00    -42.00   -14.00   22.00    28.00    
-2.00    20.00    22.00    -32.00   -20.00   -28.00   14.00    30.00    36.00    -28.00   
-2.00    4.00     30.00    2.00     26.00    -54.00   -22.00   -50.00   42.00    -44.00   
2.00     -14.00   14.00    6.00     -8.00    54.00    40.00    32.00    -42.00   30.00    
8.00     6.00     28.00    28.00    58.00    30.00    30.00    36.00    56.00    24.00    
2.00     -24.00   30.00    -50.00   56.00    -50.00   42.00    -42.00   -58.00   -28.00   
4.00     10.00    -38.00   -20.00   -24.00   -52.00   -54.00   30.00    -44.00   30.00    
20.00    52.00    -14.00   -28.00   -10.00   -40.00   40.00    -56.00   50.00    -2.00    
-40.00   20.00    24.00    44.00    -14.00   -52.00   -44.00   -50.00   -28.00   -56.00   
-4.00    18.00    -4.00    20.00    34.00    -20.00   36.00    58.00    6.00     50.00    
-10.00   12.00    -26.00   -10.00   -42.00   -4.00    -16.00   58.00    2.00     42.00    
-30.00   -42.00   -44.00   -22.00   56.00    -36.00   2.00     -44.00   46.00    -36.00   
10.00    28.00    38.00    34.00    44.00    32.00    -48.00   38.00    -46.00   -56.00   
14.00    -30.00   -44.00   14.00    -16.00   50.00    -30.00   -50.00   14.00    -18.00   
46.00    24.00    18.00    -4.00    30.00    8.00     -42.00   -22.00   42.00    50.00    
-8.00    0.00     -8.00    6.00     24.00    -50.00   -36.00   40.00    44.00    56.00    
-2.00    16.00    -20.00   4.00     38.00    -14.00   0.00     32.00    42.00    2.00     
32.00    -10.00   44.00    -8.00    -42.00   26.00    -56.00   28.00    -50.00   50.00    
18.00    -24.00   12.00    30.00    2.00     -40.00   -28.00   42.00    22.00    -26.00   
-26.00   -2.00    36.00    -52.00   42.00    -42.00   -42.00   -28.00   -30.00   -54.00   
-18.00   12.00    0.00     44.00    -50.00   0.00     56.00    58.00    -28.00   58.00    
4.00     10.00    46.00    20.00    -56.00   -2.00    -38.00   -38.00   48.00    -26.00   
-12.00   8.00     28.00    34.00    -22.00   38.00    -4.00    -14.00   -26.00   -50.00   
18.00    -18.00   10.00    -24.00   -10.00   -26.00   -56.00   -36.00   30.00    42.00    
0.00     -30.00   -6.00    58.00    -16.00   44.00    -20.00   60.00    -56.00   -32.00   
-50.00   0.00     2.00     -30.00   28.00    -22.00   42.00    46.00    -36.00   28.00    
-22.00   8.00     6.00     -16.00   0.00     22.00    28.00    -22.00   -42.00   -10.00   
4.00     4.00     -14.00   14.00    -32.00   40.00    44.00    32.00    -36.00   -56.00   
2.00     38.00    8.00     6.00     26.00    48.00    -28.00   -28.00   56.00    -42.00   
18.00    -18.00   0.00     -18.00   -30.00   16.00    48.00    60.00    24.00    -56.00   
38.00    12.00    -6.00    -24.00   52.00    6.00     -58.00   -50.00   -36.00   36.00    
-22.00   22.00    10.00    -22.00   46.00    -10.00   -56.00   28.00    -48.00   58.00    
12.00    -10.00   12.00    -20.00   -22.00   -36.00   -44.00   56.00    56.00    -42.00   
-8.00    -34.00   24.00    54.00    42.00    34.00    -14.00   12.00    -44.00   42.00    
22.00    26.00    -28.00   -50.00   -20.00   0.00     -12.00   -56.00   58.00    44.00    
6.00     -16.00   -38.00   54.00    -8.00    -38.00   6.00     44.00    -30.00   30.00    
46.00    44.00    14.00    34.00    -32.00   28.00    -6.00    30.00    -42.00   24.00    
28.00    -18.00   -34.00   18.00    -6.00    -42.00   -52.00   -30.00   -56.00   -56.00   
6.00     40.00    36.00    -12.00   42.00    2.00     10.00    46.00    12.00    56.00    
12.00    44.00    -30.00   16.00    24.00    -54.00   -30.00   28.00    44.00    -26.00   
-6.00    0.00     -44.00   28.00    -56.00   -60.00   -38.00   58.00    56.00    -52.00   
-22.00   -10.00   20.00    8.00     -40.00   56.00    12.00    48.00    30.00    -44.00   
16.00    24.00    46.00    -30.00   48.00    10.00    -50.00   52.00    58.00    -50.00   
6.00     28.00    34.00    18.00    4.00     -36.00   18.00    -40.00   58.00    -42.00   
-4.00    18.00    -18.00   40.00    0.00     -42.00   24.00    42.00    50.00    30.00    
-18.00   4.00     -30.00   6.00     -16.00   42.00    12.00    4.00     -18.00   52.00    
4.00     28.00    20.00    -14.00   46.00    -18.00   -50.00   8.00     58.00    50.00    
-8.00    20.00    10.00    -10.00   -2.00    22.00    24.00    -34.00   54.00    -42.00   
10.00    20.00    -24.00   -18.00   -6.00    -40.00   -38.00   -50.00   42.00    -16.00   
0.00     -36.00   -18.00   14.00    24.00    42.00    18.00    56.00    -36.00   26.00    
-24.00   18.00    -42.00   44.00    0.00     42.00    28.00    -54.00   -40.00   56.00    
-18.00   -46.00   -18.00   28.00    -22.00   56.00    44.00    44.00    -34.00   -56.00   
-6.00    -56.00   -26.00   28.00    -42.00   -40.00   52.00    -28.00   56.00    -30.00   
38.00    -12.00   -6.00    0.00     -36.00   -56.00   -42.00   -2.00    0.00     28.00    
12.00    -2.00    2.00     46.00    6.00     62.00    56.00    -40.00   58.00    -42.00   
0.00     24.00    24.00    -40.00   -34.00   40.00    -52.00   42.00    -50.00   60.00    
-26.00   4.00     -6.00    -30.00   -18.00   -30.00   44.00    58.00    -42.00   -44.00   
-40.00   6.00     -4.00    10.00    14.00    26.00    50.00    -44.00   -28.00   36.00    
10.00    14.00    30.00    -10.00   -46.00   -30.00   -32.00   -54.00   38.00    -40.00   
34.00    6.00     22.00    -12.00   8.00     56.00    -40.00   -38.00   -24.00   -28.00   
-48.00   -8.00    18.00    -48.00   40.00    2.00     -42.00   30.00    56.00    28.00    
-34.00   4.00     -6.00    -10.00   18.00    26.00    -38.00   -36.00   -56.00   38.00    
-16.00   6.00     2.00     -4.00    -4.00    22.00    44.00    40.00    56.00    -56.00   
-36.00   4.00     36.00    18.00    -4.00    -6.00    26.00    -56.00   -24.00   -44.00   
-28.00   22.00    16.00    -40.00   14.00    36.00    56.00    -30.00   -56.00   -16.00   
0.00     8.00     -30.00   50.00    -46.00   58.00    2.00     30.00    -44.00   50.00    
36.00    20.00    -2.00    6.00     -24.00   -30.00   -56.00   24.00    -28.00   -42.00   
44.00    26.00    -56.00   14.00    -8.00    -16.00   58.00    -34.00   -32.00   -42.00   
24.00    -28.00   20.00    -12.00   -22.00   4.00     -60.00   -32.00   -56.00   52.00    
-64.00   -10.00   20.00    20.00    -2.00    46.00    -54.00   58.00    30.00    -42.00   
-6.00    -6.00    38.00    -20.00   36.00    18.00    58.00    -2.00    58.00    -24.00   
-6.00    -32.00   -36.00   -36.00   -32.00   -8.00    -52.00   56.00    -56.00   4.00     
42.00    40.00    2.00     -46.00   -26.00   40.00    22.00    -28.00   30.00    34.00    
20.00    10.00    0.00     0.00     -24.00   30.00    -44.00   -30.00   42.00    -56.00   
2.00     40.00    -36.00   -22.00   46.00    4.00     -46.00   42.00    42.00    30.00    
-6.00    28.00    -30.00   42.00    -24.00   12.00    -44.00   -56.00   -26.00   -16.00   
6.00     -8.00    -36.00   14.00    -14.00   -56.00   10.00    56.00    26.00    -44.00   
2.00     -24.00   -26.00   0.00     4.00     58.00    50.00    28.00    56.00    -56.00   
10.00    -16.00   44.00    6.00     20.00    26.00    22.00    -60.00   -36.00   22.00    
-22.00   46.00    4.00     22.00    38.00    14.00    -36.00   38.00    -56.00   -24.00   
22.00    -30.00   14.00    -12.00   12.00    -52.00   4.00     -44.00   36.00    -34.00   
-2.00    4.00     32.00    58.00    58.00    22.00    -52.00   -44.00   -56.00   56.00    
6.00     -2.00    -28.00   4.00     -48.00   -54.00   -58.00   -54.00   -28.00   -58.00   
-4.00    -10.00   24.00    22.00    10.00    -24.00   50.00    -16.00   -42.00   -42.00   
40.00    10.00    32.00    48.00    -28.00   26.00    58.00    28.00    -56.00   -56.00   
28.00    28.00    -16.00   28.00    14.00    -24.00   14.00    -24.00   -20.00   -30.00   
-22.00   -46.00   -2.00    -16.00   -14.00   -48.00   -40.00   -58.00   -16.00   -50.00   
20.00    6.00     40.00    16.00    32.00    4.00     46.00    52.00    56.00    30.00    
28.00    -32.00   -8.00    -28.00   -26.00   -36.00   32.00    42.00    18.00    42.00    
28.00    -14.00   -30.00   -32.00   -44.00   50.00    40.00    20.00    -58.00   -58.00   
-4.00    18.00    -38.00   -10.00   36.00    -12.00   58.00    -6.00    50.00    56.00    
22.00    -36.00   -20.00   -42.00   -46.00   -44.00   -16.00   56.00    -24.00   -44.00   
36.00    -4.00    -34.00   4.00     -22.00   -50.00   -42.00   -30.00   30.00    50.00    
20.00    -40.00   -24.00   26.00    -50.00   -44.00   -12.00   -36.00   -56.00   -14.00   
-24.00   26.00    20.00    28.00    24.00    46.00    20.00    28.00    -50.00   38.00    
-14.00   32.00    -12.00   -20.00   14.00    -4.00    38.00    -16.00   48.00    56.00    
-6.00    12.00    38.00    44.00    -52.00   16.00    20.00    44.00    44.00    56.00    
-34.00   -12.00   -6.00    42.00    -36.00   -30.00   50.00    24.00    56.00    30.00    
-34.00   0.00     -4.00    -42.00   14.00    28.00    34.00    18.00    -60.00   -28.00   
16.00    32.00    10.00    -6.00    30.00    20.00    28.00    50.00    -28.00   -50.00   
-12.00   18.00    40.00    -8.00    12.00    50.00    44.00    28.00    -56.00   -36.00   
20.00    -32.00   32.00    4.00     -18.00   -12.00   46.00    24.00    14.00    -54.00   
-2.00    -30.00   -4.00    -8.00    -24.00   40.00    -40.00   56.00    -42.00   -28.00   
-8.00    6.00     0.00     -30.00   36.00    -22.00   -36.00   58.00    -54.00   -42.00   
-32.00   18.00    30.00    -26.00   -22.00   2.00     -36.00   -54.00   6.00     -30.00   
12.00    -12.00   28.00    -6.00    -14.00   -22.00   4.00     -24.00   -46.00   56.00    
18.00    -60.00   20.00    -54.00   30.00    -34.00   44.00    -54.00   -42.00   46.00    
32.00    -20.00   14.00    -24.00   0.00     -40.00   58.00    30.00    -26.00   50.00    
32.00    -26.00   4.00     16.00    -4.00    -22.00   40.00    -54.00   56.00    10.00    
-18.00   0.00     2.00     22.00    58.00    -28.00   26.00    8.00     -14.00   58.00    
32.00    -46.00   26.00    -26.00   50.00    -32.00   44.00    26.00    -40.00   42.00    
10.00    42.00    26.00    34.00    -42.00   30.00    36.00    50.00    56.00    -42.00   
18.00    32.00    20.00    -22.00   -20.00   26.00    22.00    56.00    56.00    36.00    
12.00    6.00     38.00    12.00    36.00    28.00    -44.00   50.00    58.00    58.00    
22.00    16.00    -14.00   32.00    -12.00   -26.00   -18.00   20.00    -42.00   -28.00   
20.00    -2.00    -22.00   52.00    28.00    -24.00   -56.00   44.00    58.00    56.00    
-30.00   14.00    -46.00   -38.00   14.00    -22.00   12.00    -16.00   44.00    42.00    
-4.00    42.00    0.00     4.00     34.00    48.00    -56.00   -50.00   16.00    -28.00   
24.00    -4.00    -16.00   -36.00   34.00    56.00    54.00    42.00    52.00    50.00    
12.00    -46.00   -38.00   -26.00   40.00    -14.00   36.00    44.00    -42.00   54.00    
-26.00   22.00    -28.00   36.00    -50.00   -44.00   -58.00   -30.00   -44.00   28.00    
-24.00   28.00    -8.00    26.00    -16.00   48.00    56.00    -24.00   56.00    -44.00   
0.00     -46.00   -16.00   48.00    34.00    -30.00   -52.00   30.00    -42.00   50.00    
-32.00   18.00    30.00    -26.00   -14.00   -10.00   42.00    -46.00   -28.00   -16.00   
-24.00   36.00    -10.00   -22.00   18.00    40.00    -34.00   -56.00   36.00    42.00    
6.00     16.00    46.00    30.00    -40.00   -54.00   -28.00   30.00    36.00    -56.00   
8.00     2.00     -24.00   4.00     56.00    -46.00   -42.00   -36.00   -50.00   -42.00   
-40.00   -4.00    -24.00   32.00    -14.00   38.00    28.00    44.00    58.00    -56.00   
-18.00   26.00    -10.00   16.00    -30.00   42.00    -50.00   -58.00   60.00    40.00    
12.00    -42.00   -4.00    -18.00   30.00    -44.00   32.00    26.00    -56.00   -26.00   
-12.00   -18.00   -48.00   -34.00   -40.00   18.00    20.00    40.00    -42.00   58.00    
28.00    20.00    -2.00    -2.00    -58.00   20.00    -44.00   -30.00   44.00    56.00    
18.00    24.00    28.00    -56.00   -34.00   48.00    -24.00   44.00    26.00    40.00    
8.00     -10.00   -26.00   -10.00   -40.00   32.00    -54.00   -24.00   -42.00   22.00    
-16.00   -18.00   32.00    38.00    8.00     -2.00    -38.00   -22.00   -54.00   28.00    
-36.00   -14.00   -18.00   -26.00   -52.00   -56.00   22.00    -24.00   58.00    44.00    
-26.00   30.00    -12.00   22.00    -10.00   -46.00   -56.00   2.00     2.00     -36.00   
44.00    -28.00   56.00    8.00     -14.00   10.00    32.00    26.00    -48.00   28.00    
20.00    38.00    -16.00   24.00    -46.00   -20.00   -56.00   56.00    24.00    -54.00   
18.00    22.00    -32.00   8.00     -14.00   -2.00    28.00    50.00    -36.00   -54.00   
-2.00    14.00    -30.00   -6.00    -52.00   -26.00   -42.00   -58.00   54.00    -56.00   
-34.00   20.00    -20.00   -8.00    -30.00   -36.00   40.00    8.00     28.00    42.00    
-20.00   40.00    -18.00   62.00    -10.00   28.00    28.00    -54.00   36.00    52.00    
-2.00    4.00     -36.00   -18.00   -44.00   50.00    20.00    -58.00   -58.00   -38.00   
4.00     -8.00    -28.00   -4.00    38.00    -48.00   -36.00   -56.00   -58.00   38.00    
-16.00   -14.00   -24.00   -26.00   -36.00   -52.00   -28.00   -16.00   -40.00   -48.00   
-32.00   22.00    6.00     -12.00   -14.00   46.00    -22.00   -52.00   -30.00   -28.00   
-36.00   2.00     -24.00   42.00    14.00    -28.00   36.00    -36.00   48.00    54.00    
8.00     26.00    6.00     34.00    -20.00   42.00    36.00    50.00    -28.00   -44.00   
52.00    24.00    -30.00   -2.00    -24.00   -8.00    -20.00   0.00     -46.00   42.00    
0.00     -28.00   -38.00   -56.00   -30.00   48.00    48.00    -48.00   58.00    -44.00   
8.00     44.00    26.00    -48.00   42.00    0.00     -10.00   56.00    28.00    48.00    
4.00     18.00    0.00     38.00    20.00    42.00    42.00    54.00    30.00    -58.00   
-10.00   36.00    -24.00   -60.00   -28.00   50.00    -18.00   44.00    42.00    58.00    
-14.00   -22.00   -34.00   -42.00   -6.00    -56.00   36.00    10.00    -44.00   -22.00   
36.00    22.00    10.00    -34.00   -58.00   -28.00   58.00    -22.00   -46.00   58.00    
-6.00    -24.00   -30.00   -32.00   -52.00   36.00    -58.00   40.00    -38.00   -40.00   
-12.00   -12.00   -12.00   -40.00   12.00    42.00    42.00    -52.00   -56.00   56.00    
-20.00   -12.00   28.00    40.00    16.00    20.00    -40.00   -24.00   32.00    -34.00   
50.00    -28.00   48.00    50.00    -42.00   50.00    -56.00   28.00    36.00    50.00    
-12.00   -42.00   -34.00   22.00    -24.00   -10.00   -40.00   -56.00   -56.00   -44.00   
-24.00   18.00    52.00    -6.00    -30.00   40.00    -56.00   44.00    -30.00   56.00    
50.00    -4.00    4.00     18.00    20.00    -60.00   0.00     56.00    22.00    -50.00   
-22.00   -12.00   -16.00   -30.00   62.00    -52.00   -10.00   -44.00   44.00    -58.00   
-44.00   -14.00   -32.00   6.00     -20.00   -32.00   42.00    42.00    -52.00   44.00    
-44.00   -14.00   2.00     -14.00   -28.00   6.00     -28.00   26.00    42.00    36.00    
8.00     24.00    40.00    -40.00   12.00    -34.00   50.00    2.00     -52.00   56.00    
8.00     -2.00    -46.00   14.00    -48.00   -22.00   -50.00   58.00    -58.00   16.00    
-6.00    2.00     2.00     12.00    26.00    -32.00   18.00    52.00    -36.00   42.00    
30.00    -28.00   -10.00   -40.00   -28.00   -18.00   -34.00   -22.00   18.00    50.00    
14.00    -8.00    44.00    -26.00   34.00    -48.00   42.00    58.00    -58.00   58.00    
12.00    36.00    2.00     6.00     34.00    -26.00   32.00    -8.00    30.00    16.00    
-8.00    -14.00   -18.00   -16.00   22.00    -40.00   -26.00   -14.00   50.00    46.00    
24.00    -6.00    -26.00   24.00    -34.00   -12.00   -26.00   28.00    -40.00   -58.00   
-18.00   18.00    -56.00   -28.00   -22.00   -52.00   56.00    28.00    -42.00   58.00    
24.00    14.00    22.00    22.00    -42.00   0.00     -50.00   58.00    -22.00   56.00    
30.00    8.00     -26.00   42.00    32.00    -28.00   -40.00   56.00    34.00    44.00    
-22.00   2.00     -36.00   52.00    22.00    24.00    26.00    -2.00    -50.00   -44.00   
-12.00   -8.00    4.00     20.00    22.00    -32.00   36.00    -38.00   -16.00   40.00    
-2.00    -18.00   18.00    -2.00    -48.00   -42.00   -22.00   -56.00   38.00    42.00    
-2.00    28.00    -10.00   -20.00   18.00    -46.00   36.00    -44.00   18.00    42.00    
22.00    6.00     26.00    26.00    40.00    -56.00   -30.00   56.00    -34.00   42.00    
14.00    -6.00    -4.00    -40.00   24.00    36.00    32.00    -56.00   -34.00   56.00    
-42.00   0.00     8.00     -36.00   36.00    56.00    -10.00   18.00    24.00    -42.00   
-32.00   22.00    -30.00   -16.00   26.00    -42.00   -56.00   -56.00   28.00    -22.00   
-6.00    -40.00   -8.00    20.00    28.00    -32.00   52.00    36.00    -42.00   -50.00   
-14.00   12.00    -20.00   -26.00   -32.00   -12.00   32.00    -22.00   -42.00   28.00    
4.00     12.00    -12.00   -30.00   -26.00   44.00    22.00    -56.00   -56.00   -56.00   
14.00    -36.00   4.00     48.00    22.00    -14.00   42.00    32.00    -56.00   56.00    
6.00     14.00    -10.00   -4.00    -40.00   -4.00    28.00    36.00    -58.00   -56.00   
38.00    22.00    32.00    -16.00   50.00    -44.00   -42.00   -58.00   -58.00   -42.00   
38.00    -44.00   -20.00   16.00    0.00     36.00    42.00    38.00    -38.00   -28.00   
-24.00   36.00    -32.00   -28.00   16.00    32.00    -42.00   14.00    -54.00   -42.00   
36.00    -20.00   -2.00    -30.00   -18.00   46.00    -54.00   54.00    48.00    28.00    
-26.00   30.00    18.00    -44.00   20.00    -42.00   -46.00   -26.00   30.00    50.00    
-8.00    -30.00   -28.00   -38.00   30.00    44.00    -16.00   56.00    40.00    48.00    
16.00    4.00     20.00    52.00    -30.00   -32.00   44.00    -56.00   -40.00   -52.00   
-8.00    0.00     48.00    -4.00    -28.00   40.00    -40.00   28.00    -14.00   56.00    
4.00     -58.00   -38.00   2.00     -38.00   44.00    36.00    58.00    -32.00   -4.00    
-10.00   10.00    -2.00    -26.00   -28.00   -28.00   -28.00   56.00    -52.00   -50.00   
-26.00   -14.00   40.00    -22.00   52.00    56.00    -44.00   -50.00   54.00    58.00    
30.00    -42.00   16.00    -50.00   -16.00   -58.00   -22.00   -46.00   28.00    -30.00   
-18.00   20.00    30.00    -10.00   12.00    -48.00   -50.00   56.00    42.00    -36.00   
-2.00    -26.00   -12.00   24.00    12.00    36.00    -32.00   42.00    -28.00   50.00    
12.00    -24.00   30.00    40.00    -52.00   50.00    24.00    10.00    42.00    -42.00   
-26.00   -20.00   -16.00   22.00    -28.00   -46.00   8.00     -60.00   14.00    32.00    
0.00     0.00     38.00    52.00    -40.00   -44.00   56.00    54.00    38.00    -30.00   
-10.00   -28.00   46.00    32.00    8.00     32.00    -48.00   -14.00   -50.00   -18.00   
-2.00    -52.00   26.00    28.00    -32.00   -32.00   30.00    -34.00   44.00    -58.00   
0.00     22.00    2.00     6.00     46.00    -24.00   42.00    20.00    42.00    -30.00   
20.00    30.00    18.00    30.00    -44.00   -20.00   38.00    48.00    -48.00   56.00    
26.00    12.00    8.00     -44.00   -10.00   34.00    -54.00   42.00    58.00    -28.00   
-48.00   -24.00   30.00    -28.00   14.00    -58.00   -2.00    -58.00   -58.00   30.00    
-30.00   20.00    30.00    -4.00    -14.00   -28.00   -60.00   -28.00   -58.00   56.00    
22.00    -10.00   -24.00   2.00     30.00    -26.00   56.00    -42.00   56.00    -56.00   
-14.00   6.00     -32.00   -50.00   -8.00    -12.00   28.00    -36.00   -46.00   -56.00   
14.00    12.00    -12.00   -18.00   -56.00   48.00    -32.00   24.00    2.00     54.00    
-28.00   26.00    4.00     -28.00   -38.00   -10.00   -20.00   56.00    42.00    -50.00   
2.00     -2.00    -42.00   -6.00    -26.00   -54.00   44.00    -42.00   -56.00   56.00    
10.00    6.00     -42.00   6.00     -28.00   -56.00   32.00    36.00    30.00    30.00    
-14.00   -8.00    20.00    34.00    54.00    36.00    56.00    14.00    -28.00   -42.00   
18.00    -28.00   -14.00   -28.00   52.00    -50.00   -54.00   -44.00   44.00    10.00    
14.00    24.00    -48.00   56.00    30.00    -40.00   -42.00   -42.00   44.00    56.00    
-10.00   2.00     -16.00   -38.00   28.00    44.00    -34.00   -36.00   50.00    -58.00   
10.00    14.00    -32.00   -46.00   -16.00   -44.00   -58.00   42.00    28.00    28.00    
-2.00    -28.00   -20.00   -40.00   -26.00   -12.00   -32.00   24.00    34.00    -58.00   
-28.00   40.00    -50.00   30.00    -26.00   28.00    -54.00   48.00    -54.00   -52.00   
14.00    -32.00   2.00     -44.00   -48.00   -36.00   28.00    44.00    50.00    -30.00   
12.00    -14.00   -18.00   -44.00   -22.00   -26.00   -50.00   52.00    30.00    -54.00   
14.00    -16.00   6.00     6.00     6.00     -28.00   -36.00   42.00    -50.00   60.00    
38.00    20.00    10.00    54.00    -24.00   -50.00   56.00    -50.00   -50.00   -26.00   
-26.00   -28.00   34.00    12.00    -28.00   -12.00   56.00    -44.00   60.00    -56.00   
26.00    -20.00   -4.00    -24.00   26.00    26.00    50.00    58.00    -50.00   -36.00   
-12.00   -12.00   -18.00   2.00     0.00     26.00    -28.00   36.00    58.00    -58.00   
8.00     -12.00   24.00    52.00    46.00    32.00    -56.00   -42.00   -56.00   28.00    
-10.00   34.00    0.00     -56.00   -10.00   -26.00   -24.00   54.00    -56.00   -42.00   
-2.00    8.00     8.00     12.00    -16.00   30.00    30.00    22.00    -28.00   -42.00   
24.00    -22.00   -52.00   26.00    6.00     10.00    -16.00   14.00    -58.00   -28.00   
8.00     -28.00   -38.00   -36.00   8.00     -16.00   42.00    30.00    56.00    -36.00   
2.00     -4.00    38.00    -54.00   -12.00   10.00    -12.00   42.00    -28.00   -56.00   
-10.00   -20.00   32.00    22.00    -56.00   -52.00   -56.00   -50.00   42.00    -28.00   
16.00    -48.00   -32.00   -46.00   44.00    6.00     58.00    50.00    38.00    -28.00   
-28.00   -32.00   4.00     40.00    30.00    38.00    60.00    42.00    -46.00   38.00    
20.00    -40.00   -20.00   -18.00   -30.00   38.00    38.00    28.00    -42.00   -42.00   
22.00    -4.00    -10.00   2.00     -8.00    26.00    -42.00   -42.00   -48.00   54.00    
4.00     30.00    -18.00   40.00    32.00    16.00    56.00    36.00    -14.00   -58.00   
22.00    -28.00   28.00    10.00    34.00    60.00    -36.00   -50.00   56.00    30.00    
10.00    -6.00    -24.00   -24.00   -40.00   -36.00   56.00    -38.00   -56.00   -42.00   
16.00    -20.00   -14.00   -44.00   -22.00   -54.00   48.00    48.00    32.00    44.00    
-54.00   -26.00   -42.00   0.00     28.00    -50.00   -4.00    56.00    -24.00   32.00    
8.00     -4.00    -26.00   -22.00   22.00    -22.00   -42.00   28.00    26.00    -8.00    
-16.00   -2.00    44.00    24.00    20.00    -54.00   50.00    56.00    30.00    36.00    
-28.00   -6.00    -10.00   -26.00   -52.00   56.00    42.00    12.00    -56.00   40.00    
6.00     16.00    40.00    44.00    -48.00   -26.00   40.00    -40.00   -44.00   56.00    
-44.00   8.00     -10.00   -34.00   48.00    14.00    40.00    -40.00   12.00    56.00    
-34.00   2.00     -12.00   24.00    -14.00   20.00    18.00    -42.00   -56.00   -8.00    
26.00    -10.00   18.00    -16.00   30.00    -24.00   -42.00   -38.00   -40.00   30.00    
-18.00   -34.00   36.00    42.00    -28.00   -40.00   -22.00   -42.00   16.00    -28.00   
-16.00   -10.00   -2.00    -34.00   26.00    -52.00   -8.00    50.00    -50.00   28.00    
-18.00   -34.00   -26.00   30.00    2.00     42.00    26.00    -32.00   -56.00   -16.00   
16.00    38.00    20.00    26.00    -36.00   -32.00   -28.00   8.00     36.00    -42.00   
-56.00   -8.00    20.00    -40.00   -44.00   32.00    -28.00   -28.00   50.00    52.00    
-8.00    24.00    -30.00   -8.00    -24.00   -42.00   56.00    36.00    28.00    -24.00   
26.00    -12.00   6.00     -26.00   28.00    -26.00   -16.00   -56.00   -40.00   -42.00   
-40.00   2.00     -34.00   -12.00   8.00     30.00    44.00    -34.00   -28.00   58.00    
20.00    -28.00   44.00    -2.00    2.00     -26.00   -50.00   -58.00   28.00    -2.00    
2.00     4.00     -2.00    32.00    -44.00   -54.00   36.00    58.00    -28.00   -44.00   
12.00    4.00     0.00     28.00    2.00     56.00    -14.00   56.00    -30.00   30.00    
20.00    -36.00   -40.00   0.00     22.00    16.00    46.00    52.00    -54.00   56.00    
20.00    -14.00   -32.00   -6.00    -40.00   -30.00   -44.00   30.00    56.00    -56.00   
-24.00   -8.00    18.00    -14.00   42.00    -30.00   -28.00   22.00    -32.00   50.00    
-22.00   26.00    -26.00   42.00    -14.00   0.00     -30.00   -50.00   40.00    22.00    
-16.00   14.00    -32.00   26.00    38.00    -4.00    52.00    -16.00   -38.00   42.00    
22.00    -24.00   8.00     16.00    32.00    16.00    -44.00   -12.00   -52.00   42.00    
12.00    -8.00    8.00     -48.00   -6.00    -28.00   -48.00   -34.00   -54.00   -56.00   
-20.00   18.00    46.00    22.00    42.00    -34.00   32.00    54.00    50.00    -30.00   
-22.00   62.00    -2.00    -28.00   -50.00   46.00    -58.00   54.00    -28.00   56.00    
8.00     16.00    -10.00   -16.00   10.00    20.00    -46.00   42.00    -38.00   24.00    
14.00    30.00    24.00    -38.00   14.00    -36.00   -30.00   -58.00   30.00    -42.00   
12.00    14.00    18.00    40.00    -4.00    44.00    -26.00   -56.00   30.00    -36.00   
-26.00   8.00     -26.00   38.00    -48.00   18.00    38.00    44.00    -56.00   -42.00   
-6.00    -10.00   -20.00   -42.00   -14.00   -36.00   54.00    20.00    -50.00   -56.00   
-2.00    28.00    4.00     6.00     -16.00   34.00    22.00    54.00    -56.00   -56.00   
0.00     -8.00    10.00    26.00    24.00    42.00    36.00    38.00    -60.00   42.00    
8.00     28.00    22.00    14.00    -32.00   -42.00   -22.00   56.00    -58.00   -30.00   
-4.00    24.00    -4.00    -28.00   46.00    -26.00   -48.00   -14.00   56.00    32.00    
18.00    12.00    -24.00   16.00    32.00    -42.00   -28.00   -28.00   -42.00   56.00    
-16.00   -28.00   -6.00    30.00    -44.00   26.00    -32.00   -36.00   -56.00   -22.00   
-6.00    -2.00    -4.00    -26.00   40.00    -58.00   -54.00   -40.00   42.00    42.00    
-26.00   -10.00   -16.00   -12.00   6.00     -54.00   -46.00   -44.00   -56.00   50.00    
0.00     26.00    10.00    -36.00   -22.00   -22.00   28.00    50.00    42.00    50.00    
26.00    -30.00   16.00    -20.00   -18.00   -28.00   -14.00   56.00    30.00    56.00    
20.00    16.00    -18.00   20.00    6.00     -54.00   -24.00   30.00    -28.00   54.00    
0.00     -28.00   -8.00    -50.00   -14.00   -56.00   40.00    60.00    56.00    -28.00   
0.00     18.00    40.00    -42.00   -38.00   42.00    -28.00   56.00    -36.00   46.00    
-16.00   -26.00   -32.00   -6.00    16.00    -52.00   -30.00   -56.00   56.00    28.00    
20.00    -46.00   -10.00   -28.00   -50.00   -24.00   -50.00   -30.00   -26.00   34.00    
2.00     8.00     14.00    -36.00   32.00    -52.00   28.00    38.00    42.00    58.00    
-2.00    -16.00   -16.00   -4.00    -2.00    16.00    56.00    24.00    -50.00   -50.00   
-32.00   28.00    6.00     6.00     34.00    -32.00   32.00    -44.00   28.00    56.00    
10.00    8.00     -2.00    -30.00   58.00    44.00    -30.00   14.00    30.00    -42.00   
18.00    14.00    14.00    -58.00   26.00    -24.00   -42.00   36.00    42.00    -30.00   
-42.00   -24.00   36.00    26.00    26.00    -4.00    -56.00   28.00    48.00    44.00    
10.00    18.00    -42.00   48.00    6.00     20.00    -14.00   -30.00   42.00    48.00    
-2.00    14.00    24.00    28.00    0.00     -20.00   30.00    -48.00   -58.00   42.00    
-6.00    14.00    8.00     -36.00   50.00    24.00    30.00    -28.00   -22.00   -56.00   
-18.00   -42.00   36.00    -42.00   -20.00   38.00    -26.00   30.00    -58.00   42.00    
0.00     4.00     20.00    28.00    -16.00   22.00    -56.00   -44.00   48.00    16.00    
-18.00   6.00     -10.00   8.00     34.00    -42.00   -56.00   40.00    56.00    -56.00   
14.00    -18.00   -12.00   20.00    28.00    -26.00   30.00    56.00    12.00    -44.00   
0.00     2.00     44.00    34.00    -26.00   -24.00   46.00    -36.00   -42.00   -22.00   
-22.00   -26.00   -12.00   20.00    -32.00   -42.00   -52.00   30.00    -6.00    -38.00   
-44.00   36.00    54.00    18.00    56.00    52.00    -2.00    14.00    -40.00   58.00    
26.00    -32.00   -4.00    36.00    20.00    56.00    52.00    -52.00   42.00    56.00    
-22.00   -22.00   34.00    -4.00    40.00    -34.00   -48.00   -28.00   -26.00   56.00    
10.00    0.00     -8.00    -14.00   6.00     -56.00   -36.00   -54.00   42.00    54.00    
6.00     6.00     -20.00   -4.00    28.00    -2.00    28.00    -42.00   40.00    56.00    
-4.00    -48.00   42.00    0.00     14.00    -4.00    -36.00   36.00    -50.00   24.00    
50.00    -4.00    -4.00    24.00    -38.00   16.00    26.00    -16.00   -22.00   -44.00   
18.00    -48.00   18.00    -16.00   18.00    -32.00   50.00    -56.00   30.00    56.00    
4.00     4.00     -30.00   -40.00   -50.00   36.00    -48.00   56.00    -30.00   60.00    
22.00    30.00    -6.00    34.00    6.00     30.00    -24.00   50.00    56.00    52.00    
-36.00   0.00     -18.00   -16.00   -26.00   46.00    -56.00   -16.00   -32.00   -42.00   
14.00    -34.00   -2.00    6.00     -44.00   6.00     30.00    44.00    12.00    56.00    
-22.00   30.00    30.00    50.00    28.00    -50.00   36.00    28.00    60.00    -30.00   
-12.00   -40.00   16.00    42.00    -56.00   -2.00    -54.00   -20.00   -30.00   -50.00   
8.00     20.00    44.00    -52.00   36.00    28.00    -48.00   42.00    36.00    56.00    
