12.00    -122.00  -28.00   16.00    50.00    -84.00   -64.00   -16.00   36.00    50.00    
2.00     66.00    -48.00   -18.00   26.00    38.00    -76.00   -66.00   -30.00   104.00   
-44.00   64.00    -44.00   -10.00   -28.00   -6.00    62.00    -24.00   -100.00  42.00    
-30.00   -34.00   -56.00   -52.00   52.00    -4.00    22.00    -54.00   -60.00   -106.00  
28.00    -82.00   -48.00   -32.00   74.00    20.00    -86.00   10.00    -64.00   -40.00   
-24.00   -10.00   -22.00   6.00     76.00    4.00     -16.00   -58.00   -42.00   -20.00   
50.00    -50.00   -50.00   -46.00   -58.00   -16.00   102.00   -72.00   -54.00   88.00    
-10.00   26.00    -40.00   24.00    -54.00   -14.00   88.00    -2.00    88.00    -80.00   
26.00    -46.00   78.00    6.00     6.00     -76.00   48.00    2.00     -46.00   60.00    
-56.00   -26.00   -82.00   -26.00   -4.00    -4.00    2.00     -160.00  28.00    -16.00   
42.00    -20.00   6.00     102.00   -4.00    -68.00   -8.00    116.00   32.00    -70.00   
16.00    18.00    -50.00   0.00     -48.00   58.00    72.00    74.00    104.00   -112.00  
-28.00   -26.00   -18.00   26.00    50.00    -22.00   -94.00   -76.00   88.00    108.00   
-18.00   -8.00    -26.00   96.00    14.00    106.00   -6.00    84.00    -60.00   -42.00   
34.00    60.00    -32.00   0.00     10.00    -70.00   58.00    -26.00   48.00    12.00    
-60.00   38.00    -20.00   56.00    50.00    -62.00   64.00    4.00     -86.00   124.00   
-14.00   -64.00   78.00    112.00   14.00    -64.00   8.00     -132.00  -56.00   14.00    
52.00    -22.00   -42.00   -24.00   -28.00   -10.00   -50.00   -70.00   82.00    -34.00   
54.00    -78.00   -6.00    -36.00   -94.00   -94.00   86.00    -54.00   8.00     10.00    
-24.00   -16.00   -58.00   10.00    42.00    -6.00    40.00    -48.00   -8.00    50.00    
8.00     -18.00   70.00    -26.00   -12.00   -48.00   38.00    40.00    0.00     86.00    
-12.00   -30.00   66.00    16.00    30.00    54.00    64.00    86.00    -68.00   -18.00   
-28.00   12.00    -4.00    -2.00    -30.00   -28.00   -52.00   -64.00   -72.00   -82.00   
2.00     -2.00    -62.00   38.00    -26.00   -50.00   38.00    -10.00   56.00    -82.00   
-4.00    56.00    -12.00   -50.00   26.00    24.00    -100.00  18.00    0.00     -12.00   
42.00    -56.00   -20.00   76.00    -38.00   -6.00    -42.00   72.00    72.00    44.00    
-14.00   -8.00    36.00    72.00    -94.00   -106.00  36.00    80.00    -82.00   96.00    
24.00    -50.00   6.00     -66.00   -96.00   96.00    -24.00   80.00    -116.00  84.00    
-46.00   52.00    -52.00   46.00    -40.00   68.00    -74.00   46.00    -64.00   -44.00   
62.00    2.00     -64.00   -22.00   -54.00   -18.00   -6.00    66.00    -58.00   56.00    
-4.00    -32.00   -54.00   34.00    -30.00   -34.00   68.00    -20.00   -58.00   -4.00    
-46.00   -36.00   50.00    -24.00   66.00    -20.00   30.00    -26.00   14.00    -22.00   
-48.00   -48.00   -48.00   -28.00   -34.00   -12.00   -70.00   18.00    -72.00   -64.00   
-16.00   44.00    -32.00   -16.00   -84.00   -92.00   -16.00   24.00    20.00    -56.00   
54.00    -8.00    16.00    18.00    -72.00   28.00    -42.00   -14.00   -10.00   14.00    
-50.00   52.00    -54.00   36.00    -18.00   2.00     -22.00   94.00    -96.00   86.00    
-42.00   -8.00    -58.00   30.00    -78.00   14.00    -54.00   56.00    94.00    -46.00   
-8.00    -6.00    42.00    -20.00   -20.00   -4.00    12.00    -20.00   46.00    60.00    
6.00     -54.00   60.00    16.00    2.00     -72.00   44.00    -12.00   -14.00   12.00    
44.00    -60.00   -58.00   -76.00   -82.00   30.00    72.00    10.00    38.00    66.00    
-30.00   -16.00   38.00    6.00     68.00    28.00    12.00    92.00    -30.00   -22.00   
-8.00    18.00    26.00    -20.00   96.00    2.00     -8.00    -14.00   20.00    -48.00   
-38.00   -4.00    18.00    56.00    12.00    -14.00   -34.00   -56.00   -2.00    -10.00   
-28.00   -8.00    22.00    -34.00   12.00    -22.00   54.00    -54.00   52.00    42.00    
26.00    -16.00   -34.00   -28.00   -82.00   -10.00   -6.00    -16.00   30.00    32.00    
-10.00   -16.00   38.00    36.00    -40.00   -10.00   26.00    -16.00   76.00    32.00    
-26.00   26.00    -68.00   -10.00   -46.00   6.00     80.00    4.00     34.00    -80.00   
26.00    34.00    24.00    54.00    -64.00   54.00    20.00    74.00    -4.00    114.00   
10.00    42.00    -30.00   46.00    70.00    -64.00   -14.00   40.00    84.00    -32.00   
-18.00   0.00     -54.00   80.00    46.00    16.00    2.00     -68.00   -26.00   20.00    
38.00    12.00    -24.00   -46.00   40.00    26.00    -40.00   38.00    -60.00   54.00    
12.00    -4.00    -14.00   -58.00   -48.00   -102.00  26.00    -116.00  78.00    62.00    
24.00    0.00     -6.00    26.00    -64.00   -44.00   -8.00    56.00    50.00    8.00     
38.00    50.00    22.00    78.00    -2.00    68.00    -36.00   -50.00   36.00    -56.00   
36.00    24.00    -22.00   -42.00   -16.00   46.00    6.00     -112.00  -86.00   -116.00  
-32.00   -68.00   24.00    70.00    54.00    -24.00   -8.00    -60.00   38.00    -12.00   
-52.00   -22.00   -72.00   -36.00   74.00    58.00    36.00    -90.00   46.00    -52.00   
-30.00   -6.00    24.00    26.00    12.00    -46.00   -118.00  -40.00   68.00    90.00    
86.00    -50.00   82.00    40.00    -52.00   86.00    -56.00   96.00    -32.00   -62.00   
88.00    -50.00   58.00    -18.00   -26.00   -62.00   -62.00   -106.00  50.00    -100.00  
16.00    0.00     62.00    -28.00   -82.00   -118.00  32.00    74.00    -40.00   -26.00   
-48.00   -50.00   -28.00   80.00    -72.00   54.00    -68.00   48.00    -40.00   -60.00   
84.00    -30.00   -10.00   2.00     -12.00   -54.00   36.00    -34.00   -64.00   146.00   
40.00    88.00    -4.00    -22.00   24.00    100.00   62.00    -90.00   -24.00   -46.00   
-28.00   46.00    10.00    26.00    116.00   -40.00   72.00    6.00     -76.00   48.00    
-42.00   -2.00    -16.00   24.00    30.00    10.00    22.00    -58.00   -64.00   64.00    
-44.00   0.00     -12.00   16.00    -2.00    -40.00   6.00     68.00    22.00    -2.00    
26.00    -42.00   -22.00   10.00    6.00     -58.00   -32.00   -34.00   40.00    0.00     
-50.00   -18.00   -4.00    56.00    -44.00   24.00    0.00     -30.00   54.00    -52.00   
-38.00   2.00     -4.00    -72.00   -42.00   68.00    56.00    -34.00   54.00    86.00    
14.00    -12.00   50.00    -18.00   -88.00   8.00     -10.00   -14.00   48.00    -10.00   
-28.00   36.00    2.00     66.00    -16.00   6.00     56.00    -64.00   -72.00   64.00    
60.00    6.00     42.00    -8.00    86.00    60.00    -36.00   20.00    84.00    48.00    
-12.00   26.00    -60.00   102.00   -68.00   -8.00    -90.00   -48.00   -24.00   -54.00   
4.00     -6.00    -22.00   -38.00   40.00    2.00     82.00    -104.00  -106.00  -36.00   
-50.00   66.00    2.00     28.00    -52.00   50.00    0.00     32.00    -34.00   -30.00   
18.00    10.00    74.00    -24.00   -42.00   16.00    -36.00   -34.00   24.00    68.00    
42.00    62.00    58.00    16.00    -54.00   96.00    -88.00   22.00    -30.00   78.00    
10.00    -22.00   -88.00   -56.00   -132.00  -10.00   -74.00   -32.00   -6.00    -66.00   
-94.00   50.00    4.00     24.00    -34.00   18.00    -44.00   56.00    -54.00   14.00    
-36.00   100.00   30.00    32.00    -32.00   20.00    76.00    86.00    -38.00   38.00    
-16.00   -78.00   56.00    -32.00   12.00    -6.00    -62.00   -8.00    -60.00   -94.00   
-10.00   -78.00   -40.00   70.00    -2.00    40.00    56.00    90.00    -108.00  -82.00   
22.00    16.00    56.00    42.00    8.00     46.00    36.00    -50.00   70.00    -68.00   
-30.00   34.00    -120.00  -46.00   -66.00   28.00    -62.00   12.00    -122.00  58.00    
42.00    14.00    46.00    4.00     -2.00    -24.00   -84.00   88.00    16.00    -52.00   
-36.00   -38.00   4.00     -20.00   -8.00    -20.00   -14.00   74.00    -106.00  64.00    
-22.00   0.00     -20.00   28.00    8.00     -40.00   60.00    50.00    -40.00   50.00    
-34.00   -20.00   84.00    -2.00    2.00     88.00    54.00    -120.00  20.00    68.00    
30.00    24.00    2.00     -20.00   22.00    -48.00   -50.00   28.00    8.00     34.00    
24.00    74.00    -18.00   54.00    60.00    26.00    -40.00   78.00    -80.00   22.00    
-4.00    28.00    -62.00   -12.00   52.00    6.00     -122.00  52.00    4.00     -62.00   
94.00    -22.00   32.00    80.00    -50.00   2.00     26.00    -72.00   58.00    54.00    
4.00     4.00     8.00     34.00    -84.00   6.00     -20.00   106.00   2.00     32.00    
78.00    40.00    54.00    32.00    -8.00    12.00    42.00    -18.00   -100.00  36.00    
-26.00   -34.00   -84.00   42.00    2.00     -102.00  -44.00   -58.00   50.00    -66.00   
24.00    16.00    -44.00   -22.00   64.00    -34.00   -52.00   32.00    -48.00   42.00    
26.00    -62.00   -4.00    -16.00   -66.00   -38.00   76.00    34.00    54.00    86.00    
28.00    -24.00   -12.00   -14.00   -50.00   -76.00   30.00    -34.00   -54.00   -58.00   
-40.00   -6.00    12.00    44.00    40.00    -32.00   92.00    44.00    14.00    -46.00   
-14.00   8.00     -14.00   -80.00   -16.00   -28.00   26.00    8.00     -132.00  34.00    
4.00     -4.00    -36.00   -54.00   66.00    54.00    14.00    -50.00   66.00    82.00    
-24.00   8.00     -18.00   12.00    94.00    -76.00   78.00    58.00    4.00     -14.00   
24.00    -20.00   -38.00   -18.00   -22.00   28.00    106.00   66.00    2.00     16.00    
-14.00   4.00     -10.00   72.00    6.00     56.00    20.00    28.00    64.00    44.00    
94.00    38.00    -10.00   40.00    42.00    -66.00   2.00     -20.00   124.00   -76.00   
-28.00   30.00    10.00    48.00    -10.00   8.00     26.00    -6.00    -118.00  -80.00   
-18.00   26.00    -50.00   -62.00   40.00    -40.00   -52.00   -18.00   -58.00   -2.00    
2.00     16.00    16.00    -52.00   -62.00   30.00    58.00    74.00    -82.00   -102.00  
-34.00   -38.00   -24.00   -20.00   -88.00   22.00    84.00    10.00    64.00    -2.00    
-18.00   38.00    -20.00   -52.00   -36.00   10.00    14.00    -28.00   -8.00    -58.00   
-62.00   6.00     -30.00   -22.00   20.00    -14.00   -54.00   -18.00   8.00     84.00    
0.00     -44.00   -28.00   -80.00   -118.00  -76.00   -54.00   42.00    60.00    -36.00   
-42.00   -78.00   140.00   -30.00   -60.00   50.00    112.00   84.00    -18.00   14.00    
-38.00   -62.00   26.00    -32.00   -96.00   54.00    -118.00  8.00     -8.00    -42.00   
-8.00    -70.00   12.00    60.00    34.00    -66.00   16.00    -10.00   26.00    -80.00   
-64.00   48.00    -6.00    -50.00   10.00    46.00    -56.00   -86.00   -36.00   74.00    
-46.00   10.00    24.00    26.00    66.00    12.00    -10.00   58.00    -26.00   8.00     
46.00    22.00    28.00    24.00    -38.00   -30.00   98.00    -38.00   40.00    -10.00   
6.00     68.00    4.00     4.00     28.00    36.00    12.00    -50.00   40.00    68.00    
2.00     -36.00   50.00    58.00    8.00     34.00    44.00    50.00    -60.00   -4.00    
-26.00   22.00    -36.00   2.00     44.00    56.00    -14.00   -100.00  114.00   -92.00   
60.00    -26.00   16.00    50.00    32.00    -40.00   68.00    24.00    -70.00   -28.00   
70.00    22.00    0.00     70.00    32.00    4.00     46.00    24.00    -40.00   26.00    
36.00    -8.00    52.00    50.00    -98.00   -54.00   -26.00   62.00    88.00    -56.00   
34.00    -22.00   4.00     -82.00   -42.00   64.00    8.00     86.00    -132.00  -34.00   
-12.00   40.00    18.00    2.00     12.00    52.00    -54.00   -128.00  0.00     4.00     
64.00    14.00    38.00    -32.00   -46.00   92.00    -50.00   -90.00   96.00    60.00    
80.00    -40.00   -24.00   18.00    -34.00   -10.00   -32.00   -38.00   54.00    -42.00   
28.00    -102.00  -38.00   -2.00    4.00     26.00    54.00    42.00    -80.00   82.00    
44.00    -40.00   -12.00   18.00    72.00    -80.00   -20.00   18.00    60.00    72.00    
-10.00   116.00   -14.00   -8.00    48.00    42.00    -26.00   68.00    -10.00   -58.00   
-50.00   34.00    -2.00    4.00     10.00    -40.00   12.00    -54.00   -72.00   -40.00   
0.00     0.00     -40.00   4.00     54.00    -28.00   -36.00   -38.00   -132.00  -24.00   
4.00     14.00    40.00    -66.00   -82.00   -50.00   -56.00   2.00     -54.00   -24.00   
54.00    -32.00   -66.00   -74.00   -82.00   10.00    18.00    -46.00   12.00    62.00    
40.00    38.00    -10.00   12.00    10.00    50.00    92.00    50.00    10.00    -72.00   
-4.00    -6.00    30.00    96.00    -74.00   -24.00   112.00   -72.00   -36.00   56.00    
40.00    -12.00   14.00    -74.00   72.00    80.00    90.00    0.00     -42.00   -92.00   
14.00    -40.00   -24.00   20.00    -22.00   -132.00  -74.00   2.00     76.00    -90.00   
60.00    20.00    0.00     30.00    -42.00   46.00    -10.00   -74.00   -52.00   68.00    
4.00     52.00    -100.00  40.00    -62.00   52.00    -88.00   -40.00   78.00    -56.00   
8.00     10.00    -66.00   62.00    -16.00   -74.00   96.00    74.00    -54.00   52.00    
-20.00   42.00    -48.00   -46.00   -56.00   24.00    -40.00   2.00     -94.00   116.00   
16.00    2.00     -88.00   64.00    -4.00    46.00    42.00    94.00    -60.00   -54.00   
2.00     -106.00  14.00    -60.00   4.00     -32.00   -46.00   6.00     -92.00   72.00    
-6.00    16.00    -62.00   12.00    -44.00   -4.00    -58.00   14.00    -46.00   -56.00   
22.00    -18.00   60.00    -94.00   -52.00   -62.00   -68.00   -42.00   108.00   -22.00   
16.00    -64.00   -24.00   -18.00   -38.00   -8.00    36.00    118.00   -58.00   102.00   
-28.00   -76.00   -10.00   -66.00   58.00    80.00    56.00    -40.00   -44.00   -12.00   
-60.00   32.00    -78.00   -10.00   4.00     -28.00   62.00    -30.00   6.00     56.00    
60.00    -22.00   -30.00   22.00    32.00    -22.00   44.00    106.00   10.00    -104.00  
-18.00   -44.00   22.00    -58.00   142.00   28.00    4.00     30.00    -60.00   92.00    
20.00    24.00    -8.00    -62.00   -62.00   -66.00   34.00    -14.00   28.00    52.00    
4.00     -30.00   36.00    -68.00   6.00     -116.00  10.00    104.00   -60.00   -90.00   
-8.00    30.00    -42.00   -38.00   28.00    -4.00    -58.00   80.00    -64.00   -22.00   
-50.00   -14.00   6.00     48.00    42.00    -76.00   40.00    20.00    0.00     -92.00   
-4.00    -82.00   110.00   22.00    -74.00   -6.00    44.00    30.00    -22.00   -6.00    
-20.00   -12.00   -46.00   62.00    8.00     -34.00   -46.00   30.00    68.00    -110.00  
-16.00   -56.00   -36.00   18.00    -58.00   16.00    -14.00   -32.00   38.00    72.00    
-16.00   -68.00   -10.00   44.00    -8.00    44.00    62.00    -96.00   12.00    -62.00   
-52.00   6.00     -52.00   126.00   74.00    28.00    12.00    -30.00   -40.00   -64.00   
58.00    6.00     78.00    52.00    -86.00   6.00     14.00    52.00    74.00    -54.00   
-36.00   14.00    -44.00   -72.00   56.00    48.00    -20.00   4.00     -26.00   36.00    
-30.00   56.00    6.00     -86.00   -14.00   42.00    -120.00  -86.00   26.00    54.00    
-10.00   10.00    40.00    70.00    -44.00   34.00    -18.00   28.00    -132.00  -48.00   
24.00    16.00    -50.00   8.00     -70.00   -24.00   60.00    34.00    -52.00   18.00    
-34.00   -10.00   6.00     34.00    -8.00    8.00     22.00    102.00   -126.00  58.00    
-62.00   12.00    -32.00   64.00    -50.00   106.00   52.00    -2.00    -6.00    -80.00   
20.00    -10.00   28.00    56.00    -72.00   -2.00    56.00    -8.00    -8.00    -18.00   
48.00    22.00    60.00    -52.00   -24.00   -78.00   70.00    -120.00  30.00    78.00    
-58.00   -44.00   40.00    -18.00   -42.00   0.00     -90.00   126.00   -60.00   60.00    
84.00    4.00     24.00    -16.00   -20.00   -28.00   66.00    82.00    -26.00   70.00    
26.00    -54.00   -4.00    -26.00   16.00    36.00    8.00     50.00    -8.00    60.00    
14.00    82.00    -2.00    -18.00   -26.00   -40.00   88.00    0.00     -44.00   40.00    
40.00    28.00    30.00    -60.00   -50.00   -24.00   6.00     -44.00   68.00    2.00     
76.00    -16.00   -72.00   -94.00   16.00    -94.00   -34.00   -108.00  -4.00    20.00    
20.00    -24.00   -4.00    38.00    88.00    40.00    -58.00   -16.00   64.00    -56.00   
20.00    -42.00   60.00    2.00     4.00     4.00     -24.00   -4.00    54.00    -86.00   
32.00    -34.00   -114.00  2.00     -18.00   40.00    -18.00   -62.00   -92.00   -6.00    
-10.00   26.00    -32.00   -78.00   62.00    42.00    34.00    -84.00   76.00    -56.00   
0.00     8.00     -54.00   -40.00   -20.00   52.00    -58.00   -34.00   82.00    76.00    
-44.00   40.00    -14.00   50.00    -42.00   94.00    -12.00   40.00    -46.00   -66.00   
-12.00   -50.00   -14.00   -44.00   72.00    -64.00   -74.00   48.00    66.00    106.00   
-16.00   -66.00   40.00    -62.00   6.00     90.00    -36.00   -4.00    34.00    -94.00   
22.00    -66.00   -70.00   126.00   0.00     38.00    -100.00  48.00    26.00    56.00    
-32.00   38.00    54.00    -62.00   -88.00   88.00    -6.00    8.00     -26.00   -94.00   
-14.00   -56.00   24.00    -80.00   -128.00  78.00    104.00   32.00    46.00    2.00     
10.00    -50.00   54.00    -22.00   50.00    6.00     84.00    30.00    -52.00   42.00    
-26.00   -98.00   34.00    -10.00   18.00    72.00    -66.00   42.00    -86.00   92.00    
28.00    86.00    40.00    6.00     102.00   -72.00   -12.00   -20.00   -16.00   -12.00   
-30.00   -26.00   -6.00    -108.00  54.00    44.00    26.00    -84.00   30.00    -28.00   
6.00     -128.00  -22.00   -82.00   38.00    -64.00   16.00    -4.00    -38.00   -8.00    
12.00    -16.00   110.00   -34.00   4.00     68.00    -86.00   -46.00   52.00    40.00    
60.00    46.00    20.00    -4.00    12.00    -46.00   86.00    -52.00   -8.00    70.00    
2.00     36.00    58.00    10.00    -80.00   -48.00   -68.00   104.00   66.00    -56.00   
58.00    6.00     -6.00    4.00     -84.00   -20.00   -56.00   -82.00   84.00    22.00    
-68.00   74.00    -38.00   96.00    14.00    12.00    28.00    44.00    14.00    106.00   
-50.00   16.00    -12.00   4.00     -22.00   22.00    -96.00   4.00     28.00    72.00    
-44.00   -68.00   4.00     4.00     -22.00   14.00    18.00    8.00     36.00    -46.00   
72.00    76.00    42.00    -54.00   -106.00  12.00    -50.00   34.00    -90.00   -52.00   
-12.00   44.00    -30.00   -10.00   10.00    -26.00   -64.00   -58.00   72.00    4.00     
60.00    -14.00   40.00    -58.00   -54.00   10.00    -2.00    -78.00   -10.00   98.00    
14.00    58.00    -10.00   34.00    12.00    10.00    56.00    -34.00   138.00   -18.00   
4.00     -38.00   24.00    12.00    62.00    -42.00   42.00    -32.00   -28.00   4.00     
-6.00    6.00     38.00    60.00    -60.00   26.00    30.00    -42.00   -28.00   -34.00   
-10.00   -56.00   -70.00   2.00     -56.00   36.00    -32.00   -32.00   -40.00   72.00    
38.00    -10.00   20.00    92.00    34.00    -22.00   -128.00  20.00    -12.00   30.00    
36.00    0.00     -116.00  2.00     -44.00   -38.00   66.00    -48.00   30.00    78.00    
-34.00   98.00    6.00     -68.00   -52.00   70.00    -58.00   -88.00   60.00    -60.00   
82.00    -12.00   -124.00  30.00    -2.00    38.00    -134.00  -92.00   56.00    48.00    
50.00    8.00     2.00     -60.00   -36.00   32.00    36.00    -66.00   76.00    40.00    
-44.00   -18.00   46.00    -74.00   72.00    14.00    -54.00   28.00    64.00    -48.00   
40.00    22.00    -20.00   56.00    50.00    58.00    88.00    -26.00   50.00    -54.00   
-4.00    -24.00   -80.00   -14.00   52.00    64.00    -14.00   -42.00   26.00    -36.00   
16.00    122.00   18.00    -26.00   62.00    -120.00  58.00    68.00    30.00    -66.00   
60.00    18.00    16.00    10.00    0.00     -70.00   18.00    72.00    162.00   30.00    
46.00    -68.00   -56.00   52.00    -58.00   82.00    92.00    16.00    24.00    -52.00   
-8.00    -122.00  -8.00    -58.00   58.00    -86.00   -98.00   -70.00   20.00    -82.00   
-6.00    40.00    -14.00   60.00    -78.00   64.00    12.00    56.00    6.00     54.00    
12.00    16.00    -18.00   -56.00   -6.00    -10.00   -18.00   122.00   56.00    88.00    
-42.00   40.00    -34.00   66.00    -2.00    -22.00   62.00    110.00   -30.00   38.00    
86.00    42.00    66.00    2.00     6.00     52.00    78.00    -20.00   -48.00   -60.00   
-6.00    -50.00   38.00    -44.00   -8.00    -108.00  -22.00   -10.00   70.00    2.00     
-6.00    62.00    -14.00   -78.00   -102.00  -42.00   48.00    -4.00    56.00    -88.00   
-76.00   0.00     28.00    52.00    12.00    -78.00   36.00    16.00    24.00    68.00    
6.00     74.00    -2.00    -40.00   34.00    -20.00   64.00    114.00   28.00    0.00     
16.00    4.00     -68.00   -62.00   32.00    40.00    18.00    -70.00   54.00    -16.00   
-62.00   -48.00   22.00    -10.00   26.00    -78.00   -88.00   -92.00   86.00    -40.00   
-2.00    -30.00   46.00    24.00    -116.00  22.00    56.00    -72.00   92.00    -90.00   
10.00    42.00    8.00     -96.00   -68.00   -42.00   48.00    68.00    12.00    40.00    
16.00    -12.00   -38.00   -42.00   -44.00   -24.00   56.00    66.00    4.00     40.00    
94.00    -6.00    -38.00   -18.00   -8.00    -20.00   -86.00   -18.00   14.00    -62.00   
-26.00   -20.00   -44.00   -32.00   -40.00   26.00    -2.00    38.00    -70.00   -104.00  
16.00    -2.00    -42.00   -42.00   8.00     -42.00   0.00     -82.00   8.00     72.00    
4.00     56.00    -54.00   12.00    -84.00   24.00    -32.00   -28.00   -54.00   102.00   
22.00    -58.00   -16.00   16.00    24.00    -4.00    100.00   30.00    68.00    -80.00   
-64.00   -14.00   54.00    0.00     120.00   82.00    -56.00   -32.00   48.00    30.00    
-10.00   12.00    -56.00   42.00    -6.00    20.00    36.00    54.00    -14.00   56.00    
-70.00   38.00    -90.00   56.00    32.00    -58.00   -4.00    72.00    90.00    -78.00   
50.00    56.00    -26.00   -36.00   54.00    44.00    -112.00  -30.00   -116.00  28.00    
-100.00  -36.00   -34.00   -2.00    4.00     28.00    88.00    60.00    -76.00   -32.00   
0.00     0.00     -18.00   -54.00   66.00    28.00    -78.00   22.00    -20.00   -46.00   
-62.00   52.00    6.00     -60.00   -40.00   8.00     0.00     82.00    -88.00   70.00    
-58.00   84.00    -28.00   -44.00   82.00    10.00    34.00    -100.00  -124.00  30.00    
-12.00   -76.00   18.00    -8.00    74.00    74.00    -68.00   -18.00   -8.00    112.00   
-74.00   18.00    38.00    -34.00   40.00    18.00    142.00   14.00    -6.00    -90.00   
-56.00   -26.00   32.00    -38.00   -36.00   -32.00   54.00    -50.00   48.00    22.00    
-6.00    -22.00   8.00     66.00    10.00    62.00    -62.00   0.00     -58.00   62.00    
-26.00   -22.00   20.00    -86.00   8.00     -38.00   -16.00   36.00    134.00   -96.00   
52.00    -14.00   -38.00   52.00    -100.00  -60.00   18.00    104.00   -96.00   110.00   
0.00     -12.00   -18.00   -62.00   -76.00   18.00    -104.00  24.00    54.00    58.00    
14.00    -36.00   -8.00    44.00    2.00     -80.00   -24.00   -90.00   -22.00   -102.00  
56.00    66.00    -44.00   -44.00   12.00    4.00     -56.00   84.00    100.00   -64.00   
-64.00   40.00    -42.00   -62.00   -62.00   -28.00   78.00    112.00   2.00     -124.00  
-2.00    -70.00   -48.00   -108.00  60.00    68.00    78.00    -88.00   54.00    40.00    
-44.00   6.00     -16.00   36.00    24.00    -84.00   0.00     -50.00   -18.00   14.00    
52.00    48.00    -50.00   -32.00   -26.00   52.00    -56.00   -118.00  -58.00   -110.00  
22.00    12.00    6.00     100.00   -36.00   60.00    0.00     -36.00   50.00    14.00    
34.00    -38.00   -10.00   26.00    4.00     -40.00   -34.00   70.00    -40.00   80.00    
-48.00   -8.00    66.00    64.00    -2.00    88.00    56.00    10.00    -26.00   -12.00   
-8.00    32.00    28.00    58.00    4.00     52.00    -12.00   30.00    -2.00    -34.00   
-12.00   -50.00   -60.00   -8.00    -22.00   -38.00   70.00    -24.00   46.00    28.00    
-52.00   -2.00    70.00    -70.00   -20.00   94.00    -28.00   6.00     56.00    -20.00   
-14.00   -68.00   -104.00  -16.00   -22.00   30.00    -6.00    90.00    18.00    20.00    
2.00     -84.00   2.00     -18.00   8.00     -34.00   26.00    -48.00   -14.00   52.00    
-4.00    -62.00   96.00    74.00    22.00    78.00    -78.00   -74.00   -64.00   -100.00  
-4.00    -2.00    -20.00   -30.00   -8.00    68.00    -86.00   18.00    102.00   -56.00   
-2.00    10.00    -50.00   -26.00   -14.00   50.00    -10.00   -18.00   10.00    -52.00   
-2.00    18.00    -44.00   18.00    36.00    -48.00   32.00    -74.00   -48.00   -22.00   
-20.00   8.00     -20.00   34.00    -2.00    -62.00   -12.00   -2.00    14.00    62.00    
30.00    56.00    -86.00   22.00    24.00    60.00    -60.00   -44.00   -58.00   66.00    
28.00    12.00    8.00     18.00    66.00    2.00     28.00    20.00    -76.00   -74.00   
-50.00   2.00     28.00    110.00   -24.00   -84.00   88.00    64.00    124.00   32.00    
-22.00   -28.00   -42.00   -80.00   -56.00   4.00     32.00    -18.00   -12.00   74.00    
-42.00   34.00    -10.00   12.00    -30.00   -4.00    42.00    -44.00   -74.00   -42.00   
64.00    50.00    -104.00  -36.00   -56.00   -82.00   -64.00   -50.00   50.00    -72.00   
-46.00   -32.00   -8.00    42.00    -142.00  -4.00    -48.00   -90.00   -38.00   -100.00  
-32.00   -12.00   24.00    12.00    -28.00   54.00    50.00    -42.00   70.00    -56.00   
-38.00   32.00    18.00    26.00    2.00     -46.00   -8.00    110.00   90.00    46.00    
30.00    74.00    58.00    92.00    30.00    -38.00   -70.00   50.00    54.00    -96.00   
-14.00   -100.00  -58.00   94.00    28.00    66.00    -72.00   -18.00   -46.00   -124.00  
0.00     50.00    6.00     -54.00   74.00    30.00    52.00    -58.00   12.00    58.00    
-64.00   -16.00   -108.00  8.00     20.00    -8.00    -4.00    -44.00   -66.00   20.00    
-48.00   22.00    -70.00   -46.00   48.00    -112.00  -24.00   66.00    6.00     -68.00   
-6.00    -74.00   94.00    32.00    -40.00   -68.00   22.00    -74.00   62.00    40.00    
-4.00    2.00     -114.00  112.00   64.00    96.00    100.00   24.00    -40.00   58.00    
10.00    -8.00    -34.00   16.00    -16.00   100.00   58.00    -24.00   -52.00   -54.00   
14.00    -22.00   -26.00   36.00    -26.00   -2.00    72.00    56.00    -70.00   -34.00   
-22.00   -36.00   80.00    -84.00   -42.00   10.00    -44.00   -40.00   112.00   66.00    
-10.00   54.00    -12.00   82.00    58.00    44.00    42.00    -12.00   40.00    -8.00    
-64.00   -46.00   30.00    6.00     10.00    -78.00   -28.00   4.00     32.00    -40.00   
-54.00   -54.00   -54.00   -24.00   20.00    16.00    48.00    50.00    -26.00   -36.00   
-10.00   -14.00   66.00    90.00    -46.00   32.00    38.00    56.00    -2.00    72.00    
-8.00    12.00    88.00    64.00    58.00    88.00    -20.00   92.00    -4.00    42.00    
-14.00   30.00    42.00    8.00     -46.00   -4.00    94.00    58.00    -22.00   -14.00   
-2.00    6.00     -28.00   -80.00   110.00   52.00    14.00    -56.00   60.00    10.00    
-42.00   16.00    24.00    58.00    46.00    -2.00    40.00    106.00   32.00    52.00    
18.00    56.00    -70.00   -32.00   50.00    0.00     -38.00   30.00    32.00    -8.00    
108.00   -50.00   -40.00   -22.00   6.00     58.00    -78.00   42.00    -30.00   76.00    
