62       0.69314718        
56       3.86876038        
54       3.46483648        
52       3.17805454        
50       6.34205201        
48       6.67830075        
46       6.80715886        
44       8.49297859        
42       9.21069187        
40       9.66438201        
38       10.62439652       
36       11.42111616       
34       12.05017321       
32       12.77251717       
30       13.49697469       
28       14.16732941       
26       14.82459889       
24       15.46683746       
22       16.08696410       
20       16.68103583       
18       17.24391477       
16       17.76927611       
14       18.25070649       
12       18.68109596       
10       19.05226452       
8        19.36075151       
6        19.60305165       
4        19.77781512       
2        19.88155505       
0        19.91394369       
-2       19.87444606       
-4       19.76350523       
-6       19.58642894       
-8       19.34559519       
-10      19.04460208       
-12      18.68702750       
-14      18.27479279       
-16      17.81121138       
-18      17.29765244       
-20      16.73418815       
-22      16.12039096       
-24      15.45222620       
-26      14.72833991       
-28      13.94732421       
-30      13.10382460       
-32      12.18992442       
-34      11.20233449       
-36      10.13921152       
-38      8.97751060        
-40      7.65581420        
-42      6.07626122        
-44      4.08830883        
-46      1.38353357        
