-15848.00  -15976.00  -16026.00  -16066.00  -16150.00  -16154.00  -16204.00  -16244.00  -16262.00  -16294.00  
-15866.00  -15976.00  -15988.00  -16110.00  -16146.00  -16180.00  -16208.00  -16244.00  -16260.00  -16294.00  
-15860.00  -15988.00  -16004.00  -16094.00  -16110.00  -16210.00  -16214.00  -16252.00  -16262.00  -16298.00  
-15848.00  -15910.00  -16020.00  -16090.00  -16144.00  -16182.00  -16232.00  -16236.00  -16244.00  -16294.00  
-15860.00  -15980.00  -16018.00  -16094.00  -16098.00  -16164.00  -16210.00  -16246.00  -16290.00  -16294.00  
-15868.00  -15928.00  -15994.00  -16058.00  -16090.00  -16164.00  -16224.00  -16240.00  -16252.00  -16288.00  
-15876.00  -15930.00  -16078.00  -16100.00  -16114.00  -16194.00  -16220.00  -16260.00  -16276.00  -16290.00  
-15896.00  -15964.00  -16028.00  -16088.00  -16144.00  -16174.00  -16224.00  -16236.00  -16270.00  -16288.00  
-15908.00  -15932.00  -16026.00  -16076.00  -16132.00  -16168.00  -16222.00  -16232.00  -16288.00  -16286.00  
-15852.00  -15992.00  -16038.00  -16104.00  -16148.00  -16164.00  -16234.00  -16252.00  -16266.00  -16266.00  
-15886.00  -15976.00  -16000.00  -16088.00  -16164.00  -16204.00  -16220.00  -16252.00  -16276.00  -16284.00  
-15868.00  -15980.00  -15994.00  -16104.00  -16132.00  -16190.00  -16226.00  -16252.00  -16258.00  -16302.00  
-15886.00  -15948.00  -16010.00  -16070.00  -16136.00  -16180.00  -16200.00  -16246.00  -16276.00  -16286.00  
-15878.00  -15958.00  -16030.00  -16096.00  -16136.00  -16182.00  -16196.00  -16258.00  -16274.00  -16284.00  
-15896.00  -15940.00  -16056.00  -16108.00  -16112.00  -16200.00  -16204.00  -16242.00  -16266.00  -16284.00  
-15916.00  -15944.00  -16056.00  -16060.00  -16150.00  -16204.00  -16190.00  -16242.00  -16280.00  -16282.00  
-15892.00  -15972.00  -16020.00  -16102.00  -16136.00  -16196.00  -16230.00  -16244.00  -16284.00  -16284.00  
-15874.00  -15942.00  -16056.00  -16066.00  -16116.00  -16170.00  -16232.00  -16252.00  -16280.00  -16296.00  
-15846.00  -15936.00  -16004.00  -16118.00  -16142.00  -16192.00  -16216.00  -16236.00  -16270.00  -16300.00  
-15912.00  -15942.00  -16028.00  -16082.00  -16118.00  -16168.00  -16228.00  -16226.00  -16270.00  -16284.00  
-15890.00  -15960.00  -16048.00  -16078.00  -16136.00  -16190.00  -16228.00  -16238.00  -16266.00  -16280.00  
-15838.00  -15984.00  -16034.00  -16100.00  -16144.00  -16174.00  -16186.00  -16258.00  -16268.00  -16322.00  
-15882.00  -15952.00  -16016.00  -16108.00  -16138.00  -16164.00  -16232.00  -16246.00  -16258.00  -16298.00  
-15884.00  -15962.00  -16038.00  -16106.00  -16128.00  -16184.00  -16226.00  -16228.00  -16276.00  -16296.00  
-15862.00  -15994.00  -16008.00  -16044.00  -16164.00  -16176.00  -16208.00  -16276.00  -16266.00  -16314.00  
-15858.00  -15936.00  -16010.00  -16072.00  -16130.00  -16172.00  -16228.00  -16222.00  -16262.00  -16280.00  
-15882.00  -15998.00  -16024.00  -16064.00  -16106.00  -16178.00  -16172.00  -16228.00  -16260.00  -16294.00  
-15878.00  -15982.00  -16054.00  -16090.00  -16140.00  -16182.00  -16208.00  -16256.00  -16292.00  -16290.00  
-15888.00  -15962.00  -16032.00  -16104.00  -16136.00  -16202.00  -16234.00  -16232.00  -16238.00  -16292.00  
-15844.00  -15976.00  -16008.00  -16102.00  -16162.00  -16168.00  -16226.00  -16230.00  -16262.00  -16280.00  
-15850.00  -15984.00  -16048.00  -16098.00  -16144.00  -16188.00  -16222.00  -16252.00  -16276.00  -16304.00  
-15906.00  -15986.00  -16006.00  -16094.00  -16166.00  -16178.00  -16220.00  -16236.00  -16266.00  -16296.00  
-15872.00  -15952.00  -16018.00  -16102.00  -16112.00  -16160.00  -16214.00  -16242.00  -16266.00  -16286.00  
-15880.00  -15978.00  -16056.00  -16090.00  -16162.00  -16164.00  -16212.00  -16228.00  -16264.00  -16292.00  
-15938.00  -15966.00  -16032.00  -16080.00  -16146.00  -16192.00  -16198.00  -16266.00  -16284.00  -16280.00  
-15858.00  -15984.00  -16046.00  -16074.00  -16132.00  -16182.00  -16198.00  -16232.00  -16248.00  -16290.00  
-15884.00  -15942.00  -16034.00  -16088.00  -16142.00  -16186.00  -16224.00  -16238.00  -16264.00  -16276.00  
-15840.00  -15978.00  -16020.00  -16088.00  -16158.00  -16190.00  -16194.00  -16238.00  -16276.00  -16288.00  
-15856.00  -15968.00  -16044.00  -16078.00  -16144.00  -16178.00  -16214.00  -16250.00  -16272.00  -16288.00  
-15874.00  -15986.00  -16060.00  -16080.00  -16148.00  -16144.00  -16218.00  -16234.00  -16276.00  -16288.00  
-15874.00  -15956.00  -16020.00  -16112.00  -16122.00  -16164.00  -16216.00  -16264.00  -16268.00  -16286.00  
-15874.00  -15970.00  -16044.00  -16028.00  -16164.00  -16202.00  -16220.00  -16252.00  -16268.00  -16280.00  
-15872.00  -15980.00  -16022.00  -16080.00  -16118.00  -16164.00  -16192.00  -16232.00  -16266.00  -16268.00  
-15866.00  -15984.00  -16066.00  -16070.00  -16152.00  -16170.00  -16214.00  -16242.00  -16272.00  -16280.00  
-15888.00  -15984.00  -16022.00  -16064.00  -16148.00  -16198.00  -16190.00  -16236.00  -16266.00  -16294.00  
-15872.00  -15940.00  -16028.00  -16080.00  -16124.00  -16168.00  -16202.00  -16264.00  -16288.00  -16282.00  
-15914.00  -15950.00  -16034.00  -16076.00  -16126.00  -16198.00  -16228.00  -16226.00  -16268.00  -16294.00  
-15904.00  -15958.00  -16050.00  -16092.00  -16104.00  -16194.00  -16212.00  -16238.00  -16286.00  -16304.00  
-15904.00  -15998.00  -16010.00  -16092.00  -16140.00  -16202.00  -16218.00  -16252.00  -16248.00  -16278.00  
-15896.00  -15996.00  -16030.00  -16092.00  -16156.00  -16186.00  -16230.00  -16252.00  -16262.00  -16290.00  
-15928.00  -15986.00  -16042.00  -16088.00  -16122.00  -16210.00  -16208.00  -16230.00  -16254.00  -16274.00  
-15874.00  -15964.00  -16026.00  -16090.00  -16140.00  -16176.00  -16216.00  -16258.00  -16290.00  -16280.00  
-15890.00  -15940.00  -15998.00  -16040.00  -16152.00  -16154.00  -16222.00  -16252.00  -16262.00  -16280.00  
-15902.00  -15960.00  -16012.00  -16058.00  -16150.00  -16176.00  -16222.00  -16242.00  -16238.00  -16288.00  
-15886.00  -15974.00  -16028.00  -16082.00  -16136.00  -16200.00  -16234.00  -16246.00  -16276.00  -16288.00  
-15866.00  -15996.00  -16030.00  -16078.00  -16124.00  -16182.00  -16230.00  -16256.00  -16264.00  -16304.00  
-15850.00  -15982.00  -16038.00  -16080.00  -16126.00  -16186.00  -16208.00  -16232.00  -16248.00  -16290.00  
-15928.00  -15942.00  -16054.00  -16088.00  -16136.00  -16196.00  -16216.00  -16256.00  -16238.00  -16288.00  
-15860.00  -15970.00  -16020.00  -16042.00  -16134.00  -16174.00  -16222.00  -16236.00  -16264.00  -16288.00  
-15908.00  -15980.00  -16026.00  -16090.00  -16162.00  -16172.00  -16188.00  -16262.00  -16272.00  -16284.00  
-15872.00  -15964.00  -16012.00  -16082.00  -16118.00  -16166.00  -16218.00  -16236.00  -16264.00  -16294.00  
-15886.00  -15958.00  -16004.00  -16090.00  -16134.00  -16136.00  -16186.00  -16232.00  -16254.00  -16290.00  
-15864.00  -15962.00  -16024.00  -16060.00  -16126.00  -16144.00  -16248.00  -16232.00  -16258.00  -16302.00  
-15894.00  -15950.00  -15996.00  -16080.00  -16184.00  -16178.00  -16200.00  -16252.00  -16264.00  -16294.00  
-15892.00  -15946.00  -16022.00  -16070.00  -16110.00  -16180.00  -16218.00  -16254.00  -16260.00  -16304.00  
-15880.00  -15938.00  -16022.00  -16054.00  -16128.00  -16180.00  -16218.00  -16240.00  -16278.00  -16288.00  
-15868.00  -15988.00  -16010.00  -16084.00  -16156.00  -16170.00  -16230.00  -16248.00  -16260.00  -16288.00  
-15920.00  -15924.00  -16046.00  -16034.00  -16106.00  -16188.00  -16206.00  -16232.00  -16272.00  -16290.00  
-15868.00  -15964.00  -16004.00  -16096.00  -16136.00  -16184.00  -16214.00  -16228.00  -16284.00  -16296.00  
-15862.00  -15924.00  -16014.00  -16094.00  -16120.00  -16178.00  -16206.00  -16242.00  -16282.00  -16290.00  
-15864.00  -15968.00  -16068.00  -16078.00  -16116.00  -16200.00  -16218.00  -16228.00  -16262.00  -16278.00  
-15890.00  -15948.00  -16040.00  -16082.00  -16130.00  -16196.00  -16184.00  -16232.00  -16282.00  -16304.00  
-15878.00  -15964.00  -16044.00  -16092.00  -16114.00  -16192.00  -16194.00  -16232.00  -16248.00  -16284.00  
-15892.00  -15972.00  -16032.00  -16072.00  -16120.00  -16182.00  -16236.00  -16234.00  -16274.00  -16282.00  
-15906.00  -15976.00  -16052.00  -16076.00  -16124.00  -16184.00  -16184.00  -16250.00  -16262.00  -16284.00  
-15880.00  -15966.00  -15998.00  -16096.00  -16146.00  -16168.00  -16240.00  -16254.00  -16278.00  -16274.00  
-15888.00  -15960.00  -16010.00  -16078.00  -16118.00  -16172.00  -16216.00  -16256.00  -16266.00  -16294.00  
-15842.00  -15956.00  -16040.00  -16098.00  -16142.00  -16192.00  -16208.00  -16248.00  -16260.00  -16286.00  
-15852.00  -15974.00  -16020.00  -16080.00  -16154.00  -16162.00  -16222.00  -16246.00  -16252.00  -16292.00  
-15868.00  -15958.00  -16054.00  -16106.00  -16136.00  -16192.00  -16226.00  -16242.00  -16268.00  -16300.00  
-15898.00  -15958.00  -16018.00  -16082.00  -16152.00  -16178.00  -16210.00  -16244.00  -16260.00  -16304.00  
-15862.00  -15990.00  -16012.00  -16074.00  -16126.00  -16164.00  -16212.00  -16228.00  -16266.00  -16296.00  
-15918.00  -15960.00  -16040.00  -16088.00  -16144.00  -16144.00  -16212.00  -16266.00  -16266.00  -16256.00  
-15908.00  -15974.00  -16012.00  -16100.00  -16134.00  -16172.00  -16224.00  -16252.00  -16258.00  -16268.00  
-15838.00  -15944.00  -16020.00  -16074.00  -16128.00  -16180.00  -16206.00  -16232.00  -16278.00  -16268.00  
-15906.00  -15968.00  -16050.00  -16090.00  -16128.00  -16166.00  -16222.00  -16234.00  -16254.00  -16272.00  
-15866.00  -15950.00  -16004.00  -16096.00  -16156.00  -16194.00  -16212.00  -16228.00  -16264.00  -16284.00  
-15864.00  -15968.00  -16012.00  -16100.00  -16102.00  -16166.00  -16208.00  -16246.00  -16260.00  -16298.00  
-15900.00  -15942.00  -16032.00  -16064.00  -16156.00  -16186.00  -16208.00  -16256.00  -16274.00  -16300.00  
-15884.00  -16002.00  -16046.00  -16070.00  -16136.00  -16194.00  -16212.00  -16240.00  -16258.00  -16278.00  
-15892.00  -15986.00  -16044.00  -16096.00  -16102.00  -16174.00  -16224.00  -16224.00  -16260.00  -16302.00  
-15856.00  -15978.00  -16024.00  -16116.00  -16168.00  -16188.00  -16206.00  -16236.00  -16280.00  -16296.00  
-15906.00  -15944.00  -16070.00  -16070.00  -16178.00  -16222.00  -16202.00  -16260.00  -16272.00  -16288.00  
-15886.00  -15938.00  -16022.00  -16090.00  -16142.00  -16156.00  -16232.00  -16254.00  -16274.00  -16292.00  
-15860.00  -15954.00  -15998.00  -16092.00  -16104.00  -16176.00  -16216.00  -16258.00  -16242.00  -16280.00  
-15864.00  -15952.00  -16012.00  -16072.00  -16108.00  -16190.00  -16236.00  -16258.00  -16276.00  -16270.00  
-15894.00  -15982.00  -16032.00  -16072.00  -16134.00  -16182.00  -16206.00  -16228.00  -16254.00  -16292.00  
-15872.00  -15946.00  -16012.00  -16100.00  -16152.00  -16188.00  -16248.00  -16242.00  -16270.00  -16276.00  
-15894.00  -15964.00  -16028.00  -16070.00  -16140.00  -16148.00  -16206.00  -16260.00  -16298.00  -16290.00  
-15886.00  -15966.00  -16060.00  -16102.00  -16158.00  -16176.00  -16208.00  -16254.00  -16276.00  -16290.00  
