-20668.00  -20696.00  -20786.00  -20844.00  -20868.00  -20912.00  -20938.00  -20948.00  -20958.00  -20948.00  
-20654.00  -20746.00  -20820.00  -20818.00  -20852.00  -20920.00  -20896.00  -20934.00  -20948.00  -20976.00  
-20638.00  -20724.00  -20788.00  -20846.00  -20852.00  -20866.00  -20966.00  -20948.00  -20946.00  -20974.00  
-20652.00  -20730.00  -20788.00  -20836.00  -20856.00  -20910.00  -20942.00  -20922.00  -20946.00  -20988.00  
-20668.00  -20712.00  -20772.00  -20836.00  -20826.00  -20914.00  -20906.00  -20948.00  -20962.00  -20980.00  
-20672.00  -20702.00  -20774.00  -20802.00  -20874.00  -20904.00  -20906.00  -20952.00  -20976.00  -20990.00  
-20662.00  -20698.00  -20748.00  -20800.00  -20850.00  -20864.00  -20914.00  -20922.00  -20926.00  -20998.00  
-20690.00  -20742.00  -20784.00  -20834.00  -20858.00  -20906.00  -20942.00  -20946.00  -20940.00  -20982.00  
-20606.00  -20772.00  -20734.00  -20844.00  -20882.00  -20880.00  -20928.00  -20956.00  -20958.00  -20962.00  
-20686.00  -20704.00  -20800.00  -20784.00  -20860.00  -20902.00  -20922.00  -20938.00  -20958.00  -20984.00  
-20688.00  -20750.00  -20796.00  -20836.00  -20854.00  -20902.00  -20910.00  -20948.00  -20984.00  -20948.00  
-20674.00  -20718.00  -20790.00  -20806.00  -20878.00  -20876.00  -20928.00  -20934.00  -20978.00  -20990.00  
-20676.00  -20732.00  -20798.00  -20814.00  -20848.00  -20878.00  -20904.00  -20974.00  -20964.00  -20974.00  
-20654.00  -20764.00  -20762.00  -20832.00  -20870.00  -20900.00  -20914.00  -20924.00  -20978.00  -20974.00  
-20698.00  -20732.00  -20730.00  -20848.00  -20858.00  -20900.00  -20910.00  -20926.00  -20928.00  -20982.00  
-20664.00  -20662.00  -20726.00  -20816.00  -20876.00  -20890.00  -20930.00  -20968.00  -20946.00  -20976.00  
-20666.00  -20714.00  -20764.00  -20794.00  -20880.00  -20900.00  -20938.00  -20966.00  -20942.00  -20988.00  
-20706.00  -20708.00  -20776.00  -20812.00  -20872.00  -20906.00  -20910.00  -20952.00  -20954.00  -20994.00  
-20640.00  -20762.00  -20766.00  -20804.00  -20876.00  -20884.00  -20926.00  -20954.00  -20956.00  -20974.00  
-20670.00  -20746.00  -20806.00  -20814.00  -20854.00  -20882.00  -20918.00  -20944.00  -20974.00  -20982.00  
-20672.00  -20734.00  -20762.00  -20800.00  -20848.00  -20928.00  -20932.00  -20942.00  -20956.00  -20992.00  
-20586.00  -20740.00  -20816.00  -20824.00  -20842.00  -20902.00  -20916.00  -20950.00  -20992.00  -20976.00  
-20642.00  -20740.00  -20794.00  -20796.00  -20836.00  -20894.00  -20892.00  -20946.00  -20952.00  -20984.00  
-20650.00  -20744.00  -20802.00  -20828.00  -20856.00  -20870.00  -20916.00  -20956.00  -20982.00  -20982.00  
-20620.00  -20714.00  -20782.00  -20838.00  -20864.00  -20904.00  -20882.00  -20942.00  -20922.00  -20972.00  
-20654.00  -20712.00  -20786.00  -20792.00  -20886.00  -20888.00  -20888.00  -20920.00  -20970.00  -20974.00  
-20580.00  -20702.00  -20784.00  -20822.00  -20872.00  -20870.00  -20924.00  -20962.00  -20946.00  -20956.00  
-20636.00  -20736.00  -20802.00  -20854.00  -20860.00  -20898.00  -20898.00  -20922.00  -20926.00  -20954.00  
-20656.00  -20706.00  -20806.00  -20800.00  -20890.00  -20882.00  -20932.00  -20936.00  -20942.00  -20964.00  
-20636.00  -20724.00  -20770.00  -20856.00  -20876.00  -20894.00  -20884.00  -20938.00  -20964.00  -20962.00  
-20676.00  -20768.00  -20758.00  -20866.00  -20836.00  -20918.00  -20912.00  -20958.00  -20982.00  -20990.00  
-20586.00  -20716.00  -20794.00  -20820.00  -20856.00  -20850.00  -20946.00  -20954.00  -20966.00  -20998.00  
-20670.00  -20738.00  -20778.00  -20824.00  -20872.00  -20896.00  -20906.00  -20940.00  -20940.00  -20964.00  
-20620.00  -20740.00  -20768.00  -20850.00  -20878.00  -20876.00  -20910.00  -20934.00  -20950.00  -20992.00  
-20626.00  -20716.00  -20798.00  -20822.00  -20832.00  -20878.00  -20934.00  -20946.00  -20982.00  -20966.00  
-20696.00  -20704.00  -20748.00  -20844.00  -20836.00  -20884.00  -20930.00  -20934.00  -20938.00  -20972.00  
-20636.00  -20692.00  -20790.00  -20842.00  -20890.00  -20864.00  -20908.00  -20940.00  -20972.00  -20968.00  
-20680.00  -20670.00  -20776.00  -20836.00  -20834.00  -20916.00  -20906.00  -20922.00  -20936.00  -20988.00  
-20678.00  -20712.00  -20790.00  -20812.00  -20846.00  -20930.00  -20938.00  -20952.00  -20962.00  -20956.00  
-20628.00  -20722.00  -20752.00  -20830.00  -20900.00  -20874.00  -20900.00  -20924.00  -20946.00  -20974.00  
-20676.00  -20762.00  -20836.00  -20830.00  -20826.00  -20912.00  -20936.00  -20930.00  -20942.00  -20982.00  
-20650.00  -20710.00  -20768.00  -20810.00  -20864.00  -20908.00  -20926.00  -20922.00  -20968.00  -20958.00  
-20646.00  -20704.00  -20788.00  -20826.00  -20836.00  -20888.00  -20946.00  -20952.00  -20976.00  -20972.00  
-20656.00  -20734.00  -20762.00  -20792.00  -20888.00  -20900.00  -20942.00  -20938.00  -20936.00  -20974.00  
-20668.00  -20728.00  -20802.00  -20842.00  -20882.00  -20888.00  -20924.00  -20924.00  -20950.00  -20974.00  
-20670.00  -20694.00  -20804.00  -20810.00  -20874.00  -20916.00  -20890.00  -20938.00  -20988.00  -20972.00  
-20674.00  -20754.00  -20788.00  -20804.00  -20892.00  -20888.00  -20930.00  -20966.00  -20978.00  -20970.00  
-20668.00  -20700.00  -20762.00  -20850.00  -20874.00  -20892.00  -20906.00  -20918.00  -20956.00  -20966.00  
-20576.00  -20716.00  -20746.00  -20818.00  -20834.00  -20902.00  -20902.00  -20942.00  -20952.00  -20990.00  
-20618.00  -20752.00  -20792.00  -20840.00  -20866.00  -20884.00  -20904.00  -20958.00  -20952.00  -20966.00  
-20672.00  -20762.00  -20764.00  -20868.00  -20884.00  -20896.00  -20922.00  -20950.00  -20946.00  -20974.00  
-20634.00  -20714.00  -20782.00  -20848.00  -20878.00  -20948.00  -20928.00  -20954.00  -20978.00  -20994.00  
-20618.00  -20708.00  -20760.00  -20870.00  -20832.00  -20910.00  -20912.00  -20950.00  -20938.00  -20982.00  
-20604.00  -20704.00  -20792.00  -20816.00  -20884.00  -20888.00  -20934.00  -20952.00  -20966.00  -20974.00  
-20688.00  -20654.00  -20768.00  -20834.00  -20882.00  -20864.00  -20920.00  -20982.00  -20974.00  -20970.00  
-20710.00  -20676.00  -20776.00  -20768.00  -20896.00  -20856.00  -20936.00  -20968.00  -20958.00  -20988.00  
-20662.00  -20712.00  -20802.00  -20836.00  -20848.00  -20900.00  -20922.00  -20958.00  -20934.00  -20970.00  
-20636.00  -20716.00  -20816.00  -20838.00  -20854.00  -20876.00  -20930.00  -20944.00  -20952.00  -20966.00  
-20644.00  -20752.00  -20790.00  -20856.00  -20852.00  -20908.00  -20926.00  -20934.00  -20970.00  -20952.00  
-20596.00  -20764.00  -20784.00  -20828.00  -20858.00  -20922.00  -20904.00  -20934.00  -20936.00  -20968.00  
-20676.00  -20742.00  -20836.00  -20824.00  -20850.00  -20920.00  -20928.00  -20950.00  -20964.00  -20994.00  
-20618.00  -20736.00  -20792.00  -20840.00  -20864.00  -20898.00  -20894.00  -20926.00  -20976.00  -20962.00  
-20648.00  -20698.00  -20806.00  -20834.00  -20836.00  -20920.00  -20932.00  -20936.00  -20958.00  -20966.00  
-20622.00  -20712.00  -20754.00  -20870.00  -20844.00  -20898.00  -20952.00  -20926.00  -20944.00  -20974.00  
-20686.00  -20710.00  -20774.00  -20844.00  -20854.00  -20884.00  -20918.00  -20924.00  -20958.00  -20974.00  
-20652.00  -20762.00  -20784.00  -20862.00  -20870.00  -20860.00  -20904.00  -20910.00  -20974.00  -20974.00  
-20676.00  -20734.00  -20770.00  -20830.00  -20874.00  -20918.00  -20916.00  -20934.00  -20922.00  -20958.00  
-20658.00  -20724.00  -20798.00  -20854.00  -20852.00  -20900.00  -20924.00  -20958.00  -20962.00  -20966.00  
-20642.00  -20744.00  -20808.00  -20830.00  -20896.00  -20920.00  -20906.00  -20950.00  -20948.00  -20966.00  
-20646.00  -20704.00  -20750.00  -20848.00  -20892.00  -20906.00  -20916.00  -20956.00  -20964.00  -20984.00  
-20670.00  -20710.00  -20748.00  -20814.00  -20846.00  -20910.00  -20894.00  -20948.00  -20954.00  -20978.00  
-20698.00  -20730.00  -20794.00  -20800.00  -20886.00  -20900.00  -20904.00  -20968.00  -20940.00  -20960.00  
-20644.00  -20734.00  -20778.00  -20804.00  -20886.00  -20888.00  -20928.00  -20932.00  -20958.00  -20940.00  
-20556.00  -20724.00  -20782.00  -20816.00  -20842.00  -20918.00  -20934.00  -20930.00  -20954.00  -20966.00  
-20634.00  -20730.00  -20806.00  -20866.00  -20872.00  -20884.00  -20922.00  -20938.00  -20962.00  -20988.00  
-20638.00  -20694.00  -20738.00  -20824.00  -20842.00  -20896.00  -20902.00  -20958.00  -20940.00  -20986.00  
-20658.00  -20702.00  -20820.00  -20818.00  -20864.00  -20906.00  -20896.00  -20966.00  -20948.00  -20950.00  
-20680.00  -20734.00  -20764.00  -20820.00  -20868.00  -20904.00  -20946.00  -20958.00  -20966.00  -20968.00  
-20622.00  -20706.00  -20796.00  -20860.00  -20870.00  -20910.00  -20932.00  -20972.00  -20940.00  -20992.00  
-20636.00  -20716.00  -20800.00  -20822.00  -20858.00  -20874.00  -20944.00  -20954.00  -20972.00  -20954.00  
