#	k0	k1	y
#	-1.00	-1.00	 1.00	
   2                    -4                    -1
   3                    -8                    -1
   4                   -20                 -1.25
   5                   -40                 -1.25
   6                   -80                 -1.25
   7                  -164              -1.28125
   8                  -328              -1.28125
   9                  -656              -1.28125
  10                 -1316           -1.28515625
  11                 -2632           -1.28515625
  12                 -5264           -1.28515625
  13                -10532          -1.285644531
  14                -21064          -1.285644531
  15                -42128          -1.285644531
  16                -84260          -1.285705566
  17               -168520          -1.285705566
