768      0.69314718        
762      7.34442657        
760      8.38348394        
758      9.68026179        
756      13.40362596       
754      15.11393660       
752      16.72459119       
750      19.31302953       
748      21.27818721       
746      23.08585399       
744      25.21991980       
742      27.21976071       
740      29.10632711       
738      31.07768231       
736      33.02869081       
734      34.92908305       
732      36.83427620       
730      38.73543548       
728      40.61228388       
726      42.48178893       
724      44.34114599       
722      46.18877864       
720      48.02458733       
718      49.84887725       
716      51.66516238       
714      53.46859526       
712      55.26254773       
710      57.04562765       
708      58.81914675       
706      60.58337968       
704      62.33811015       
702      64.08446801       
700      65.82122189       
698      67.54876303       
696      69.26694715       
694      70.97799408       
692      72.68032181       
690      74.37476969       
688      76.05943256       
686      77.73791110       
684      79.40778303       
682      81.06863820       
680      82.72158688       
678      84.36936706       
676      86.00587648       
674      87.63723665       
672      89.25955188       
670      90.87620514       
668      92.48546850       
666      94.08735376       
664      95.67920381       
662      97.26633704       
660      98.84704178       
658      100.41960949      
656      101.98570883      
654      103.54611057      
652      105.09847545      
650      106.64406162      
648      108.18308854      
646      109.71446448      
644      111.24034649      
642      112.75967395      
640      114.27236038      
638      115.77943992      
636      117.27867043      
634      118.77226764      
632      120.26057780      
630      121.74251234      
628      123.21845496      
626      124.68860423      
624      126.15236401      
622      127.60859239      
620      129.06144202      
618      130.50703406      
616      131.94870239      
614      133.38263923      
612      134.81157136      
610      136.23486656      
608      137.65130883      
606      139.06167668      
604      140.46761763      
602      141.86799002      
600      143.26314395      
598      144.65228700      
596      146.03661734      
594      147.41479933      
592      148.78660953      
590      150.15312201      
588      151.51408297      
586      152.87065029      
584      154.22045028      
582      155.56516105      
580      156.90525770      
578      158.23995447      
576      159.56895381      
574      160.89307606      
572      162.21082818      
570      163.52422899      
568      164.83180874      
566      166.13405633      
564      167.43235439      
562      168.72432369      
560      170.01157546      
558      171.29420304      
556      172.57015538      
554      173.84259450      
552      175.10864311      
550      176.37095547      
548      177.62742150      
546      178.88020223      
544      180.12833041      
542      181.37024277      
540      182.60697532      
538      183.83931452      
536      185.06599480      
534      186.28888446      
532      187.50572389      
530      188.71782273      
528      189.92513799      
526      191.12744683      
524      192.32549298      
522      193.51849556      
520      194.70748365      
518      195.89040690      
516      197.06929868      
514      198.24417549      
512      199.41291404      
510      200.57632267      
508      201.73642129      
506      202.89105338      
504      204.04135048      
502      205.18738693      
500      206.32817673      
498      207.46408361      
496      208.59513479      
494      209.72174662      
492      210.84463054      
490      211.96150285      
488      213.07404297      
486      214.18145758      
484      215.28463864      
482      216.38308668      
480      217.47698074      
478      218.56627792      
476      219.65165764      
474      220.73187369      
472      221.80750346      
470      222.87909257      
468      223.94590646      
466      225.00833380      
464      226.06638074      
462      227.11944055      
460      228.16702729      
458      229.21120810      
456      230.25009042      
454      231.28518623      
452      232.31625724      
450      233.34115654      
448      234.36251998      
446      235.37971061      
444      236.39252776      
442      237.40001035      
440      238.40312820      
438      239.40197819      
436      240.39576667      
434      241.38563663      
432      242.37166548      
430      243.35282981      
428      244.32949137      
426      245.30148321      
424      246.26834518      
422      247.23170292      
420      248.18973058      
418      249.14454794      
416      250.09462821      
414      251.03940081      
412      251.98078251      
410      252.91810858      
408      253.85069036      
406      254.77835285      
404      255.70168561      
402      256.62090593      
400      257.53633898      
398      258.44669229      
396      259.35312092      
394      260.25436556      
392      261.15194833      
390      262.04467606      
388      262.93288654      
386      263.81729156      
384      264.69710177      
382      265.57224643      
380      266.44276750      
378      267.30895084      
376      268.17149985      
374      269.02941483      
372      269.88238948      
370      270.73104715      
368      271.57548326      
366      272.41540378      
364      273.25091779      
362      274.08259660      
360      274.90992141      
358      275.73316067      
356      276.55142355      
354      277.36534244      
352      278.17518657      
350      278.98097962      
348      279.78196704      
346      280.57845211      
344      281.37115627      
342      282.15930438      
340      282.94302666      
338      283.72259050      
336      284.49802518      
334      285.26921415      
332      286.03565973      
330      286.79732841      
328      287.55473178      
326      288.30806082      
324      289.05696785      
322      289.80201155      
320      290.54249835      
318      291.27828961      
316      292.01014638      
314      292.73708731      
312      293.46000385      
310      294.17826187      
308      294.89222884      
306      295.60193842      
304      296.30745077      
302      297.00845390      
300      297.70480352      
298      298.39754325      
296      299.08564359      
294      299.76939535      
292      300.44912416      
290      301.12445682      
288      301.79521400      
286      302.46134227      
284      303.12331646      
282      303.78092730      
280      304.43424803      
278      305.08312863      
276      305.72769832      
274      306.36808342      
272      307.00413370      
270      307.63543528      
268      308.26243502      
266      308.88513696      
264      309.50361818      
262      310.11783618      
260      310.72717511      
258      311.33264512      
256      311.93377197      
254      312.52985620      
252      313.12229776      
250      313.70967710      
248      314.29327631      
246      314.87236416      
244      315.44685900      
242      316.01741165      
240      316.58351254      
238      317.14484662      
236      317.70246130      
234      318.25534963      
232      318.80357921      
230      319.34759468      
228      319.88696933      
226      320.42192745      
224      320.95259338      
222      321.47925961      
220      322.00153762      
218      322.51930117      
216      323.03246355      
214      323.54104835      
212      324.04581260      
210      324.54547161      
208      325.04076737      
206      325.53199643      
204      326.01828039      
202      326.50037134      
200      326.97783702      
198      327.45089042      
196      327.91919160      
194      328.38347286      
192      328.84374893      
190      329.29946947      
188      329.75041514      
186      330.19690096      
184      330.63891882      
182      331.07653755      
180      331.50944799      
178      331.93803280      
176      332.36242455      
174      332.78224170      
172      333.19723952      
170      333.60784608      
168      334.01378292      
166      334.41548884      
164      334.81243068      
162      335.20460748      
160      335.59218728      
158      335.97557550      
156      336.35456705      
154      336.72880143      
152      337.09807122      
150      337.46320855      
148      337.82421213      
146      338.18023568      
144      338.53158450      
142      338.87805390      
140      339.22069901      
138      339.55854958      
136      339.89155614      
134      340.22048580      
132      340.54504001      
130      340.86438393      
128      341.17947221      
126      341.48994499      
124      341.79545295      
122      342.09642392      
120      342.39277905      
118      342.68444162      
116      342.97117346      
114      343.25354641      
112      343.53125697      
110      343.80488515      
108      344.07337755      
106      344.33681834      
104      344.59584564      
102      344.85080671      
100      345.10054987      
98       345.34557700      
96       345.58576757      
94       345.82131457      
92       346.05248421      
90       346.27823961      
88       346.49955600      
86       346.71591902      
84       346.92784637      
82       347.13505608      
80       347.33742642      
78       347.53516424      
76       347.72811210      
74       347.91630500      
72       348.09927386      
70       348.27793091      
68       348.45184487      
66       348.62049973      
64       348.78452802      
62       348.94358343      
60       349.09781283      
58       349.24758595      
56       349.39178031      
54       349.53101229      
52       349.66564399      
50       349.79568344      
48       349.92045134      
46       350.04053545      
44       350.15564835      
42       350.26608497      
40       350.37146079      
38       350.47146433      
36       350.56697535      
34       350.65728408      
32       350.74253684      
30       350.82315552      
28       350.89845466      
26       350.96868896      
24       351.03403824      
22       351.09400552      
20       351.14906829      
18       351.19907063      
16       351.24408072      
14       351.28430986      
12       351.31909275      
10       351.34897715      
8        351.37368715      
6        351.39315927      
4        351.40753966      
2        351.41682011      
0        351.42095732      
-2       351.41971409      
-4       351.41309696      
-6       351.40118909      
-8       351.38445157      
-10      351.36245721      
-12      351.33464193      
-14      351.30184263      
-16      351.26388651      
-18      351.22050094      
-20      351.17184782      
-22      351.11786520      
-24      351.05859804      
-26      350.99370420      
-28      350.92376959      
-30      350.84811079      
-32      350.76683646      
-34      350.68091363      
-36      350.58908462      
-38      350.49133527      
-40      350.38895243      
-42      350.28059476      
-44      350.16680735      
-46      350.04744804      
-48      349.92276048      
-50      349.79260111      
-52      349.65637100      
-54      349.51467281      
-56      349.36755907      
-58      349.21463489      
-60      349.05623859      
-62      348.89156949      
-64      348.72135085      
-66      348.54557234      
-68      348.36390817      
-70      348.17670291      
-72      347.98369157      
-74      347.78464389      
-76      347.57971686      
-78      347.36888873      
-80      347.15204727      
-82      346.92990869      
-84      346.70148533      
-86      346.46683836      
-88      346.22659248      
-90      345.98040849      
-92      345.72807377      
-94      345.46968794      
-96      345.20514029      
-98      344.93460506      
-100     344.65771943      
-102     344.37472921      
-104     344.08613652      
-106     343.79112702      
-108     343.48980993      
-110     343.18221241      
-112     342.86863684      
-114     342.54890740      
-116     342.22250497      
-118     341.88976914      
-120     341.55081826      
-122     341.20534062      
-124     340.85343176      
-126     340.49518162      
-128     340.13007158      
-130     339.75812584      
-132     339.37982130      
-134     338.99533200      
-136     338.60372937      
-138     338.20592612      
-140     337.80092102      
-142     337.38930994      
-144     336.97121835      
-146     336.54582864      
-148     336.11384827      
-150     335.67460024      
-152     335.22869634      
-154     334.77621442      
-156     334.31681001      
-158     333.85019684      
-160     333.37668896      
-162     332.89558440      
-164     332.40727854      
-166     331.91198301      
-168     331.40941554      
-170     330.89962232      
-172     330.38274634      
-174     329.85787803      
-176     329.32612997      
-178     328.78697300      
-180     328.24011838      
-182     327.68592697      
-184     327.12406057      
-186     326.55461055      
-188     325.97705012      
-190     325.39206058      
-192     324.79902202      
-194     324.19894630      
-196     323.59051281      
-198     322.97479439      
-200     322.35106212      
-202     321.71875757      
-204     321.07898325      
-206     320.43041652      
-208     319.77384698      
-210     319.10910249      
-212     318.43652731      
-214     317.75546843      
-216     317.06635624      
-218     316.36887252      
-220     315.66226548      
-222     314.94723820      
-224     314.22399282      
-226     313.49207127      
-228     312.75061393      
-230     312.00025248      
-232     311.24206930      
-234     310.47430670      
-236     309.69805199      
-238     308.91207140      
-240     308.11695087      
-242     307.31305337      
-244     306.49962836      
-246     305.67730790      
-248     304.84544605      
-250     304.00375187      
-252     303.15242243      
-254     302.29176783      
-256     301.42175501      
-258     300.54170018      
-260     299.65185147      
-262     298.75154185      
-264     297.84173906      
-266     296.92165023      
-268     295.99094319      
-270     295.05038750      
-272     294.09929126      
-274     293.13730836      
-276     292.16519904      
-278     291.18285608      
-280     290.18911540      
-282     289.18447500      
-284     288.16895175      
-286     287.14240116      
-288     286.10516459      
-290     285.05726707      
-292     283.99687666      
-294     282.92562634      
-296     281.84290200      
-298     280.74820149      
-300     279.64164793      
-302     278.52331257      
-304     277.39363819      
-306     276.25130194      
-308     275.09643650      
-310     273.92927146      
-312     272.74903333      
-314     271.55695450      
-316     270.35280448      
-318     269.13548791      
-320     267.90511030      
-322     266.66035116      
-324     265.40246850      
-326     264.13155651      
-328     262.84728515      
-330     261.54937035      
-332     260.23721552      
-334     258.91067952      
-336     257.57070184      
-338     256.21634149      
-340     254.84685343      
-342     253.46330184      
-344     252.06388151      
-346     250.64972657      
-348     249.21975243      
-350     247.77402097      
-352     246.31282562      
-354     244.83568048      
-356     243.34294575      
-358     241.83431738      
-360     240.30841023      
-362     238.76528352      
-364     237.20571357      
-366     235.62924611      
-368     234.03531366      
-370     232.42314064      
-372     230.79299933      
-374     229.14502239      
-376     227.47950345      
-378     225.79564076      
-380     224.09075236      
-382     222.36771226      
-384     220.62545961      
-386     218.86221289      
-388     217.07932836      
-390     215.27702880      
-392     213.45334196      
-394     211.60855245      
-396     209.74070674      
-398     207.85149646      
-400     205.94056660      
-402     204.00723404      
-404     202.05128741      
-406     200.07078481      
-408     198.06635678      
-410     196.03792965      
-412     193.98432052      
-414     191.90421098      
-416     189.79835206      
-418     187.66575908      
-420     185.50565219      
-422     183.31789559      
-424     181.10396653      
-426     178.85944843      
-428     176.58516860      
-430     174.27975541      
-432     171.94410461      
-434     169.57780021      
-436     167.17968517      
-438     164.74822444      
-440     162.28148633      
-442     159.78080034      
-444     157.24345362      
-446     154.66965520      
-448     152.05476099      
-450     149.40108579      
-452     146.70712650      
-454     143.97010350      
-456     141.18997848      
-458     138.36722714      
-460     135.49689472      
-462     132.57672036      
-464     129.60711050      
-466     126.58581477      
-468     123.51075071      
-470     120.37589037      
-472     117.18085515      
-474     113.92613762      
-476     110.60242045      
-478     107.21234381      
-480     103.74856204      
-482     100.20935005      
-484     96.58724630       
-486     92.87631661       
-488     89.07407099       
-490     85.17122835       
-492     81.15887695       
-494     77.02547651       
-496     72.75962663       
-498     68.34841472       
-500     63.77824288       
-502     59.02430272       
-504     54.05199694       
-506     48.82825506       
-508     43.29008674       
-510     37.32755810       
-512     30.58949381       
