1276     0.69314718        
1270     6.25610198        
1268     5.57110238        
1266     6.21606570        
1264     11.10220894       
1262     11.10116952       
1260     11.89480784       
1258     15.55811813       
1256     15.93481020       
1254     16.85630521       
1252     19.72984887       
1250     20.42894310       
1248     21.39742370       
1246     23.75597048       
1244     24.63000540       
1242     25.64824883       
1240     27.63250264       
1238     28.62502222       
1236     29.69668354       
1234     31.40639911       
1232     32.45492737       
1230     33.57512972       
1228     35.06809912       
1226     36.16178775       
1224     37.29773533       
1222     38.65152462       
1220     39.76148525       
1218     40.90048967       
1216     42.15253386       
1214     43.25997761       
1212     44.39919212       
1210     45.59244248       
1208     46.68960456       
1206     47.81223900       
1204     48.96765114       
1202     50.05932759       
1200     51.16709328       
1198     52.27887536       
1196     53.36067809       
1194     54.43950479       
1192     55.52894756       
1190     56.58867585       
1188     57.65849891       
1186     58.71845712       
1184     59.77127793       
1182     60.81356817       
1180     61.85646906       
1178     62.89073083       
1176     63.91944137       
1174     64.93405552       
1172     65.94806659       
1170     66.96177952       
1168     67.96746355       
1166     68.96171732       
1164     69.96795188       
1162     70.95108448       
1160     71.94000485       
1158     72.92950316       
1156     73.90183864       
1154     74.87472865       
1152     75.84762092       
1150     76.80233665       
1148     77.75729750       
1146     78.71443821       
1144     79.66515447       
1142     80.59875989       
1140     81.55078870       
1138     82.48758225       
1136     83.41262908       
1134     84.33389294       
1132     85.27652958       
1130     86.19047536       
1128     87.09729442       
1126     88.02074066       
1124     88.93171990       
1122     89.83828148       
1120     90.74591572       
1118     91.64848360       
1116     92.53399561       
1114     93.43164475       
1112     94.33340940       
1110     95.20942046       
1108     96.09324193       
1106     96.97619530       
1104     97.85136814       
1102     98.72579668       
1100     99.60051979       
1098     100.45794456      
1096     101.32696162      
1094     102.18576991      
1092     103.04062962      
1090     103.89769892      
1088     104.75505075      
1086     105.60396732      
1084     106.45345196      
1082     107.29412088      
1080     108.13248551      
1078     108.97408417      
1076     109.81280057      
1074     110.64663890      
1072     111.46838346      
1070     112.29780729      
1068     113.13137604      
1066     113.94656709      
1064     114.76220755      
1062     115.58743618      
1060     116.39047023      
1058     117.20669408      
1056     118.01661394      
1054     118.81574493      
1052     119.62873699      
1050     120.42426348      
1048     121.22474070      
1046     122.02141973      
1044     122.81842099      
1042     123.61272384      
1040     124.39729295      
1038     125.18817244      
1036     125.97711082      
1034     126.75783804      
1032     127.53730501      
1030     128.31515112      
1028     129.09753947      
1026     129.86613434      
1024     130.63412845      
1022     131.41008678      
1020     132.18474509      
1018     132.94454898      
1016     133.70663324      
1014     134.48017086      
1012     135.22886281      
1010     135.99319999      
1008     136.74864158      
1006     137.49522644      
1004     138.26257340      
1002     139.00802801      
1000     139.75451115      
998      140.50420572      
996      141.24770698      
994      141.98819738      
992      142.72687577      
990      143.46515706      
988      144.20419346      
986      144.94413550      
984      145.67257267      
982      146.40196560      
980      147.13452336      
978      147.86117208      
976      148.58503234      
974      149.31175324      
972      150.02725026      
970      150.76091392      
968      151.47623420      
966      152.19404781      
964      152.90996769      
962      153.62651411      
960      154.33471545      
958      155.05119794      
956      155.76136176      
954      156.46886135      
952      157.17251743      
950      157.87851061      
948      158.57980647      
946      159.28373512      
944      159.97693306      
942      160.67777428      
940      161.37100483      
938      162.06253934      
936      162.75986659      
934      163.44631117      
932      164.13018623      
930      164.81897580      
928      165.50442585      
926      166.19359091      
924      166.87475426      
922      167.55168083      
920      168.23404541      
918      168.91288177      
916      169.58980849      
914      170.26262109      
912      170.93807109      
910      171.61164671      
908      172.28657996      
906      172.95410813      
904      173.62375141      
902      174.28772864      
900      174.94892120      
898      175.61569963      
896      176.27618478      
894      176.93211698      
892      177.59828536      
890      178.25733036      
888      178.91316813      
886      179.57331393      
884      180.22605753      
882      180.87750104      
880      181.52833795      
878      182.17844525      
876      182.82521935      
874      183.46850654      
872      184.11134441      
870      184.75775738      
868      185.40189220      
866      186.04210228      
864      186.68426543      
862      187.32324333      
860      187.96066452      
858      188.59529280      
856      189.22865541      
854      189.86354901      
852      190.49802983      
850      191.12487522      
848      191.75468829      
846      192.38827123      
844      193.01262435      
842      193.64188658      
840      194.26284389      
838      194.89042504      
836      195.51178452      
834      196.13109489      
832      196.75275491      
830      197.37604970      
828      197.99105058      
826      198.60419766      
824      199.22312175      
822      199.84067035      
820      200.44992149      
818      201.06336625      
816      201.67410549      
814      202.28576712      
812      202.89548264      
810      203.49638365      
808      204.10294692      
806      204.70932987      
804      205.31555974      
802      205.91482119      
800      206.51066696      
798      207.11438604      
796      207.70966242      
794      208.30891406      
792      208.90413810      
790      209.49696845      
788      210.09148697      
786      210.68402578      
784      211.27639852      
782      211.86696663      
780      212.45937230      
778      213.04779874      
776      213.63590926      
774      214.21916655      
772      214.80536492      
770      215.38959081      
768      215.97424058      
766      216.55454436      
764      217.13154788      
762      217.71334950      
760      218.28864264      
758      218.87317209      
756      219.45288573      
754      220.02520361      
752      220.59656952      
750      221.17278358      
748      221.74232238      
746      222.31804737      
744      222.88571650      
742      223.45010032      
740      224.02660888      
738      224.59400807      
736      225.15614556      
734      225.71898855      
732      226.28424728      
730      226.84300460      
728      227.40629233      
726      227.96444793      
724      228.51981161      
722      229.07540691      
720      229.63799505      
718      230.19200246      
716      230.74690756      
714      231.29815122      
712      231.84734216      
710      232.40164545      
708      232.94852909      
706      233.50034573      
704      234.04537274      
702      234.59198753      
700      235.13882522      
698      235.68339301      
696      236.23011650      
694      236.77313719      
692      237.31124887      
690      237.85498658      
688      238.40126815      
686      238.93628962      
684      239.47742583      
682      240.01434257      
680      240.55337898      
678      241.08843450      
676      241.62200954      
674      242.15835893      
672      242.69134109      
670      243.22289978      
668      243.75094209      
666      244.28168347      
664      244.80787186      
662      245.33240412      
660      245.85752886      
658      246.38592988      
656      246.90700319      
654      247.42982800      
652      247.95252728      
650      248.47445722      
648      248.99486904      
646      249.51327483      
644      250.03270906      
642      250.55092941      
640      251.06501424      
638      251.58463059      
636      252.09373882      
634      252.60433405      
632      253.12124477      
630      253.62656273      
628      254.14128837      
626      254.64969031      
624      255.15662214      
622      255.65821945      
620      256.16884473      
618      256.67807695      
616      257.18158902      
614      257.68897246      
612      258.18852712      
610      258.68753023      
608      259.18914762      
606      259.68744357      
604      260.18644436      
602      260.68095191      
600      261.17799249      
598      261.67787276      
596      262.17061433      
594      262.66744996      
592      263.15746599      
590      263.65046640      
588      264.14458452      
586      264.62844109      
584      265.11570248      
582      265.60506752      
580      266.09145975      
578      266.58264760      
576      267.06665048      
574      267.55023621      
572      268.03631402      
570      268.51826483      
568      268.99724673      
566      269.47773713      
564      269.95784206      
562      270.43608971      
560      270.91220224      
558      271.39016785      
556      271.86096459      
554      272.33191576      
552      272.80577221      
550      273.27791606      
548      273.74675827      
546      274.21687615      
544      274.68669425      
542      275.15223867      
540      275.62147820      
538      276.08642161      
536      276.54973621      
534      277.01296659      
532      277.47621417      
530      277.93629464      
528      278.39813012      
526      278.85617734      
524      279.31548141      
522      279.77346231      
520      280.22859078      
518      280.68268597      
516      281.13830001      
514      281.59003684      
512      282.04258127      
510      282.49520609      
508      282.94291273      
506      283.39425438      
504      283.83887511      
502      284.28400877      
500      284.72975500      
498      285.17597547      
496      285.62117666      
494      286.06688985      
492      286.50711249      
490      286.94870968      
488      287.39017543      
486      287.82822059      
484      288.26573328      
482      288.70332165      
480      289.14069655      
478      289.57198104      
476      290.00089152      
474      290.43708391      
472      290.86401643      
470      291.29806600      
468      291.72609204      
466      292.15159055      
464      292.58136162      
462      293.00461826      
460      293.43041229      
458      293.85325511      
456      294.27639043      
454      294.69254659      
452      295.11515765      
450      295.53329728      
448      295.95612243      
446      296.37371258      
444      296.78503978      
442      297.19774630      
440      297.61381554      
438      298.02323954      
436      298.43481210      
434      298.84413713      
432      299.25124249      
430      299.65936559      
428      300.06784239      
426      300.47341314      
424      300.87536999      
422      301.28060648      
420      301.68118319      
418      302.08107292      
416      302.48068863      
414      302.87751838      
412      303.27804459      
410      303.67676875      
408      304.07116540      
406      304.46471821      
404      304.85625809      
402      305.24507206      
400      305.63409819      
398      306.02379879      
396      306.41261370      
394      306.80102956      
392      307.18571189      
390      307.57022349      
388      307.95309779      
386      308.33786198      
384      308.71760465      
382      309.09454384      
380      309.47234411      
378      309.85144044      
376      310.22725744      
374      310.60065324      
372      310.97554390      
370      311.34803416      
368      311.71710717      
366      312.08480033      
364      312.45408404      
362      312.82057734      
360      313.18694870      
358      313.55238397      
356      313.91255350      
354      314.27559897      
352      314.63701452      
350      314.99611068      
348      315.35437800      
346      315.71079886      
344      316.06503933      
342      316.42022137      
340      316.76955512      
338      317.11923866      
336      317.46787193      
334      317.81303030      
332      318.16564506      
330      318.51079239      
328      318.85011910      
326      319.19482724      
324      319.53972006      
322      319.87811793      
320      320.21698013      
318      320.55399051      
316      320.88865244      
314      321.22324452      
312      321.55677926      
310      321.88534331      
308      322.21511207      
306      322.54377597      
304      322.87308009      
302      323.19882533      
300      323.52409716      
298      323.84227700      
296      324.16555948      
294      324.48786856      
292      324.80823657      
290      325.12462832      
288      325.44401863      
286      325.75884469      
284      326.07073213      
282      326.38334593      
280      326.69385429      
278      327.00067165      
276      327.30645817      
274      327.61098704      
272      327.91517968      
270      328.21775584      
268      328.51889160      
266      328.81599071      
264      329.11214994      
262      329.41155797      
260      329.70479154      
258      329.99770272      
256      330.28853060      
254      330.57793185      
252      330.86699201      
250      331.15101018      
248      331.43869950      
246      331.71948713      
244      331.99798740      
242      332.28019544      
240      332.55990049      
238      332.83486381      
236      333.11104946      
234      333.38792606      
232      333.66087268      
230      333.93108964      
228      334.20089578      
226      334.46717459      
224      334.73083120      
222      334.99668917      
220      335.25856849      
218      335.51828399      
216      335.77791421      
214      336.03398011      
212      336.29188907      
210      336.54435056      
208      336.79477720      
206      337.04611559      
204      337.29459116      
202      337.53881761      
200      337.78229509      
198      338.02557477      
196      338.26505308      
194      338.50423617      
192      338.74210316      
190      338.97653661      
188      339.21073758      
186      339.44260828      
184      339.67501710      
182      339.90187748      
180      340.12643181      
178      340.35111852      
176      340.57169351      
174      340.79288928      
172      341.01141102      
170      341.22685647      
168      341.43929934      
166      341.65053285      
164      341.86127999      
162      342.07081170      
160      342.27722679      
158      342.48259279      
156      342.68225984      
154      342.88124865      
152      343.08118549      
150      343.27652027      
148      343.46855731      
146      343.65966247      
144      343.85068573      
142      344.03798280      
140      344.22110757      
138      344.40784631      
136      344.58950890      
134      344.76501557      
132      344.94470142      
130      345.12025775      
128      345.29219749      
126      345.46213822      
124      345.62949799      
122      345.79302537      
120      345.95538357      
118      346.11571979      
116      346.27448422      
114      346.43317546      
112      346.58855708      
110      346.74007633      
108      346.88836102      
106      347.03347738      
104      347.17944321      
102      347.32171850      
100      347.46084823      
98       347.59791361      
96       347.73284308      
94       347.86647442      
92       347.99656144      
90       348.12603207      
88       348.25097738      
86       348.37223844      
84       348.49435511      
82       348.61449034      
80       348.72953270      
78       348.84497134      
76       348.95852287      
74       349.06603075      
72       349.17100625      
70       349.27530454      
68       349.37658153      
66       349.47573361      
64       349.56983095      
62       349.66220057      
60       349.75613740      
58       349.84330766      
56       349.92632124      
54       350.01124908      
52       350.09209852      
50       350.16627948      
48       350.23784333      
46       350.30975811      
44       350.37956120      
42       350.44567965      
40       350.51098929      
38       350.57185745      
36       350.63027352      
34       350.68698355      
32       350.73814574      
30       350.78763655      
28       350.83554281      
26       350.88110004      
24       350.92068784      
22       350.95843705      
20       350.99538491      
18       351.02889123      
16       351.05808103      
14       351.08277540      
12       351.10607311      
10       351.12704089      
8        351.14448888      
6        351.15912550      
4        351.17068130      
2        351.17789137      
0        351.18055454      
-2       351.18259615      
-4       351.18161842      
-6       351.17566113      
-8       351.16735722      
-10      351.15622584      
-12      351.14199932      
-14      351.12347708      
-16      351.10443122      
-18      351.07983459      
-20      351.05093407      
-22      351.02111292      
-24      350.98673580      
-26      350.94885596      
-28      350.90739688      
-30      350.86045992      
-32      350.81013506      
-34      350.75985865      
-36      350.70587265      
-38      350.64636180      
-40      350.58345726      
-42      350.52020779      
-44      350.45061962      
-46      350.37640881      
-48      350.29873830      
-50      350.21959708      
-52      350.13909982      
-54      350.05006712      
-56      349.95927211      
-58      349.86696738      
-60      349.76783906      
-62      349.66741767      
-64      349.56271869      
-66      349.45287607      
-68      349.34059380      
-70      349.22178733      
-72      349.10092616      
-74      348.97776706      
-76      348.85037361      
-78      348.71881164      
-80      348.57990779      
-82      348.44004835      
-84      348.29578891      
-86      348.14656925      
-88      347.99592082      
-90      347.84081726      
-92      347.68032332      
-94      347.51819329      
-96      347.34985110      
-98      347.17815886      
-100     347.00270571      
-102     346.82080595      
-104     346.63786265      
-106     346.44943189      
-108     346.25619326      
-110     346.06237531      
-112     345.86237800      
-114     345.65468074      
-116     345.44173226      
-118     345.22896020      
-120     345.00935289      
-122     344.78884104      
-124     344.56172062      
-126     344.32906417      
-128     344.09418261      
-130     343.85554826      
-132     343.61098602      
-134     343.35961810      
-136     343.10393506      
-138     342.84715013      
-140     342.58452834      
-142     342.31655922      
-144     342.04689725      
-146     341.77156697      
-148     341.49146454      
-150     341.20313918      
-152     340.91473935      
-154     340.62016587      
-156     340.31713576      
-158     340.01303513      
-160     339.70310788      
-162     339.38907656      
-164     339.06892013      
-166     338.74427575      
-168     338.41729499      
-170     338.08559134      
-172     337.74280783      
-174     337.40006393      
-176     337.05138942      
-178     336.69638720      
-180     336.33860063      
-182     335.97394609      
-184     335.60559429      
-186     335.23209958      
-188     334.85331589      
-190     334.46916556      
-192     334.07948825      
-194     333.68483889      
-196     333.28360751      
-198     332.87529565      
-200     332.46490049      
-202     332.04727904      
-204     331.62691881      
-206     331.20244251      
-208     330.77254236      
-210     330.33725159      
-212     329.89752722      
-214     329.45050342      
-216     328.99494219      
-218     328.53514659      
-220     328.06903912      
-222     327.59726426      
-224     327.12180285      
-226     326.64019605      
-228     326.15022896      
-230     325.65722769      
-232     325.15862207      
-234     324.65500054      
-236     324.14503854      
-238     323.62837837      
-240     323.10711629      
-242     322.58261949      
-244     322.04643093      
-246     321.50781634      
-248     320.96735303      
-250     320.41856341      
-252     319.86004565      
-254     319.29857489      
-256     318.73089388      
-258     318.15412673      
-260     317.57497026      
-262     316.98864044      
-264     316.39967979      
-266     315.80173774      
-268     315.19210633      
-270     314.58380495      
-272     313.96365942      
-274     313.34401969      
-276     312.71446286      
-278     312.08089250      
-280     311.43909658      
-282     310.79238231      
-284     310.13496312      
-286     309.46767515      
-288     308.79661655      
-290     308.12095786      
-292     307.44333732      
-294     306.75752313      
-296     306.06213808      
-298     305.36196303      
-300     304.65388711      
-302     303.94020927      
-304     303.21697415      
-306     302.48581321      
-308     301.74498606      
-310     301.00426598      
-312     300.25640197      
-314     299.49760635      
-316     298.73462364      
-318     297.96553640      
-320     297.18636232      
-322     296.40304684      
-324     295.60817066      
-326     294.81097156      
-328     294.00417392      
-330     293.18888522      
-332     292.36936290      
-334     291.54195264      
-336     290.70570905      
-338     289.86470394      
-340     289.01662376      
-342     288.15929757      
-344     287.28907318      
-346     286.41521294      
-348     285.53244726      
-350     284.64985162      
-352     283.75008543      
-354     282.84672762      
-356     281.93369362      
-358     281.01313065      
-360     280.08251808      
-362     279.14368732      
-364     278.19726984      
-366     277.24057956      
-368     276.28100702      
-370     275.31035663      
-372     274.33356836      
-374     273.34648123      
-376     272.35270843      
-378     271.35051219      
-380     270.33398375      
-382     269.31755456      
-384     268.28540239      
-386     267.24703887      
-388     266.19585705      
-390     265.14260348      
-392     264.07888703      
-394     263.00676890      
-396     261.92142473      
-398     260.82911210      
-400     259.73017011      
-402     258.62037492      
-404     257.50141324      
-406     256.36441532      
-408     255.22325411      
-410     254.07005431      
-412     252.91139915      
-414     251.74130727      
-416     250.55823014      
-418     249.36276343      
-420     248.15928912      
-422     246.94784535      
-424     245.72200456      
-426     244.49252629      
-428     243.25053127      
-430     241.99796282      
-432     240.72970740      
-434     239.45889640      
-436     238.16536517      
-438     236.87041326      
-440     235.55619347      
-442     234.23389868      
-444     232.90094861      
-446     231.55038383      
-448     230.18663962      
-450     228.81145738      
-452     227.42790712      
-454     226.02831475      
-456     224.61095813      
-458     223.18005001      
-460     221.74120076      
-462     220.28225142      
-464     218.81534321      
-466     217.33267192      
-468     215.83244382      
-470     214.32094504      
-472     212.78771573      
-474     211.25035417      
-476     209.69734172      
-478     208.12359693      
-480     206.53140399      
-482     204.92910868      
-484     203.30603766      
-486     201.67048429      
-488     200.01266396      
-490     198.34225122      
-492     196.64981489      
-494     194.94430065      
-496     193.21927468      
-498     191.47849373      
-500     189.72003247      
-502     187.94419412      
-504     186.14474261      
-506     184.32505765      
-508     182.48524393      
-510     180.62282942      
-512     178.73573819      
-514     176.83223085      
-516     174.91207705      
-518     172.95108816      
-520     170.96496951      
-522     168.96346412      
-524     166.93148137      
-526     164.87620082      
-528     162.78151831      
-530     160.67208652      
-532     158.51797865      
-534     156.34224732      
-536     154.12666406      
-538     151.88784432      
-540     149.61285162      
-542     147.29971297      
-544     144.96367873      
-546     142.58212668      
-548     140.16836901      
-550     137.70275555      
-552     135.20765285      
-554     132.65306055      
-556     130.05433531      
-558     127.41612248      
-560     124.72049998      
-562     121.96199049      
-564     119.15361906      
-566     116.30840827      
-568     113.38934187      
-570     110.38467659      
-572     107.31605993      
-574     104.17727935      
-576     100.95060977      
-578     97.61474360       
-580     94.18212519       
-582     90.63332762       
-584     86.90590501       
-586     83.05562034       
-588     79.01914857       
-590     74.76761605       
-592     70.23136046       
-594     65.22539784       
-596     59.61208886       
