636      0.69314718        
630      5.54558562        
628      4.84143087        
626      5.54494421        
624      9.70392859        
622      9.68517770        
620      10.52754749       
618      13.47935049       
616      13.85342896       
614      14.78532421       
612      17.02097080       
610      17.66349438       
608      18.62950827       
606      20.40272209       
604      21.20515847       
602      22.21453525       
600      23.67342022       
598      24.56143820       
596      25.57923779       
594      26.84197545       
592      27.78153640       
590      28.79104094       
588      29.92241193       
586      30.87369627       
584      31.87973158       
582      32.92748910       
580      33.87519741       
578      34.85493947       
576      35.85263631       
574      36.79349893       
572      37.74290642       
570      38.69942075       
568      39.63036383       
566      40.55585193       
564      41.47945641       
562      42.38788464       
560      43.29074234       
558      44.19303989       
556      45.07611184       
554      45.96138777       
552      46.84178053       
550      47.70952409       
548      48.57741791       
546      49.43904796       
544      50.28573671       
542      51.13721765       
540      51.97882980       
538      52.81715254       
536      53.65042487       
534      54.47269043       
532      55.29272249       
530      56.10707475       
528      56.91674115       
526      57.72282269       
524      58.52268095       
522      59.32003377       
520      60.11490673       
518      60.90439430       
516      61.68424555       
514      62.46390018       
512      63.23879103       
510      64.00831349       
508      64.77747330       
506      65.53802189       
504      66.29546064       
502      67.04977946       
500      67.80237618       
498      68.54151328       
496      69.28090524       
494      70.02016301       
492      70.75785555       
490      71.48647561       
488      72.21264477       
486      72.93788473       
484      73.65921783       
482      74.37486651       
480      75.08811842       
478      75.79695163       
476      76.50460979       
474      77.21161306       
472      77.90738386       
470      78.60536282       
468      79.29719980       
466      79.98802465       
464      80.68006955       
462      81.36363248       
460      82.04083118       
458      82.71453573       
456      83.38755978       
454      84.05983034       
452      84.73110959       
450      85.39732466       
448      86.05836764       
446      86.71836194       
444      87.37736873       
442      88.02822242       
440      88.68195616       
438      89.33116208       
436      89.97700411       
434      90.62325178       
432      91.26454676       
430      91.90318593       
428      92.54191342       
426      93.17461522       
424      93.81028576       
422      94.43726431       
420      95.06176221       
418      95.68816884       
416      96.30915253       
414      96.92700930       
412      97.54584108       
410      98.16134792       
408      98.76995991       
406      99.38047138       
404      99.99142277       
402      100.59427592      
400      101.19851161      
398      101.79651536      
396      102.39274026      
394      102.98885667      
392      103.58286351      
390      104.17435877      
388      104.76163557      
386      105.35425615      
384      105.93775770      
382      106.51495035      
380      107.09782977      
378      107.67558572      
376      108.24905027      
374      108.82410280      
372      109.39496417      
370      109.96649346      
368      110.53341341      
366      111.09826468      
364      111.65949422      
362      112.21996511      
360      112.77926917      
358      113.33490075      
356      113.88892466      
354      114.44388322      
352      114.99754058      
350      115.54400548      
348      116.09099404      
346      116.63790208      
344      117.17823343      
342      117.71970852      
340      118.25712190      
338      118.79381716      
336      119.32845929      
334      119.85736359      
332      120.38882130      
330      120.92010118      
328      121.44807730      
326      121.96879926      
324      122.48880938      
322      123.01080194      
320      123.52807765      
318      124.04494032      
316      124.56145185      
314      125.07042143      
312      125.58526704      
310      126.09381415      
308      126.59783064      
306      127.10358371      
304      127.60595225      
302      128.10647233      
300      128.60820524      
298      129.10677279      
296      129.60162256      
294      130.09342672      
292      130.58464052      
290      131.07514661      
288      131.56234330      
286      132.04455164      
284      132.53041713      
282      133.01150945      
280      133.49149605      
278      133.96717898      
276      134.44189098      
274      134.91687232      
272      135.38859144      
270      135.85905880      
268      136.32818739      
266      136.79261951      
264      137.25486621      
262      137.71692355      
260      138.17647648      
258      138.63313235      
256      139.08793497      
254      139.54114276      
252      139.99220502      
250      140.44056399      
248      140.88655901      
246      141.33382353      
244      141.77812537      
242      142.21635462      
240      142.65633622      
238      143.09520830      
236      143.52578199      
234      143.95938742      
232      144.39007097      
230      144.81872031      
228      145.24154322      
226      145.66504812      
224      146.08669044      
222      146.50893993      
220      146.92221458      
218      147.33913807      
216      147.75323994      
214      148.16090770      
212      148.56719293      
210      148.97356404      
208      149.37475435      
206      149.77442200      
204      150.17185594      
202      150.56900513      
200      150.96313917      
198      151.35479741      
196      151.74411721      
194      152.13072517      
192      152.51397623      
190      152.89334614      
188      153.27322948      
186      153.65112997      
184      154.02265207      
182      154.39420326      
180      154.76231460      
178      155.12888787      
176      155.49309225      
174      155.85466516      
172      156.21232776      
170      156.57007353      
168      156.92281532      
166      157.27188745      
164      157.61893488      
162      157.96436837      
160      158.30584892      
158      158.64570641      
156      158.98197043      
154      159.31670873      
152      159.64820981      
150      159.97573121      
148      160.30182795      
146      160.62681849      
144      160.94550212      
142      161.26099087      
140      161.57466428      
138      161.88448383      
136      162.19264142      
134      162.49956363      
132      162.80249545      
130      163.09965439      
128      163.39425596      
126      163.68667584      
124      163.97703875      
122      164.26312144      
120      164.54415846      
118      164.82379380      
116      165.09877188      
114      165.37017269      
112      165.63806946      
110      165.90469321      
108      166.16521719      
106      166.42349046      
104      166.67923832      
102      166.93161320      
100      167.17871049      
98       167.42297756      
96       167.66090457      
94       167.89786337      
92       168.12967990      
90       168.35893298      
88       168.58687371      
86       168.80811740      
84       169.02590358      
82       169.24080777      
80       169.45212760      
78       169.65787785      
76       169.85921702      
74       170.05887385      
72       170.25199073      
70       170.44068384      
68       170.62561463      
66       170.80587810      
64       170.98282492      
62       171.15614298      
60       171.32309319      
58       171.48594993      
56       171.64511554      
54       171.79991838      
52       171.94899748      
50       172.09249227      
48       172.23268501      
46       172.36935103      
44       172.50038899      
42       172.62687416      
40       172.74849503      
38       172.86650277      
36       172.97771199      
34       173.08230062      
32       173.18473691      
30       173.27889584      
28       173.36815646      
26       173.45279816      
24       173.53329240      
22       173.60738051      
20       173.67475857      
18       173.73722790      
16       173.79314664      
14       173.84493269      
12       173.88874475      
10       173.92658995      
8        173.96144885      
6        173.98876986      
4        174.00822417      
2        174.02189630      
0        174.03122179      
-2       174.03411527      
-4       174.03090498      
-6       174.02073315      
-8       174.00433558      
-10      173.98104639      
-12      173.95146729      
-14      173.91698742      
-16      173.87214169      
-18      173.82068535      
-20      173.76369822      
-22      173.69871755      
-24      173.62804571      
-26      173.54866281      
-28      173.46228121      
-30      173.36916400      
-32      173.26936707      
-34      173.15963240      
-36      173.04383854      
-38      172.91877948      
-40      172.78643368      
-42      172.64792290      
-44      172.49963596      
-46      172.34360835      
-48      172.17960268      
-50      172.00850729      
-52      171.82806434      
-54      171.64000675      
-56      171.44324848      
-58      171.23600785      
-60      171.02198927      
-62      170.80050657      
-64      170.56768197      
-66      170.32637505      
-68      170.07688233      
-70      169.81819172      
-72      169.54938687      
-74      169.27195148      
-76      168.98318417      
-78      168.68675373      
-80      168.37942286      
-82      168.06256854      
-84      167.73784743      
-86      167.40352934      
-88      167.05806292      
-90      166.70092313      
-92      166.33581586      
-94      165.96043967      
-96      165.57260224      
-98      165.17438549      
-100     164.76918681      
-102     164.35234801      
-104     163.92375959      
-106     163.48494842      
-108     163.03287007      
-110     162.57147939      
-112     162.09985909      
-114     161.61424634      
-116     161.11785494      
-118     160.60962765      
-120     160.09114498      
-122     159.56180073      
-124     159.01827235      
-126     158.46347762      
-128     157.89928230      
-130     157.32213801      
-132     156.73065059      
-134     156.12791355      
-136     155.51114082      
-138     154.88339062      
-140     154.24474297      
-142     153.59055675      
-144     152.92379038      
-146     152.24406349      
-148     151.55097846      
-150     150.84275462      
-152     150.12419176      
-154     149.39176447      
-156     148.64351287      
-158     147.88422891      
-160     147.10752825      
-162     146.31917284      
-164     145.51716409      
-166     144.69893914      
-168     143.86316728      
-170     143.01621720      
-172     142.15100212      
-174     141.27145536      
-176     140.37653029      
-178     139.46489146      
-180     138.53999358      
-182     137.59555428      
-184     136.63503480      
-186     135.65493682      
-188     134.65899017      
-190     133.64889617      
-192     132.62004445      
-194     131.57368892      
-196     130.50600679      
-198     129.42188459      
-200     128.31701328      
-202     127.19518818      
-204     126.05292512      
-206     124.88869780      
-208     123.70684519      
-210     122.50094506      
-212     121.27632901      
-214     120.02788839      
-216     118.75814484      
-218     117.46661773      
-220     116.14799183      
-222     114.80380788      
-224     113.43780054      
-226     112.04743533      
-228     110.62118806      
-230     109.17696756      
-232     107.70788911      
-234     106.20638184      
-236     104.67342289      
-238     103.10901949      
-240     101.51915559      
-242     99.88697587       
-244     98.22523314       
-246     96.52798633       
-248     94.79489745       
-250     93.01909779       
-252     91.20023924       
-254     89.33812488       
-256     87.43043648       
-258     85.48633703       
-260     83.47972783       
-262     81.42120504       
-264     79.31004345       
-266     77.13736959       
-268     74.89701581       
-270     72.59532098       
-272     70.21944348       
-274     67.77047592       
-276     65.22783857       
-278     62.58911708       
-280     59.84838700       
-282     56.99195418       
-284     53.99387286       
-286     50.83229790       
-288     47.49968397       
-290     43.94726606       
-292     40.08996711       
-294     35.81957160       
-296     30.88300058       
