316      0.69314718        
310      4.84808147        
308      4.17837120        
306      4.83424964        
304      8.33727547        
302      8.33017368        
300      9.14609411        
298      11.44430113       
296      11.80572550       
294      12.71934183       
292      14.35406652       
290      14.93684587       
288      15.87002633       
286      17.15016967       
284      17.84617585       
282      18.78351073       
280      19.85256861       
278      20.59637391       
276      21.49134975       
274      22.43580599       
272      23.21721773       
270      24.09177193       
268      24.95447849       
266      25.74499178       
264      26.56331834       
262      27.38957493       
260      28.16560058       
258      28.95018129       
256      29.74726239       
254      30.50069855       
252      31.25714610       
250      32.01086455       
248      32.75062468       
246      33.49789427       
244      34.21511771       
242      34.93459402       
240      35.65134679       
238      36.35369222       
236      37.06162812       
234      37.76140208       
232      38.44511948       
230      39.12690903       
228      39.80228469       
226      40.47389649       
224      41.15182495       
222      41.80014188       
220      42.45511178       
218      43.10613216       
216      43.74929821       
214      44.38610568       
212      45.02339935       
210      45.65334852       
208      46.27834312       
206      46.90005880       
204      47.51487224       
202      48.12470984       
200      48.73202029       
198      49.33603111       
196      49.93069400       
194      50.52369506       
192      51.11007112       
190      51.69637939       
188      52.26649485       
186      52.84914005       
184      53.41687754       
182      53.98148145       
180      54.54511480       
178      55.09939867       
176      55.65718776       
174      56.20441462       
172      56.74533245       
170      57.29326141       
168      57.83005823       
166      58.36260874       
164      58.89095789       
162      59.42371490       
160      59.94756126       
158      60.46774876       
156      60.98527728       
154      61.49279064       
152      62.00112200       
150      62.49652193       
148      62.99967249       
146      63.49511461       
144      63.98593661       
142      64.47415505       
140      64.95762609       
138      65.43661189       
136      65.90697723       
134      66.38154225       
132      66.85084697       
130      67.30799010       
128      67.76983072       
126      68.22692749       
124      68.68323432       
122      69.13340035       
120      69.57309507       
118      70.01019200       
116      70.44689236       
114      70.87693406       
112      71.30278845       
110      71.72445136       
108      72.14239847       
106      72.55519962       
104      72.96713944       
102      73.37218143       
100      73.76576625       
98       74.16051289       
96       74.55035104       
94       74.93681039       
92       75.31828344       
90       75.68737510       
88       76.05682008       
86       76.42455825       
84       76.78606932       
82       77.13995673       
80       77.48907861       
78       77.83260216       
76       78.16772736       
74       78.49689260       
72       78.82958258       
70       79.15182511       
68       79.46526986       
66       79.77870710       
64       80.07822095       
62       80.37429176       
60       80.66682702       
58       80.94758068       
56       81.22696295       
54       81.49692476       
52       81.75800353       
50       82.01664446       
48       82.26630050       
46       82.50316699       
44       82.73473568       
42       82.96067956       
40       83.18047547       
38       83.39151425       
36       83.59827743       
34       83.78870788       
32       83.97396335       
30       84.15075223       
28       84.31776091       
26       84.47630290       
24       84.62531103       
22       84.76320633       
20       84.89503644       
18       85.01399706       
16       85.12223966       
14       85.22422190       
12       85.30964763       
10       85.38696787       
8        85.45604859       
6        85.51046054       
4        85.54975383       
2        85.58474605       
0        85.60498188       
-2       85.60635437       
-4       85.59963548       
-6       85.58013834       
-8       85.54239353       
-10      85.49257724       
-12      85.42963981       
-14      85.34904617       
-16      85.25545499       
-18      85.14782350       
-20      85.02685714       
-22      84.88963586       
-24      84.73482920       
-26      84.56666329       
-28      84.37589854       
-30      84.16543560       
-32      83.94245861       
-34      83.69819739       
-36      83.43765059       
-38      83.15795904       
-40      82.85795390       
-42      82.53838807       
-44      82.20218721       
-46      81.84656550       
-48      81.46469120       
-50      81.05957460       
-52      80.63662688       
-54      80.19267288       
-56      79.72719537       
-58      79.23565174       
-60      78.72049048       
-62      78.18357587       
-64      77.61781272       
-66      77.03335257       
-68      76.42477721       
-70      75.78897616       
-72      75.12708671       
-74      74.44396159       
-76      73.72797289       
-78      72.98140566       
-80      72.20760302       
-82      71.41296325       
-84      70.58888191       
-86      69.72505955       
-88      68.82922628       
-90      67.91094957       
-92      66.95733286       
-94      65.96888439       
-96      64.94921335       
-98      63.88953297       
-100     62.79035224       
-102     61.66694762       
-104     60.50250695       
-106     59.28832935       
-108     58.03158086       
-110     56.73550147       
-112     55.39737397       
-114     53.99647981       
-116     52.54502393       
-118     51.03823894       
-120     49.46026678       
-122     47.82479450       
-124     46.11948304       
-126     44.33095076       
-128     42.47978014       
-130     40.53403994       
-132     38.47925728       
-134     36.31594373       
-136     34.02356441       
-138     31.58356865       
-140     28.95278346       
-142     26.11509523       
-144     22.98817462       
-146     19.44948847       
-148     15.21971702       
