2556     0.69314718        
2550     6.94726832        
2548     6.27070385        
2546     6.94673370        
2544     12.50453909       
2542     12.51410807       
2540     13.30960256       
2538     17.63968427       
2536     18.05188691       
2534     18.96335068       
2532     22.51478588       
2530     23.19641906       
2528     24.19504711       
2526     27.19828258       
2524     28.07159687       
2522     29.15658849       
2520     31.70652251       
2518     32.72783960       
2516     33.87988217       
2514     36.09210942       
2512     37.22525535       
2510     38.42793296       
2508     40.36562417       
2506     41.58049242       
2504     42.81861974       
2502     44.56382225       
2500     45.82447558       
2498     47.07777901       
2496     48.68989658       
2494     49.96882194       
2492     51.22572923       
2490     52.73142580       
2488     54.02403730       
2486     55.28388436       
2484     56.71388775       
2482     58.00083752       
2480     59.26464775       
2478     60.63059941       
2476     61.90840797       
2474     63.15684393       
2472     64.48649111       
2470     65.74833947       
2468     66.99616521       
2466     68.29165892       
2464     69.53954935       
2462     70.77234269       
2460     72.02613723       
2458     73.26242076       
2456     74.48382354       
2454     75.72296944       
2452     76.93720288       
2450     78.14796926       
2448     79.35424906       
2446     80.55810833       
2444     81.75354226       
2442     82.94819522       
2440     84.12954537       
2438     85.31675589       
2436     86.49024264       
2434     87.65911077       
2432     88.82688658       
2430     89.98849207       
2428     91.14773541       
2426     92.29910338       
2424     93.44780306       
2422     94.59231326       
2420     95.73515557       
2418     96.87647471       
2416     98.00158885       
2414     99.12964375       
2412     100.25088197      
2410     101.37630524      
2408     102.49285565      
2406     103.60654080      
2404     104.71002284      
2402     105.82063883      
2400     106.92387996      
2398     108.01223953      
2396     109.11458944      
2394     110.20723402      
2392     111.29270370      
2390     112.37657125      
2388     113.46088464      
2386     114.53259575      
2384     115.60700324      
2382     116.68210979      
2380     117.75289592      
2378     118.81595900      
2376     119.87584100      
2374     120.92885490      
2372     121.97739644      
2370     123.03329356      
2368     124.07984173      
2366     125.12337309      
2364     126.17086598      
2362     127.20719924      
2360     128.24163940      
2358     129.27886927      
2356     130.31442016      
2354     131.33516517      
2352     132.36074124      
2350     133.38640791      
2348     134.39995117      
2346     135.41668780      
2344     136.42895363      
2342     137.44503391      
2340     138.45562962      
2338     139.45669290      
2336     140.46889902      
2334     141.46994905      
2332     142.46260397      
2330     143.46269432      
2328     144.45623308      
2326     145.44763540      
2324     146.43321159      
2322     147.42170988      
2320     148.40609236      
2318     149.38213648      
2316     150.36593664      
2314     151.34315371      
2312     152.31754263      
2310     153.28600034      
2308     154.26176928      
2306     155.22559461      
2304     156.19028066      
2302     157.15771679      
2300     158.12150863      
2298     159.07716436      
2296     160.03445311      
2294     160.98869857      
2292     161.94203833      
2290     162.89001533      
2288     163.83921589      
2286     164.78928706      
2284     165.72670550      
2282     166.67030141      
2280     167.61461863      
2278     168.55267240      
2276     169.48984581      
2274     170.42134018      
2272     171.35474820      
2270     172.28413006      
2268     173.21353568      
2266     174.14071445      
2264     175.05944127      
2262     175.98319556      
2260     176.90350218      
2258     177.82113479      
2256     178.73790777      
2254     179.65138739      
2252     180.56489925      
2250     181.48110911      
2248     182.38559200      
2246     183.29507887      
2244     184.20270338      
2242     185.10408015      
2240     186.00838570      
2238     186.90792751      
2236     187.80038011      
2234     188.69698728      
2232     189.59421208      
2230     190.49122277      
2228     191.38134776      
2226     192.27098727      
2224     193.15933123      
2222     194.04665246      
2220     194.93298261      
2218     195.81369430      
2216     196.69795848      
2214     197.57721332      
2212     198.45662834      
2210     199.33338134      
2208     200.20825641      
2206     201.08110544      
2204     201.94968328      
2202     202.82175915      
2200     203.69072734      
2198     204.55666172      
2196     205.42538008      
2194     206.29130719      
2192     207.15534650      
2190     208.01362453      
2188     208.87338325      
2186     209.73338802      
2184     210.58955297      
2182     211.44504775      
2180     212.29965670      
2178     213.15188724      
2176     214.00639738      
2174     214.85508749      
2172     215.70181626      
2170     216.54865180      
2168     217.39554126      
2166     218.23815962      
2164     219.08249281      
2162     219.92344425      
2160     220.76162986      
2158     221.59816624      
2156     222.43740688      
2154     223.27571235      
2152     224.10846278      
2150     224.94058743      
2148     225.77265119      
2146     226.60732814      
2144     227.43267098      
2142     228.25867662      
2140     229.08589245      
2138     229.90878203      
2136     230.73214677      
2134     231.55952775      
2132     232.37740859      
2130     233.19680185      
2128     234.01745336      
2126     234.83428357      
2124     235.65237051      
2122     236.46416421      
2120     237.27421008      
2118     238.08797325      
2116     238.89558689      
2114     239.70920016      
2112     240.51597337      
2110     241.32241331      
2108     242.13058071      
2106     242.93135904      
2104     243.73831318      
2102     244.53843342      
2100     245.34101756      
2098     246.13925217      
2096     246.93721248      
2094     247.73686017      
2092     248.53588299      
2090     249.33390738      
2088     250.12581946      
2086     250.91497531      
2084     251.71068419      
2082     252.50168042      
2080     253.28788437      
2078     254.07587313      
2076     254.86740237      
2074     255.65340973      
2072     256.43707245      
2070     257.22361788      
2068     258.00309332      
2066     258.78360081      
2064     259.56740917      
2062     260.34526056      
2060     261.12374890      
2058     261.90363388      
2056     262.67389792      
2054     263.45188318      
2052     264.22695817      
2050     264.99818994      
2048     265.77454392      
2046     266.54419811      
2044     267.31208402      
2042     268.08055334      
2040     268.84887689      
2038     269.61343141      
2036     270.38037559      
2034     271.14436875      
2032     271.90981376      
2030     272.67272253      
2028     273.43376452      
2026     274.19330884      
2024     274.95318794      
2022     275.70943810      
2020     276.46628350      
2018     277.22248825      
2016     277.97762507      
2014     278.73186554      
2012     279.48621796      
2010     280.23754079      
2008     280.98482790      
2006     281.73958474      
2004     282.48992805      
2002     283.23446017      
2000     283.98351808      
1998     284.73099993      
1996     285.47396239      
1994     286.21967630      
1992     286.96414353      
1990     287.70488277      
1988     288.44811295      
1986     289.18736830      
1984     289.92500108      
1982     290.66519804      
1980     291.40185916      
1978     292.13849097      
1976     292.87735623      
1974     293.60989140      
1972     294.34404996      
1970     295.07771845      
1968     295.80880515      
1966     296.53992419      
1964     297.27305610      
1962     298.00322324      
1960     298.73088696      
1958     299.45991613      
1956     300.18663059      
1954     300.91050777      
1952     301.63631964      
1950     302.35920064      
1948     303.08347149      
1946     303.80748398      
1944     304.52835306      
1942     305.24631101      
1940     305.96871659      
1938     306.68604861      
1936     307.40502220      
1934     308.12089787      
1932     308.83556191      
1930     309.55086043      
1928     310.26705192      
1926     310.98047338      
1924     311.69199240      
1922     312.40382904      
1920     313.11625391      
1918     313.82685102      
1916     314.53392049      
1914     315.24349043      
1912     315.94954833      
1910     316.65441800      
1908     317.36327258      
1906     318.06718878      
1904     318.77453744      
1902     319.47764064      
1900     320.17975895      
1898     320.88243069      
1896     321.58316210      
1894     322.28091042      
1892     322.98360354      
1890     323.67969724      
1888     324.37712157      
1886     325.07372367      
1884     325.77175312      
1882     326.46693608      
1880     327.15941480      
1878     327.85237406      
1876     328.54752941      
1874     329.23764759      
1872     329.92757617      
1870     330.62058009      
1868     331.31070579      
1866     331.99937652      
1864     332.68663250      
1862     333.37378312      
1860     334.06244169      
1858     334.74841907      
1856     335.43622184      
1854     336.11878122      
1852     336.80058461      
1850     337.48652863      
1848     338.16943952      
1846     338.84869073      
1844     339.53161560      
1842     340.21069795      
1840     340.89061615      
1838     341.56788288      
1836     342.24532537      
1834     342.92402454      
1832     343.59816469      
1830     344.27412617      
1828     344.94926123      
1826     345.62030409      
1824     346.29503685      
1822     346.96954858      
1820     347.63845129      
1818     348.31150634      
1816     348.98080370      
1814     349.64686389      
1812     350.31955117      
1810     350.98963290      
1808     351.65199819      
1806     352.32067641      
1804     352.98558833      
1802     353.64973695      
1800     354.31726965      
1798     354.97789106      
1796     355.64472700      
1794     356.30359450      
1792     356.96443163      
1790     357.62678753      
1788     358.28690086      
1786     358.94708985      
1784     359.60408377      
1782     360.26274973      
1780     360.91852251      
1778     361.57670530      
1776     362.23295888      
1774     362.88751195      
1772     363.54529224      
1770     364.19721016      
1768     364.84996535      
1766     365.50230603      
1764     366.15317496      
1762     366.80645291      
1760     367.45623216      
1758     368.10568185      
1756     368.75443210      
1754     369.40278379      
1752     370.04863377      
1750     370.69828039      
1748     371.34413661      
1746     371.98802964      
1744     372.63179673      
1742     373.27276616      
1740     373.91822493      
1738     374.56106125      
1736     375.20333959      
1734     375.84316367      
1732     376.48370847      
1730     377.12416895      
1728     377.76337258      
1726     378.40242936      
1724     379.03868316      
1722     379.67882633      
1720     380.31556621      
1718     380.95318660      
1716     381.58818580      
1714     382.22301255      
1712     382.85845631      
1710     383.49299988      
1708     384.12418893      
1706     384.75690459      
1704     385.38953273      
1702     386.02002075      
1700     386.65215353      
1698     387.27845543      
1696     387.90857813      
1694     388.53700542      
1692     389.16429718      
1690     389.79016189      
1688     390.41979585      
1686     391.04279426      
1684     391.66798158      
1682     392.29467118      
1680     392.91750072      
1678     393.54002023      
1676     394.16390185      
1674     394.78532436      
1672     395.40715220      
1670     396.02988568      
1668     396.65010959      
1666     397.26963515      
1664     397.88790181      
1662     398.50594894      
1660     399.12457101      
1658     399.74241209      
1656     400.35606508      
1654     400.97121502      
1652     401.59032656      
1650     402.20124268      
1648     402.81643998      
1646     403.43192765      
1644     404.04351593      
1642     404.65498709      
1640     405.26998250      
1638     405.88091241      
1636     406.49214825      
1634     407.10410192      
1632     407.71291442      
1630     408.32143047      
1628     408.93150815      
1626     409.53738344      
1624     410.14494525      
1622     410.75143029      
1620     411.35606828      
1618     411.96240921      
1616     412.56890526      
1614     413.17291991      
1612     413.77409337      
1610     414.38034779      
1608     414.98234431      
1606     415.58293208      
1604     416.18574765      
1602     416.78394154      
1600     417.38202126      
1598     417.98403452      
1596     418.58242196      
1594     419.17909562      
1592     419.77861062      
1590     420.37546995      
1588     420.97103284      
1586     421.56545862      
1584     422.16041161      
1582     422.75435680      
1580     423.35017802      
1578     423.94229363      
1576     424.53568558      
1574     425.13115471      
1572     425.72191839      
1570     426.31059845      
1568     426.90303761      
1566     427.49349941      
1564     428.08069968      
1562     428.67093608      
1560     429.25899726      
1558     429.84867260      
1556     430.43466025      
1554     431.02083611      
1552     431.60743050      
1550     432.19344371      
1548     432.77923256      
1546     433.36224200      
1544     433.94670555      
1542     434.52961153      
1540     435.11226737      
1538     435.69364673      
1536     436.27493948      
1534     436.85664284      
1532     437.43665409      
1530     438.01528716      
1528     438.59551075      
1526     439.17474001      
1524     439.75163524      
1522     440.33193314      
1520     440.91040596      
1518     441.48567681      
1516     442.06009646      
1514     442.63809235      
1512     443.21480919      
1510     443.78578310      
1508     444.36028631      
1506     444.93479292      
1504     445.50627537      
1502     446.07841806      
1500     446.65027839      
1498     447.22085085      
1496     447.79033033      
1494     448.36073819      
1492     448.93043475      
1490     449.50049837      
1488     450.06921832      
1486     450.63675666      
1484     451.20391416      
1482     451.77116199      
1480     452.33703042      
1478     452.90410101      
1476     453.46879090      
1474     454.03247960      
1472     454.59602280      
1470     455.15938157      
1468     455.72539590      
1466     456.28792709      
1464     456.85126810      
1462     457.41072191      
1460     457.97312586      
1458     458.53327584      
1456     459.09296423      
1454     459.65340213      
1452     460.21099846      
1450     460.77098529      
1448     461.32812778      
1446     461.88555477      
1444     462.44086924      
1442     462.99959199      
1440     463.55442940      
1438     464.10966171      
1436     464.66368314      
1434     465.21915141      
1432     465.77482198      
1430     466.32693937      
1428     466.88027617      
1426     467.43237816      
1424     467.98343487      
1422     468.53663477      
1420     469.08749538      
1418     469.63923730      
1416     470.18814856      
1414     470.73604077      
1412     471.28431614      
1410     471.83449401      
1408     472.38188885      
1406     472.92682142      
1404     473.47407523      
1402     474.01744549      
1400     474.56365840      
1398     475.10791206      
1396     475.64930257      
1394     476.19424426      
1392     476.73859040      
1390     477.27909984      
1388     477.82223514      
1386     478.36341291      
1384     478.90482352      
1382     479.44575605      
1380     479.98667893      
1378     480.52516129      
1376     481.06482087      
1374     481.60333834      
1372     482.14196190      
1370     482.68094265      
1368     483.21715995      
1366     483.75410157      
1364     484.29196943      
1362     484.82628640      
1360     485.36270143      
1358     485.89840163      
1356     486.42954007      
1354     486.96418416      
1352     487.49811402      
1350     488.03032997      
1348     488.56255054      
1346     489.09358752      
1344     489.62652319      
1342     490.15755322      
1340     490.68775603      
1338     491.21739131      
1336     491.74602879      
1334     492.27652132      
1332     492.80399780      
1330     493.33115756      
1328     493.85894374      
1326     494.38518548      
1324     494.91025528      
1322     495.43599669      
1320     495.96155917      
1318     496.48544608      
1316     497.01029369      
1314     497.53574076      
1312     498.05747182      
1310     498.58129160      
1308     499.10249498      
1306     499.62446753      
1304     500.14564059      
1302     500.66600865      
1300     501.18421756      
1298     501.70432009      
1296     502.22219296      
1294     502.73927750      
1292     503.25864970      
1290     503.77570580      
1288     504.29340890      
1286     504.81066944      
1284     505.32672870      
1282     505.84116603      
1280     506.35646690      
1278     506.87154649      
1276     507.38496992      
1274     507.89846848      
1272     508.41183945      
1270     508.92363758      
1268     509.43644243      
1266     509.94816178      
1264     510.45997859      
1262     510.97084905      
1260     511.47942304      
1258     511.99016955      
1256     512.49866599      
1254     513.00794951      
1252     513.51624316      
1250     514.02352154      
1248     514.52992624      
1246     515.03976893      
1244     515.54426637      
1242     516.04961742      
1240     516.55508862      
1238     517.05829996      
1236     517.56300448      
1234     518.06516668      
1232     518.56800510      
1230     519.07086128      
1228     519.57290061      
1226     520.07622313      
1224     520.57678734      
1222     521.07769193      
1220     521.57658970      
1218     522.07612538      
1216     522.57517059      
1214     523.07385562      
1212     523.57119670      
1210     524.07052240      
1208     524.56657895      
1206     525.06339158      
1204     525.55943812      
1202     526.05469051      
1200     526.55100694      
1198     527.04429643      
1196     527.53964391      
1194     528.03439843      
1192     528.52665244      
1190     529.01629668      
1188     529.51080662      
1186     530.00206534      
1184     530.49175454      
1182     530.98411067      
1180     531.47522615      
1178     531.96461929      
1176     532.45346950      
1174     532.94213292      
1172     533.43086724      
1170     533.91774030      
1168     534.40535141      
1166     534.89122054      
1164     535.37655084      
1162     535.86311577      
1160     536.34648460      
1158     536.83209295      
1156     537.31697529      
1154     537.79897332      
1152     538.28211260      
1150     538.76537254      
1148     539.24740442      
1146     539.72961184      
1144     540.21155426      
1142     540.69087052      
1140     541.17193472      
1138     541.65333101      
1136     542.13143340      
1134     542.60895774      
1132     543.08854657      
1130     543.56651279      
1128     544.04238011      
1126     544.51819557      
1124     544.99607108      
1122     545.47090311      
1120     545.94518907      
1118     546.42083399      
1116     546.89585739      
1114     547.36962007      
1112     547.84264287      
1110     548.31177853      
1108     548.78549377      
1106     549.25703935      
1104     549.72900167      
1102     550.19902865      
1100     550.66966951      
1098     551.14061224      
1096     551.60745324      
1094     552.07692584      
1092     552.54580311      
1090     553.01280573      
1088     553.47823705      
1086     553.94570397      
1084     554.41168706      
1082     554.87602426      
1080     555.34175578      
1078     555.80681872      
1076     556.27164623      
1074     556.73507467      
1072     557.19748954      
1070     557.66172313      
1068     558.12219481      
1066     558.58222870      
1064     559.04253731      
1062     559.50385731      
1060     559.96476781      
1058     560.42223342      
1056     560.88052711      
1054     561.33977213      
1052     561.79646481      
1050     562.25368286      
1048     562.71046701      
1046     563.16837574      
1044     563.62445408      
1042     564.07882421      
1040     564.53398756      
1038     564.98580941      
1036     565.44055855      
1034     565.89290878      
1032     566.34599291      
1030     566.79843400      
1028     567.25057792      
1026     567.70331776      
1024     568.15363326      
1022     568.60363969      
1020     569.05214731      
1018     569.50108969      
1016     569.94971201      
1014     570.39780897      
1012     570.84470686      
1010     571.29187706      
1008     571.73961435      
1006     572.18422155      
1004     572.63013245      
1002     573.07523949      
1000     573.52052779      
998      573.96500563      
996      574.40715892      
994      574.85018797      
992      575.29218305      
990      575.73373577      
988      576.17397931      
986      576.61503517      
984      577.05544144      
982      577.49570116      
980      577.93530561      
978      578.37413236      
976      578.81125597      
974      579.24737002      
972      579.68476674      
970      580.12003830      
968      580.55622490      
966      580.99210197      
964      581.42752167      
962      581.86300862      
960      582.29667461      
958      582.72955631      
956      583.16236904      
954      583.59459573      
952      584.02517515      
950      584.45495088      
948      584.88822940      
946      585.31832182      
944      585.74858753      
942      586.17865601      
940      586.60715926      
938      587.03648561      
936      587.46309478      
934      587.88867140      
932      588.31512449      
930      588.74040638      
928      589.16602117      
926      589.59262371      
924      590.01542871      
922      590.43853740      
920      590.86036871      
918      591.28326008      
916      591.70608775      
914      592.12724393      
912      592.54761652      
910      592.96822747      
908      593.38688405      
906      593.80810587      
904      594.22460800      
902      594.64117147      
900      595.06129944      
898      595.47781874      
896      595.89220314      
894      596.30817893      
892      596.72209360      
890      597.13524619      
888      597.54915780      
886      597.96483855      
884      598.37552869      
882      598.78660835      
880      599.20067727      
878      599.61325206      
876      600.02373425      
874      600.43134327      
872      600.84147550      
870      601.25096436      
868      601.65662338      
866      602.06549886      
864      602.47163129      
862      602.87948209      
860      603.28487660      
858      603.68860201      
856      604.09316268      
854      604.49596803      
852      604.90114513      
850      605.30435183      
848      605.70581083      
846      606.10809851      
844      606.50897290      
842      606.91088858      
840      607.31030880      
838      607.70871217      
836      608.10834338      
834      608.50660324      
832      608.90500493      
830      609.30199839      
828      609.69982619      
826      610.09534402      
824      610.49032335      
822      610.88518563      
820      611.28057171      
818      611.67349069      
816      612.06638501      
814      612.45772627      
812      612.85078333      
810      613.24284299      
808      613.63380027      
806      614.02455306      
804      614.41370822      
802      614.80358098      
800      615.19248918      
798      615.57948594      
796      615.96691920      
794      616.35502377      
792      616.73945524      
790      617.12654111      
788      617.51141470      
786      617.89513187      
784      618.27867327      
782      618.66284057      
780      619.04329936      
778      619.42551811      
776      619.80789946      
774      620.18931299      
772      620.56990182      
770      620.94921469      
768      621.32713467      
766      621.70589970      
764      622.08290678      
762      622.45973263      
760      622.83561876      
758      623.21205881      
756      623.58814443      
754      623.96276492      
752      624.33725838      
750      624.70880012      
748      625.08207176      
746      625.45644694      
744      625.82699102      
742      626.19744474      
740      626.56836532      
738      626.93784426      
736      627.30579942      
734      627.67328813      
732      628.04016341      
730      628.40849775      
728      628.77281320      
726      629.13786782      
724      629.50482969      
722      629.86970539      
720      630.23334744      
718      630.59623644      
716      630.95857797      
714      631.32074582      
712      631.68108485      
710      632.04201163      
708      632.40258816      
706      632.76205331      
704      633.12000596      
702      633.47792506      
700      633.83666304      
698      634.19345981      
696      634.54795420      
694      634.90210409      
692      635.25727454      
690      635.61078396      
688      635.96439515      
686      636.31687829      
684      636.66823120      
682      637.02043816      
680      637.37123906      
678      637.72101976      
676      638.06878786      
674      638.41713033      
672      638.76643167      
670      639.11413331      
668      639.46048236      
666      639.80536258      
664      640.15039763      
662      640.49515304      
660      640.83753554      
658      641.18076357      
656      641.52314959      
654      641.86344449      
652      642.20538007      
650      642.54750261      
648      642.88678120      
646      643.22635203      
644      643.56416677      
642      643.90166645      
640      644.23801371      
638      644.57513100      
636      644.91058658      
634      645.24661195      
632      645.58042066      
630      645.91305136      
628      646.24677618      
626      646.57812059      
624      646.90929831      
622      647.24014012      
620      647.57063347      
618      647.90037516      
616      648.22845444      
614      648.55578534      
612      648.88290706      
610      649.21007213      
608      649.53487308      
606      649.86088148      
604      650.18493737      
602      650.50758712      
600      650.83083039      
598      651.15431455      
596      651.47520840      
594      651.79595247      
592      652.11629638      
590      652.43598495      
588      652.75414410      
586      653.07306357      
584      653.38918516      
582      653.70583963      
580      654.02139170      
578      654.33697790      
576      654.64976868      
574      654.96441735      
572      655.27752591      
570      655.58829571      
568      655.89938640      
566      656.20972562      
564      656.52099520      
562      656.83051343      
560      657.13823280      
558      657.44587707      
556      657.75235545      
554      658.05992120      
552      658.36442601      
550      658.66811143      
548      658.97233419      
546      659.27485063      
544      659.57802784      
542      659.87835139      
540      660.17814085      
538      660.47950774      
536      660.77977884      
534      661.07699007      
532      661.37407447      
530      661.67199123      
528      661.96821718      
526      662.26286211      
524      662.55610521      
522      662.84934833      
520      663.14356820      
518      663.43599632      
516      663.72651009      
514      664.01375674      
512      664.30471988      
510      664.59200488      
508      664.87947352      
506      665.16718027      
504      665.45368796      
502      665.73969236      
500      666.02534674      
498      666.30877282      
496      666.59231609      
494      666.87419464      
492      667.15544952      
490      667.43787224      
488      667.71600850      
486      667.99594079      
484      668.27517685      
482      668.55177089      
480      668.82811694      
478      669.10276738      
476      669.37774908      
474      669.65318619      
472      669.92559123      
470      670.19770074      
468      670.47095293      
466      670.74089896      
464      671.01127504      
462      671.28112089      
460      671.54941441      
458      671.81675213      
456      672.08257931      
454      672.34813742      
452      672.61252291      
450      672.87657663      
448      673.14024266      
446      673.40186427      
444      673.66408199      
442      673.92483142      
440      674.18371141      
438      674.44323735      
436      674.70024922      
434      674.95753264      
432      675.21381689      
430      675.46874758      
428      675.72354701      
426      675.97659606      
424      676.22872975      
422      676.48014994      
420      676.73231856      
418      676.98192522      
416      677.23032683      
414      677.47894701      
412      677.72605732      
410      677.97368331      
408      678.22016281      
406      678.46479492      
404      678.70796218      
402      678.94987309      
400      679.19202016      
398      679.43412794      
396      679.67288445      
394      679.91146773      
392      680.15061432      
390      680.38943536      
388      680.62523961      
386      680.86067642      
384      681.09474233      
382      681.32889108      
380      681.56183295      
378      681.79334184      
376      682.02502303      
374      682.25469208      
372      682.48258461      
370      682.71161085      
368      682.93828995      
366      683.16467015      
364      683.39053643      
362      683.61496700      
360      683.83813961      
358      684.06039718      
356      684.28220744      
354      684.50350813      
352      684.72282326      
350      684.94025104      
348      685.15768835      
346      685.37432053      
344      685.58904244      
342      685.80396195      
340      686.01700361      
338      686.22916874      
336      686.44192546      
334      686.65274897      
332      686.86194987      
330      687.07045635      
328      687.27848142      
326      687.48612787      
324      687.69218992      
322      687.89718982      
320      688.10046363      
318      688.30371928      
316      688.50591716      
314      688.70619055      
312      688.90481017      
310      689.10334551      
308      689.30165361      
306      689.49802083      
304      689.69445441      
302      689.88945858      
300      690.08370012      
298      690.27677356      
296      690.46675303      
294      690.65783037      
292      690.84715724      
290      691.03471473      
288      691.22303098      
286      691.40969333      
284      691.59358148      
282      691.77863370      
280      691.96156514      
278      692.14420561      
276      692.32530713      
274      692.50492197      
272      692.68330571      
270      692.86114494      
268      693.03746684      
266      693.21289658      
264      693.38806729      
262      693.56159547      
260      693.73414548      
258      693.90523216      
256      694.07569387      
254      694.24415037      
252      694.41130242      
250      694.57991567      
248      694.74549144      
246      694.90962638      
244      695.07318459      
242      695.23417297      
240      695.39684553      
238      695.55698603      
236      695.71558577      
234      695.87356832      
232      696.02989733      
230      696.18567367      
228      696.34022285      
226      696.49382520      
224      696.64602907      
222      696.79733951      
220      696.94678010      
218      697.09622812      
216      697.24450211      
214      697.39090794      
212      697.53580458      
210      697.67955378      
208      697.82230775      
206      697.96423252      
204      698.10446429      
202      698.24390785      
200      698.38181041      
198      698.51858288      
196      698.65551434      
194      698.79039806      
192      698.92530158      
190      699.05710785      
188      699.18887916      
186      699.31948143      
184      699.44895696      
182      699.57557469      
180      699.70191283      
178      699.82743566      
176      699.95072928      
174      700.07384178      
172      700.19520618      
170      700.31489263      
168      700.43430257      
166      700.55236126      
164      700.66867725      
162      700.78477453      
160      700.89818919      
158      701.01193803      
156      701.12388646      
154      701.23341034      
152      701.34318383      
150      701.45162977      
148      701.55821909      
146      701.66349216      
144      701.76752797      
142      701.87096581      
140      701.97316962      
138      702.07321876      
136      702.17132562      
134      702.26878828      
132      702.36574325      
130      702.46002455      
128      702.55361539      
126      702.64574066      
124      702.73671043      
122      702.82595816      
120      702.91475516      
118      703.00202723      
116      703.08765352      
114      703.17174181      
112      703.25538172      
110      703.33771840      
108      703.41845378      
106      703.49855277      
104      703.57622956      
102      703.65231031      
100      703.72686904      
98       703.80062742      
96       703.87236263      
94       703.94225593      
92       704.01299205      
90       704.08162990      
88       704.14794086      
86       704.21389517      
84       704.27845515      
82       704.34098743      
80       704.40226438      
78       704.46238752      
76       704.52078543      
74       704.57891902      
72       704.63491107      
70       704.68915143      
68       704.74188569      
66       704.79352437      
64       704.84403385      
62       704.89175018      
60       704.93843195      
58       704.98329580      
56       705.02832432      
54       705.07176970      
52       705.11236378      
50       705.15216569      
48       705.19112879      
46       705.22832407      
44       705.26334475      
42       705.29753117      
40       705.33069975      
38       705.36281760      
36       705.39288407      
34       705.42126600      
32       705.44777809      
30       705.47158807      
28       705.49471687      
26       705.51668793      
24       705.53725967      
22       705.55629094      
20       705.57256034      
18       705.58960269      
16       705.60396419      
14       705.61628464      
12       705.62837580      
10       705.63795481      
8        705.64654718      
6        705.65264773      
4        705.65756242      
2        705.66162963      
0        705.66333683      
-2       705.66396452      
-4       705.66299051      
-6       705.66064773      
-8       705.65654172      
-10      705.65107247      
-12      705.64346516      
-14      705.63470559      
-16      705.62485406      
-18      705.61247796      
-20      705.59876554      
-22      705.58318245      
-24      705.56645816      
-26      705.54797822      
-28      705.52775845      
-30      705.50675039      
-32      705.48314722      
-34      705.45758793      
-36      705.43157166      
-38      705.40275788      
-40      705.37255470      
-42      705.34168330      
-44      705.30779064      
-46      705.27316218      
-48      705.23653118      
-50      705.19805789      
-52      705.15837619      
-54      705.11651808      
-56      705.07334232      
-58      705.02801037      
-60      704.98117241      
-62      704.93409714      
-64      704.88375680      
-66      704.83088669      
-68      704.77835230      
-70      704.72423349      
-72      704.66735221      
-74      704.60875825      
-76      704.54829937      
-78      704.48666706      
-80      704.42196122      
-82      704.35547738      
-84      704.28729857      
-86      704.21838435      
-88      704.14816610      
-90      704.07568317      
-92      703.99980926      
-94      703.92366843      
-96      703.84596617      
-98      703.76585120      
-100     703.68466466      
-102     703.60209185      
-104     703.51785545      
-106     703.43107906      
-108     703.34220210      
-110     703.25165689      
-112     703.15875101      
-114     703.06392516      
-116     702.96787104      
-118     702.87111589      
-120     702.77109548      
-122     702.66810827      
-124     702.56608489      
-126     702.46133697      
-128     702.35341312      
-130     702.24437453      
-132     702.13294515      
-134     702.02042430      
-136     701.90494217      
-138     701.78828291      
-140     701.66897416      
-142     701.54867115      
-144     701.42645974      
-146     701.30159600      
-148     701.17484540      
-150     701.04622553      
-152     700.91604012      
-154     700.78510937      
-156     700.65183119      
-158     700.51603927      
-160     700.37813565      
-162     700.23852546      
-164     700.09787193      
-166     699.95373443      
-168     699.80706833      
-170     699.66009821      
-172     699.51110121      
-174     699.36065869      
-176     699.20691071      
-178     699.05063568      
-180     698.89270386      
-182     698.73284997      
-184     698.57096895      
-186     698.40788328      
-188     698.24259949      
-190     698.07536171      
-192     697.90524369      
-194     697.73340495      
-196     697.55917287      
-198     697.38194899      
-200     697.20459810      
-202     697.02489979      
-204     696.84348169      
-206     696.65818977      
-208     696.47155145      
-210     696.28309208      
-212     696.09206058      
-214     695.89878967      
-216     695.70371936      
-218     695.50776651      
-220     695.30875049      
-222     695.10759294      
-224     694.90498753      
-226     694.70067261      
-228     694.49276176      
-230     694.28185917      
-232     694.07102571      
-234     693.85765314      
-236     693.64195539      
-238     693.42349885      
-240     693.20313626      
-242     692.98154528      
-244     692.75598332      
-246     692.52862397      
-248     692.30135798      
-250     692.07054846      
-252     691.83731629      
-254     691.60313900      
-256     691.36456844      
-258     691.12483030      
-260     690.88227787      
-262     690.63758962      
-264     690.39156282      
-266     690.14290207      
-268     689.89120571      
-270     689.63770461      
-272     689.38155927      
-274     689.12398951      
-276     688.86478190      
-278     688.60117014      
-280     688.33533704      
-282     688.06855479      
-284     687.80025072      
-286     687.52903315      
-288     687.25391637      
-290     686.97730721      
-292     686.69994974      
-294     686.41868126      
-296     686.13487603      
-298     685.84833582      
-300     685.56096440      
-302     685.27045116      
-304     684.97792233      
-306     684.68365906      
-308     684.38562263      
-310     684.08520935      
-312     683.78423522      
-314     683.48103489      
-316     683.17416298      
-318     682.86531904      
-320     682.55273516      
-322     682.23919447      
-324     681.92350763      
-326     681.60527363      
-328     681.28339158      
-330     680.95908540      
-332     680.63403523      
-334     680.30692231      
-336     679.97413163      
-338     679.64193062      
-340     679.30750009      
-342     678.96919779      
-344     678.62892276      
-346     678.28566749      
-348     677.94110942      
-350     677.59341872      
-352     677.24186751      
-354     676.88789651      
-356     676.53317483      
-358     676.17610830      
-360     675.81531830      
-362     675.45329259      
-364     675.08947882      
-366     674.72115724      
-368     674.34942630      
-370     673.97593814      
-372     673.60141334      
-374     673.22161846      
-376     672.83993104      
-378     672.45511767      
-380     672.06831042      
-382     671.68004657      
-384     671.28861362      
-386     670.89513649      
-388     670.49914430      
-390     670.09838888      
-392     669.69749149      
-394     669.29321405      
-396     668.88613361      
-398     668.47681309      
-400     668.06466462      
-402     667.64891869      
-404     667.23065962      
-406     666.81081490      
-408     666.38859471      
-410     665.96311614      
-412     665.53703105      
-414     665.10669614      
-416     664.67285436      
-418     664.23681843      
-420     663.79835050      
-422     663.35814887      
-424     662.91397455      
-426     662.46754239      
-428     662.01896979      
-430     661.56720650      
-432     661.11286899      
-434     660.65557492      
-436     660.19545723      
-438     659.73264238      
-440     659.26636655      
-442     658.79826228      
-444     658.32799329      
-446     657.85452784      
-448     657.37710073      
-450     656.89698617      
-452     656.41473050      
-454     655.92887564      
-456     655.44022849      
-458     654.94873202      
-460     654.45571384      
-462     653.95763893      
-464     653.45831196      
-466     652.95546146      
-468     652.44826129      
-470     651.94037917      
-472     651.42881009      
-474     650.91584381      
-476     650.40105822      
-478     649.88144029      
-480     649.35825081      
-482     648.83335785      
-484     648.30642307      
-486     647.77405211      
-488     647.23970379      
-490     646.70408897      
-492     646.16517240      
-494     645.62248306      
-496     645.07748245      
-498     644.52745479      
-500     643.97529881      
-502     643.41929854      
-504     642.86068722      
-506     642.30033986      
-508     641.73782213      
-510     641.17140180      
-512     640.60344116      
-514     640.03094916      
-516     639.45527819      
-518     638.87664050      
-520     638.29535301      
-522     637.71120398      
-524     637.12154670      
-526     636.52969916      
-528     635.93507431      
-530     635.33756213      
-532     634.73621525      
-534     634.13292719      
-536     633.52696234      
-538     632.91728745      
-540     632.30533875      
-542     631.69122499      
-544     631.07136889      
-546     630.45012338      
-548     629.82634872      
-550     629.19844591      
-552     628.56727859      
-554     627.93285607      
-556     627.29602110      
-558     626.65530439      
-560     626.01054910      
-562     625.36390668      
-564     624.71368775      
-566     624.06044605      
-568     623.40419738      
-570     622.74319877      
-572     622.07732971      
-574     621.41140315      
-576     620.74202910      
-578     620.06839038      
-580     619.39161615      
-582     618.71101659      
-584     618.02891891      
-586     617.34349465      
-588     616.65582646      
-590     615.96431121      
-592     615.26961317      
-594     614.57132737      
-596     613.86942327      
-598     613.16364515      
-600     612.45443766      
-602     611.74068442      
-604     611.02338472      
-606     610.30253568      
-608     609.57833087      
-610     608.85300609      
-612     608.12310524      
-614     607.39165041      
-616     606.65558079      
-618     605.91642910      
-620     605.17366989      
-622     604.42646614      
-624     603.67540386      
-626     602.92222203      
-628     602.16538022      
-630     601.40184429      
-632     600.63825770      
-634     599.87155886      
-636     599.09985317      
-638     598.32506668      
-640     597.54581684      
-642     596.76438315      
-644     595.97979779      
-646     595.19348503      
-648     594.39933802      
-650     593.60364041      
-652     592.80331294      
-654     591.99946648      
-656     591.19057847      
-658     590.37900947      
-660     589.56417411      
-662     588.74725915      
-664     587.92399466      
-666     587.09951514      
-668     586.27158516      
-670     585.43765776      
-672     584.59942487      
-674     583.76087209      
-676     582.91775042      
-678     582.07097138      
-680     581.21767221      
-682     580.36132853      
-684     579.50260062      
-686     578.63978982      
-688     577.77063235      
-690     576.90219623      
-692     576.02646464      
-694     575.14757450      
-696     574.26568624      
-698     573.37886315      
-700     572.48806950      
-702     571.59522234      
-704     570.69790323      
-706     569.79552230      
-708     568.89214997      
-710     567.98195796      
-712     567.06840955      
-714     566.14985500      
-716     565.22892372      
-718     564.30118401      
-720     563.37118181      
-722     562.43673654      
-724     561.49760373      
-726     560.55562267      
-728     559.60880536      
-730     558.65979296      
-732     557.70534690      
-734     556.74746010      
-736     555.78657590      
-738     554.82011246      
-740     553.84984740      
-742     552.87441879      
-744     551.89504646      
-746     550.91070287      
-748     549.92121503      
-750     548.93234794      
-752     547.93439892      
-754     546.93517066      
-756     545.92969574      
-758     544.92095636      
-760     543.91125651      
-762     542.89324136      
-764     541.86833009      
-766     540.84149225      
-768     539.80959226      
-770     538.77215010      
-772     537.73417555      
-774     536.69071044      
-776     535.64334723      
-778     534.58837963      
-780     533.53099236      
-782     532.46873072      
-784     531.40281911      
-786     530.33152205      
-788     529.25473806      
-790     528.17523807      
-792     527.09236544      
-794     526.00064854      
-796     524.90329705      
-798     523.80379803      
-800     522.70129090      
-802     521.59245717      
-804     520.47727753      
-806     519.35857346      
-808     518.23430279      
-810     517.10496852      
-812     515.96875801      
-814     514.83222018      
-816     513.69044925      
-818     512.54009069      
-820     511.38771631      
-822     510.22834036      
-824     509.06561105      
-826     507.89990054      
-828     506.72651288      
-830     505.54757660      
-832     504.36445981      
-834     503.17364386      
-836     501.97923194      
-838     500.77734613      
-840     499.57126887      
-842     498.35959485      
-844     497.14327414      
-846     495.92131845      
-848     494.69429946      
-850     493.46282406      
-852     492.22649737      
-854     490.98184325      
-856     489.73369530      
-858     488.48164531      
-860     487.22155306      
-862     485.95826517      
-864     484.68644357      
-866     483.40766744      
-868     482.12432733      
-870     480.83422819      
-872     479.54025644      
-874     478.24014576      
-876     476.93550025      
-878     475.62693384      
-880     474.31163752      
-882     472.98716357      
-884     471.66070056      
-886     470.33067013      
-888     468.99040757      
-890     467.64373669      
-892     466.29075034      
-894     464.93502976      
-896     463.56834906      
-898     462.19620134      
-900     460.81911829      
-902     459.43515259      
-904     458.04471080      
-906     456.64686684      
-908     455.24530422      
-910     453.83678466      
-912     452.41951573      
-914     450.99667662      
-916     449.56375490      
-918     448.12357174      
-920     446.67897674      
-922     445.22770509      
-924     443.76970412      
-926     442.30527735      
-928     440.83588692      
-930     439.35319863      
-932     437.86689383      
-934     436.37306982      
-936     434.87376103      
-938     433.36472708      
-940     431.84818150      
-942     430.32720132      
-944     428.79732293      
-946     427.25922936      
-948     425.71421949      
-950     424.16309735      
-952     422.60392012      
-954     421.03544742      
-956     419.46039034      
-958     417.87225260      
-960     416.28036164      
-962     414.67592159      
-964     413.06657187      
-966     411.45144152      
-968     409.82734527      
-970     408.19381603      
-972     406.55415408      
-974     404.90502362      
-976     403.24576425      
-978     401.57535709      
-980     399.89931553      
-982     398.21295869      
-984     396.51808230      
-986     394.81013225      
-988     393.09354685      
-990     391.36575283      
-992     389.63242291      
-994     387.88862882      
-996     386.14328429      
-998     384.38122125      
-1000    382.61277281      
-1002    380.83268815      
-1004    379.04414668      
-1006    377.24250054      
-1008    375.42678655      
-1010    373.60352109      
-1012    371.77487241      
-1014    369.93110762      
-1016    368.07639026      
-1018    366.21307783      
-1020    364.33621278      
-1022    362.44824262      
-1024    360.54709761      
-1026    358.63261099      
-1028    356.70709374      
-1030    354.77452475      
-1032    352.82840363      
-1034    350.87189258      
-1036    348.90274872      
-1038    346.91703617      
-1040    344.92288966      
-1042    342.91660638      
-1044    340.89487208      
-1046    338.85653910      
-1048    336.80630350      
-1050    334.74260628      
-1052    332.66599558      
-1054    330.57610112      
-1056    328.47373490      
-1058    326.35586743      
-1060    324.22981320      
-1062    322.08255696      
-1064    319.92191993      
-1066    317.74567894      
-1068    315.55887762      
-1070    313.35256682      
-1072    311.12967260      
-1074    308.89285943      
-1076    306.63602988      
-1078    304.35697706      
-1080    302.07098326      
-1082    299.76364955      
-1084    297.44137077      
-1086    295.10093818      
-1088    292.74134973      
-1090    290.36377351      
-1092    287.96874930      
-1094    285.54678550      
-1096    283.10379116      
-1098    280.64157782      
-1100    278.15844966      
-1102    275.65716073      
-1104    273.13404813      
-1106    270.58803147      
-1108    268.02152505      
-1110    265.41960762      
-1112    262.80925803      
-1114    260.17130691      
-1116    257.50235966      
-1118    254.80944069      
-1120    252.08366287      
-1122    249.33490084      
-1124    246.55907959      
-1126    243.75492301      
-1128    240.91831012      
-1130    238.04976728      
-1132    235.15280092      
-1134    232.22416335      
-1136    229.26654726      
-1138    226.26275934      
-1140    223.22252221      
-1142    220.15080435      
-1144    217.03669555      
-1146    213.88647619      
-1148    210.68605633      
-1150    207.45288430      
-1152    204.16856330      
-1154    200.82350756      
-1156    197.43726182      
-1158    193.98542404      
-1160    190.48817716      
-1162    186.93104648      
-1164    183.30698652      
-1166    179.61637889      
-1168    175.84568888      
-1170    171.99975499      
-1172    168.07276317      
-1174    164.05816871      
-1176    159.93244642      
-1178    155.68480466      
-1180    151.32642191      
-1182    146.79458996      
-1184    142.08381837      
-1186    137.15654571      
-1188    131.96359743      
-1190    126.35671927      
-1192    120.04204328      
