126      0.69314718        
120      4.55793682        
118      4.14813496        
116      3.86137584        
114      7.72831739        
112      8.03887501        
110      8.14544695        
108      10.52837574       
106      11.23170265       
104      11.62717926       
102      13.15545110       
100      14.05241608       
98       14.64735754       
96       15.71549174       
94       16.64103702       
92       17.35945436       
90       18.22767412       
88       19.09357419       
86       19.86336580       
84       20.65260173       
82       21.45662278       
80       22.22213511       
78       22.97763052       
76       23.73579380       
74       24.47901310       
72       25.21015711       
70       25.93468439       
68       26.65043270       
66       27.35744440       
64       28.05461974       
62       28.74199278       
60       29.42258999       
58       30.09301090       
56       30.75480933       
54       31.40554371       
52       32.04651737       
50       32.67739221       
48       33.29402904       
46       33.89918029       
44       34.49071903       
42       35.06917761       
40       35.63167432       
38       36.17592530       
36       36.70291859       
34       37.21012407       
32       37.69697848       
30       38.16103147       
28       38.60073651       
26       39.01474969       
24       39.40483917       
22       39.76581038       
20       40.09963190       
18       40.40299350       
16       40.67736085       
14       40.91949883       
12       41.13142358       
10       41.31139843       
8        41.45848690       
6        41.57323788       
4        41.65430720       
2        41.70266244       
0        41.71796174       
-2       41.70029090       
-4       41.65008044       
-6       41.56756156       
-8       41.45226608       
-10      41.30547274       
-12      41.12796947       
-14      40.91937096       
-16      40.68015708       
-18      40.41136101       
-20      40.11194402       
-22      39.78295556       
-24      39.42551689       
-26      39.03761218       
-28      38.62071447       
-30      38.17603768       
-32      37.70177492       
-34      37.19900256       
-36      36.66801481       
-38      36.10807273       
-40      35.51806834       
-42      34.90063569       
-44      34.25486564       
-46      33.57790312       
-48      32.87160493       
-50      32.13476717       
-52      31.36655633       
-54      30.56748219       
-56      29.73391156       
-58      28.86701453       
-60      27.96559509       
-62      27.02712749       
-64      26.04939683       
-66      25.03134379       
-68      23.96712468       
-70      22.85466045       
-72      21.69046137       
-74      20.46565415       
-76      19.17271405       
-78      17.80288900       
-80      16.34049105       
-82      14.77049435       
-84      13.06766744       
-86      11.20567472       
-88      9.13956017        
-90      6.80999947        
-92      4.09081018        
-94      0.68614871        
