384      0.69314718        
378      6.63721497        
376      7.64344150        
374      8.87460930        
372      12.05204125       
370      13.70804694       
368      15.25247106       
366      17.43450737       
364      19.27368794       
362      20.97237900       
360      22.83039553       
358      24.64309099       
356      26.38332006       
354      28.13796046       
352      29.88427272       
350      31.60221015       
348      33.30376355       
346      34.99602321       
344      36.67161654       
342      38.32972769       
340      39.97488320       
338      41.60663122       
336      43.22216184       
334      44.82488344       
332      46.41528879       
330      47.98981060       
328      49.55231234       
326      51.10105802       
324      52.63862057       
322      54.16291450       
320      55.67374323       
318      57.17349171       
316      58.66193184       
314      60.13696837       
312      61.60144459       
310      63.05432948       
308      64.49212630       
306      65.92134557       
304      67.33709962       
302      68.74456531       
300      70.13988326       
298      71.52246029       
296      72.89413792       
294      74.25593118       
292      75.60709606       
290      76.94796385       
288      78.27702577       
286      79.59533967       
284      80.90239890       
282      82.20053121       
280      83.48720443       
278      84.76503639       
276      86.03099063       
274      87.28913912       
272      88.53590478       
270      89.77413840       
268      91.00209921       
266      92.22105133       
264      93.42915059       
262      94.62757283       
260      95.81737821       
258      96.99643864       
256      98.16711248       
254      99.32631357       
252      100.47733414      
250      101.61903284      
248      102.75203121      
246      103.87592026      
244      104.99065827      
242      106.09574999      
240      107.19102633      
238      108.27776231      
236      109.35482144      
234      110.42297378      
232      111.48206505      
230      112.53212571      
228      113.57316653      
226      114.60439405      
224      115.62725614      
222      116.64129785      
220      117.64664884      
218      118.64265364      
216      119.62979322      
214      120.60771337      
212      121.57695941      
210      122.53825733      
208      123.49045670      
206      124.43303056      
204      125.36678268      
202      126.29219815      
200      127.20890251      
198      128.11610573      
196      129.01586807      
194      129.90686708      
192      130.78800939      
190      131.66056360      
188      132.52493000      
186      133.38087404      
184      134.22786155      
182      135.06568698      
180      135.89525316      
178      136.71634713      
176      137.52766807      
174      138.33005751      
172      139.12465404      
170      139.91024963      
168      140.68749648      
166      141.45587262      
164      142.21576544      
162      142.96683155      
160      143.70996846      
158      144.44345337      
156      145.16902442      
154      145.88558292      
152      146.59369623      
150      147.29302677      
148      147.98355259      
146      148.66551077      
144      149.33802065      
142      150.00296424      
140      150.65867823      
138      151.30601086      
136      151.94421288      
134      152.57341003      
132      153.19437590      
130      153.80667700      
128      154.41021384      
126      155.00436254      
124      155.59054658      
122      156.16731682      
120      156.73592129      
118      157.29539887      
116      157.84633551      
114      158.38804230      
112      158.92141089      
110      159.44583751      
108      159.96122414      
106      160.46789533      
104      160.96601833      
102      161.45511882      
100      161.93547936      
98       162.40706214      
96       162.86974798      
94       163.32353353      
92       163.76769940      
90       164.20308870      
88       164.63008863      
86       165.04779430      
84       165.45646421      
82       165.85685001      
80       166.24785939      
78       166.62948009      
76       167.00183973      
74       167.36537674      
72       167.72012469      
70       168.06534394      
68       168.40118004      
66       168.72785970      
64       169.04547617      
62       169.35381558      
60       169.65311926      
58       169.94356838      
56       170.22405372      
54       170.49554185      
52       170.75833155      
50       171.01128882      
48       171.25455957      
46       171.48839189      
44       171.71331712      
42       171.92825971      
40       172.13364757      
38       172.32941811      
36       172.51606327      
34       172.69334821      
32       172.86064920      
30       173.01831083      
28       173.16617459      
26       173.30402995      
24       173.43223381      
22       173.55105705      
20       173.66015649      
18       173.75902045      
16       173.84841493      
14       173.92731675      
12       173.99580046      
10       174.05456799      
8        174.10344329      
6        174.14187373      
4        174.17023049      
2        174.18797107      
0        174.19544619      
-2       174.19312718      
-4       174.18001814      
-6       174.15601255      
-8       174.12188785      
-10      174.07733673      
-12      174.02183278      
-14      173.95595817      
-16      173.87913115      
-18      173.79152277      
-20      173.69296408      
-22      173.58336671      
-24      173.46311548      
-26      173.33126765      
-28      173.18824582      
-30      173.03440925      
-32      172.86908607      
-34      172.69208275      
-36      172.50328092      
-38      172.30334593      
-40      172.09158170      
-42      171.86772322      
-44      171.63203801      
-46      171.38503843      
-48      171.12582044      
-50      170.85434347      
-52      170.57092614      
-54      170.27501175      
-56      169.96696819      
-58      169.64555619      
-60      169.31119633      
-62      168.96482426      
-64      168.60528230      
-66      168.23228648      
-68      167.84615052      
-70      167.44737951      
-72      167.03523111      
-74      166.60944043      
-76      166.16961177      
-78      165.71586329      
-80      165.24812972      
-82      164.76657723      
-84      164.27017252      
-86      163.75930717      
-88      163.23428161      
-90      162.69362934      
-92      162.13839400      
-94      161.56800495      
-96      160.98229947      
-98      160.38115804      
-100     159.76399706      
-102     159.13108869      
-104     158.48198053      
-106     157.81647698      
-108     157.13515732      
-110     156.43623201      
-112     155.72057794      
-114     154.98703098      
-116     154.23654571      
-118     153.46842809      
-120     152.68169625      
-122     151.87684116      
-124     151.05335571      
-126     150.21134290      
-128     149.35073469      
-130     148.46920393      
-132     147.56826511      
-134     146.64673756      
-136     145.70482838      
-138     144.74304507      
-140     143.75899771      
-142     142.75404516      
-144     141.72705883      
-146     140.67739709      
-148     139.60571942      
-150     138.50949830      
-152     137.39009937      
-154     136.24711130      
-156     135.07880230      
-158     133.88488944      
-160     132.66549091      
-162     131.42115806      
-164     130.14885181      
-166     128.84880625      
-168     127.51997262      
-170     126.16335536      
-172     124.77683073      
-174     123.36144925      
-176     121.91477874      
-178     120.43604740      
-180     118.92594559      
-182     117.38198849      
-184     115.80333562      
-186     114.18918244      
-188     112.53914392      
-190     110.85050666      
-192     109.12449112      
-194     107.35940610      
-196     105.55249353      
-198     103.70396986      
-200     101.81147453      
-202     99.87416868       
-204     97.89041795       
-206     95.85845811       
-208     93.77526161       
-210     91.63852864       
-212     89.44829385       
-214     87.20021801       
-216     84.89341426       
-218     82.52166956       
-220     80.08693287       
-222     77.58225700       
-224     75.00273734       
-226     72.34341243       
-228     69.59946558       
-230     66.76678440       
-232     63.84076676       
-234     60.81228262       
-236     57.67025351       
-238     54.40263797       
-240     50.99680729       
-242     47.44017066       
-244     43.71593712       
-246     39.78836551       
-248     35.63281704       
-250     31.19032858       
-252     26.39598737       
-254     21.13599154       
-256     15.21746360       
