126      0.69314718        
120      4.15285159        
116      3.45675596        
114      6.95308929        
112      3.45868577        
110      6.85122102        
108      9.37926195        
106      7.16901651        
104      9.61335915        
102      11.53679819       
100      10.10346374       
98       12.00196367       
96       13.49439199       
94       12.62171906       
92       14.13207228       
90       15.29962404       
88       14.85145126       
86       16.06918911       
84       16.99792677       
82       16.86052395       
80       17.85640351       
78       18.61448388       
76       18.69724472       
74       19.52358204       
72       20.16668226       
70       20.40587614       
68       21.10197483       
66       21.66699688       
64       21.99515904       
62       22.59760850       
60       23.11882706       
58       23.49515700       
56       24.03032119       
54       24.51404829       
52       24.91744093       
50       25.40528634       
48       25.86023627       
46       26.27650788       
44       26.72686414       
42       27.16404204       
40       27.57630485       
38       28.00471681       
36       28.41989796       
34       28.82772106       
32       29.23729884       
30       29.63648696       
28       30.02968818       
26       30.42176038       
24       30.81049570       
22       31.19138290       
20       31.56716588       
18       31.94079788       
16       32.31128721       
14       32.67248720       
12       33.02849774       
10       33.38734656       
8        33.73553335       
6        34.08072859       
4        34.42266311       
2        34.75902037       
0        35.09376129       
-2       35.41498351       
-4       35.73708054       
-6       36.05537057       
-8       36.36307862       
-10      36.67000949       
-12      36.97258390       
-14      37.26487045       
-16      37.55081764       
-18      37.83338181       
-20      38.10946503       
-22      38.37650913       
-24      38.63817118       
-26      38.89315177       
-28      39.13849723       
-30      39.37625503       
-32      39.60588029       
-34      39.82440558       
-36      40.03339891       
-38      40.23365356       
-40      40.42047760       
-42      40.60179463       
-44      40.76672670       
-46      40.92081705       
-48      41.05983662       
-50      41.18128064       
-52      41.29124632       
-54      41.38182086       
-56      41.45647320       
-58      41.51308083       
-60      41.54594299       
-62      41.55607159       
-64      41.54179328       
-66      41.50330199       
-68      41.43559727       
-70      41.33712983       
-72      41.20846343       
-74      41.04644443       
-76      40.84864867       
-78      40.61296727       
-80      40.33496138       
-82      40.01697162       
-84      39.65861529       
-86      39.25343361       
-88      38.80309379       
-90      38.30347319       
-92      37.75677584       
-94      37.16194200       
-96      36.51136653       
-98      35.80645560       
-100     35.04145902       
-102     34.22114663       
-104     33.34098203       
-106     32.39056521       
-108     31.37694672       
-110     30.29763396       
-112     29.14141245       
-114     27.91387908       
-116     26.60417513       
-118     25.20056987       
-120     23.70387350       
-122     22.10123463       
-124     20.37344195       
-126     18.51512970       
-128     16.49263845       
-130     14.28492404       
-132     11.84227189       
-134     9.09613415        
-136     5.94638142        
-138     2.07017866        
