510      0.69314718        
504      5.54641729        
500      4.86293208        
498      9.71766037        
496      4.85235178        
494      9.69493758        
492      13.47572475       
490      9.93631464        
488      13.82968604       
486      16.95297760       
484      14.26503610       
482      17.57798612       
480      20.22794640       
478      18.16670203       
476      21.04965758       
474      23.32588869       
472      21.76566130       
470      24.30861568       
468      26.27767223       
466      25.13013422       
464      27.39960229       
462      29.10874361       
460      28.30111235       
458      30.34372926       
456      31.84343701       
454      31.32638567       
452      33.15814417       
450      34.47554177       
448      34.21698439       
446      35.87233162       
444      37.02964395       
442      36.97988105       
440      38.48099935       
438      39.51732391       
436      39.64714080       
434      41.00513744       
432      41.95285964       
430      42.22379172       
428      43.46083522       
426      44.32513940       
424      44.70815384       
422      45.84268331       
420      46.64951974       
418      47.11003965       
416      48.16408777       
414      48.92461282       
412      49.45787954       
410      50.44012642       
408      51.16113406       
406      51.74431544       
404      52.64892429       
402      53.35464734       
400      53.97257411       
398      54.82027900       
396      55.51415145       
394      56.14849055       
392      56.94910645       
390      57.62594038       
388      58.27795863       
386      59.03371477       
384      59.70161402       
382      60.35514211       
380      61.08972311       
378      61.74526930       
376      62.39600652       
374      63.10107016       
372      63.74731481       
370      64.39825058       
368      65.08268833       
366      65.71907008       
364      66.36284011       
362      67.02554768       
360      67.65528381       
358      68.28527057       
356      68.93647122       
354      69.55900729       
352      70.17980152       
350      70.81733662       
348      71.43054038       
346      72.04826104       
344      72.66829395       
342      73.27468353       
340      73.88580090       
338      74.49529689       
336      75.09449434       
334      75.69218451       
332      76.29395944       
330      76.88298124       
328      77.47598088       
326      78.06462747       
324      78.64970696       
322      79.23031825       
320      79.80668950       
318      80.38730776       
316      80.95932501       
314      81.52573442       
312      82.09722346       
310      82.66264206       
308      83.22359043       
306      83.78661680       
304      84.34854638       
302      84.89781147       
300      85.45258045       
298      86.00519633       
296      86.55255449       
294      87.09888035       
292      87.64116531       
290      88.18031293       
288      88.71919828       
286      89.25657123       
284      89.79010010       
282      90.32176834       
280      90.85223579       
278      91.37662983       
276      91.90537023       
274      92.42641443       
272      92.94495737       
270      93.46601677       
268      93.98032915       
266      94.49587554       
264      95.00589192       
262      95.51485616       
260      96.02444738       
258      96.52992743       
256      97.03421628       
254      97.53609144       
252      98.03426260       
250      98.52892142       
248      99.02739477       
246      99.52220720       
244      100.01311648      
242      100.49770903      
240      100.99097276      
238      101.47588897      
236      101.95616364      
234      102.44123173      
232      102.92457521      
230      103.39737034      
228      103.87566566      
226      104.35171300      
224      104.82441336      
222      105.29632997      
220      105.76531052      
218      106.23278928      
216      106.69889974      
214      107.16201019      
212      107.62455761      
210      108.08755451      
208      108.54586690      
206      109.00865024      
204      109.46149134      
202      109.91345328      
200      110.36906719      
198      110.81950056      
196      111.26739293      
194      111.71911031      
192      112.16434538      
190      112.60876202      
188      113.05564928      
186      113.49596405      
184      113.93522996      
182      114.37607688      
180      114.81337923      
178      115.24525916      
176      115.68242615      
174      116.11374986      
172      116.54240858      
170      116.97171289      
168      117.40006810      
166      117.82304358      
164      118.24874681      
162      118.67103839      
160      119.09301001      
158      119.51627791      
156      119.93360436      
154      120.35117239      
152      120.76814329      
150      121.18310803      
148      121.59403914      
146      122.00772571      
144      122.42139435      
142      122.82904470      
140      123.23692387      
138      123.64260453      
136      124.04756820      
134      124.44934928      
132      124.85273343      
130      125.25422203      
128      125.65207708      
126      126.05156946      
124      126.44767511      
122      126.84395784      
120      127.23794389      
118      127.63086766      
116      128.02279573      
114      128.41027379      
112      128.80043846      
110      129.18784046      
108      129.57271308      
106      129.95751369      
104      130.34191447      
102      130.72579771      
100      131.10558891      
98       131.48545968      
96       131.86674344      
94       132.24429780      
92       132.62076837      
90       132.99321878      
88       133.36461359      
86       133.73755592      
84       134.10797155      
82       134.47794175      
80       134.84727251      
78       135.21395433      
76       135.57915222      
74       135.94357490      
72       136.30766183      
70       136.67017793      
68       137.03197056      
66       137.39039063      
64       137.74968022      
62       138.10659289      
60       138.46371907      
58       138.81841916      
56       139.17123323      
54       139.52358812      
52       139.87621945      
50       140.22616267      
48       140.57390237      
46       140.92258596      
44       141.26995522      
42       141.61427766      
40       141.95880955      
38       142.30261898      
36       142.64381617      
34       142.98423981      
32       143.32320714      
30       143.66216844      
28       143.99911338      
26       144.33283669      
24       144.66714209      
22       145.00090551      
20       145.33147055      
18       145.66276133      
16       145.99338919      
14       146.31992376      
12       146.64787167      
10       146.97263223      
8        147.29743200      
6        147.61902761      
4        147.94192415      
2        148.26175231      
0        148.58060378      
-2       148.89942378      
-4       149.21565634      
-6       149.53129399      
-8       149.84479242      
-10      150.15763098      
-12      150.46824926      
-14      150.77989644      
-16      151.08868146      
-18      151.39772206      
-20      151.70409637      
-22      152.00943500      
-24      152.31249273      
-26      152.61572897      
-28      152.91669458      
-30      153.21582502      
-32      153.51442593      
-34      153.81082755      
-36      154.10599381      
-38      154.40042525      
-40      154.69267195      
-42      154.98626435      
-44      155.27541804      
-46      155.56458980      
-48      155.85181963      
-50      156.13397264      
-52      156.41896897      
-54      156.70006698      
-56      156.98299050      
-58      157.26450902      
-60      157.54238242      
-62      157.81859261      
-64      158.09481937      
-66      158.36988908      
-68      158.64160234      
-70      158.91334754      
-72      159.18249214      
-74      159.44890898      
-76      159.71771967      
-78      159.98121410      
-80      160.24173695      
-82      160.50189280      
-84      160.76000660      
-86      161.01868361      
-88      161.27384436      
-90      161.52862084      
-92      161.78109395      
-94      162.03086299      
-96      162.28063857      
-98      162.52665376      
-100     162.77159744      
-102     163.01473015      
-104     163.25688398      
-106     163.49602997      
-108     163.73365563      
-110     163.96923619      
-112     164.20254475      
-114     164.43569481      
-116     164.66588795      
-118     164.89426249      
-120     165.12067824      
-122     165.34455263      
-124     165.56756156      
-126     165.78733647      
-128     166.00641191      
-130     166.22158986      
-132     166.43421650      
-134     166.64722580      
-136     166.85583168      
-138     167.06340593      
-140     167.26742565      
-142     167.46817070      
-144     167.66945129      
-146     167.86563957      
-148     168.06109583      
-150     168.25634545      
-152     168.44549030      
-154     168.63247937      
-156     168.81865215      
-158     169.00201636      
-160     169.18302828      
-162     169.36005753      
-164     169.53573334      
-166     169.70764774      
-168     169.87889474      
-170     170.04465788      
-172     170.20751083      
-174     170.36898476      
-176     170.52618843      
-178     170.68171382      
-180     170.83518588      
-182     170.98419428      
-184     171.12890225      
-186     171.27291614      
-188     171.41426688      
-190     171.55163026      
-192     171.68433565      
-194     171.81514364      
-196     171.94245249      
-198     172.06545591      
-200     172.18633175      
-202     172.30144071      
-204     172.41422051      
-206     172.52343792      
-208     172.62879264      
-210     172.72977364      
-212     172.82932299      
-214     172.92258191      
-216     173.01091993      
-218     173.09842902      
-220     173.17962032      
-222     173.25670874      
-224     173.33152151      
-226     173.40357506      
-228     173.46809989      
-230     173.52903694      
-232     173.58678049      
-234     173.63871801      
-236     173.68584412      
-238     173.72830558      
-240     173.76734447      
-242     173.80138939      
-244     173.82864111      
-246     173.85164290      
-248     173.87138724      
-250     173.88521308      
-252     173.89318365      
-254     173.89540714      
-256     173.89252603      
-258     173.88349479      
-260     173.86937064      
-262     173.84946751      
-264     173.82483715      
-266     173.79462534      
-268     173.75634181      
-270     173.71360457      
-272     173.66459137      
-274     173.60902983      
-276     173.54739249      
-278     173.48042923      
-280     173.40620822      
-282     173.32527733      
-284     173.23663807      
-286     173.14146220      
-288     173.04044187      
-290     172.93127203      
-292     172.81443023      
-294     172.69203681      
-296     172.56030822      
-298     172.42107558      
-300     172.27563637      
-302     172.12277299      
-304     171.96183425      
-306     171.79178202      
-308     171.61491328      
-310     171.42923194      
-312     171.23681134      
-314     171.03495276      
-316     170.82423192      
-318     170.60739314      
-320     170.37855387      
-322     170.14141255      
-324     169.89658487      
-326     169.64282882      
-328     169.38060111      
-330     169.10804045      
-332     168.82616079      
-334     168.53593188      
-336     168.23473012      
-338     167.92477250      
-340     167.60441869      
-342     167.27280736      
-344     166.93214947      
-346     166.58065134      
-348     166.22095626      
-350     165.84862381      
-352     165.46788591      
-354     165.07884162      
-356     164.67671746      
-358     164.26085067      
-360     163.83574539      
-362     163.40158462      
-364     162.95662743      
-366     162.49805242      
-368     162.02816719      
-370     161.54635000      
-372     161.05465150      
-374     160.55157834      
-376     160.03547334      
-378     159.50736594      
-380     158.96811849      
-382     158.41832393      
-384     157.85208058      
-386     157.27448517      
-388     156.68855470      
-390     156.08376974      
-392     155.47003847      
-394     154.84586441      
-396     154.20721388      
-398     153.55416095      
-400     152.88930672      
-402     152.20977729      
-404     151.51576727      
-406     150.80928451      
-408     150.09372318      
-410     149.36145907      
-412     148.61478299      
-414     147.85362726      
-416     147.07803982      
-418     146.29119086      
-420     145.48605925      
-422     144.66822386      
-424     143.83697957      
-426     142.98922455      
-428     142.12546199      
-430     141.25053346      
-432     140.35829866      
-434     139.44908100      
-436     138.52681607      
-438     137.58825660      
-440     136.63430142      
-442     135.66102063      
-444     134.67477357      
-446     133.67134404      
-448     132.64944547      
-450     131.61226624      
-452     130.55658710      
-454     129.48703140      
-456     128.39585888      
-458     127.28877169      
-460     126.16106534      
-462     125.01579779      
-464     123.85235828      
-466     122.67167139      
-468     121.47035217      
-470     120.24992043      
-472     119.01055938      
-474     117.74850046      
-476     116.46844494      
-478     115.16937357      
-480     113.84556651      
-482     112.49990052      
-484     111.13680059      
-486     109.74569911      
-488     108.33606332      
-490     106.90154463      
-492     105.44201302      
-494     103.95623815      
-496     102.44580334      
-498     100.91394913      
-500     99.35548335       
-502     97.76522606       
-504     96.14784759       
-506     94.50377512       
-508     92.83167499       
-510     91.13358009       
-512     89.40071654       
-514     87.63929337       
-516     85.84602815       
-518     84.02260542       
-520     82.16474664       
-522     80.27035415       
-524     78.34183276       
-526     76.37602538       
-528     74.36801374       
-530     72.31452113       
-532     70.21787071       
-534     68.08423531       
-536     65.90839398       
-538     63.68233186       
-540     61.40378803       
-542     59.07762706       
-544     56.68992656       
-546     54.24851924       
-548     51.75548345       
-550     49.18528795       
-552     46.54182052       
-554     43.82502013       
-556     41.03219765       
-558     38.15014678       
-560     35.17652410       
-562     32.09924400       
-564     28.91183853       
-566     25.58504939       
-568     22.10223198       
-570     18.44404560       
-572     14.58409440       
-574     10.42412718       
-576     5.87580766        
-578     0.64203537        
