1022     0.69314718        
1016     6.24783367        
1012     5.55012268        
1010     11.09502095       
1008     5.57418293        
1006     11.09513128       
1004     15.55026746       
1002     11.34288943       
1000     15.93449449       
998      19.72456687       
996      16.36293053       
994      20.39244532       
992      23.67041260       
990      20.95279831       
988      24.54819292       
986      27.42874723       
984      25.24781734       
982      28.47492492       
980      31.05823648       
978      29.30031973       
976      32.25060862       
974      34.55944919       
972      33.15224159       
970      35.86268472       
968      37.93711227       
966      36.85988414       
964      39.35389131       
962      41.21766347       
960      40.42326879       
958      42.72635847       
956      44.41154647       
954      43.87740862       
952      45.99667018       
950      47.53232443       
948      47.21553087       
946      49.18069035       
944      50.57889926       
942      50.45420605       
940      52.27897709       
938      53.55845016       
936      53.60585421       
934      55.29077244       
932      56.48183930       
930      56.67423349       
928      58.25066149       
926      59.34843403       
924      59.66487181       
922      61.14073503       
920      62.17128199       
918      62.59386140       
916      63.98071831       
914      64.95115381       
912      65.46304649       
910      66.76539314       
908      67.68522823       
906      68.27263373       
904      69.49962544       
902      70.38460535       
900      71.02490812       
898      72.19270795       
896      73.03779894       
894      73.73312998       
892      74.83757752       
890      75.66142797       
888      76.38953966       
886      77.44533855       
884      78.24692368       
882      79.00207519       
880      80.01096016       
878      80.80294788       
876      81.57847398       
874      82.54280692       
872      83.32894987       
870      84.11610579       
868      85.03165895       
866      85.82645142       
864      86.61603868       
862      87.50187969       
860      88.28015935       
858      89.07449472       
856      89.93736392       
854      90.71017647       
852      91.50310081       
850      92.34551334       
848      93.11736744       
846      93.89935368       
844      94.72262364       
842      95.48844725       
840      96.26064956       
838      97.07209801       
836      97.83447254       
834      98.59717196       
832      99.39047009       
830      100.14665246      
828      100.91141301      
826      101.68741631      
824      102.43641197      
822      103.19487101      
820      103.95772552      
818      104.69828921      
816      105.45039308      
814      106.20168102      
812      106.93973923      
810      107.68675434      
808      108.42360383      
806      109.15663749      
804      109.88962042      
802      110.62255567      
800      111.35018229      
798      112.07969308      
796      112.79850691      
794      113.51446336      
792      114.23836130      
790      114.95347351      
788      115.66752648      
786      116.37624878      
784      117.08332860      
782      117.79181844      
780      118.50046897      
778      119.19768792      
776      119.89703327      
774      120.59718919      
772      121.29143911      
770      121.98074513      
768      122.67853588      
766      123.36278420      
764      124.04935741      
762      124.73398727      
760      125.41437697      
758      126.09597975      
756      126.77444821      
754      127.44928098      
752      128.12390643      
750      128.79893052      
748      129.46752852      
746      130.13176906      
744      130.80375123      
742      131.46037555      
740      132.11929405      
738      132.79172283      
736      133.44156623      
734      134.09817737      
732      134.76003617      
730      135.40845108      
728      136.05746794      
726      136.70895868      
724      137.35965663      
722      137.99653601      
720      138.64236873      
718      139.28272807      
716      139.92160016      
714      140.55852753      
712      141.19534272      
710      141.82679122      
708      142.46295172      
706      143.09304136      
704      143.71792364      
702      144.34731215      
700      144.96961325      
698      145.59413385      
696      146.21501636      
694      146.84013098      
692      147.46089387      
690      148.07380891      
688      148.69457108      
686      149.30870950      
684      149.92147118      
682      150.53442627      
680      151.14183479      
678      151.75028688      
676      152.36091310      
674      152.96348214      
672      153.56490099      
670      154.16926527      
668      154.77100289      
666      155.36692625      
664      155.96366429      
662      156.56013518      
660      157.15350687      
658      157.74613666      
656      158.34162241      
654      158.93115288      
652      159.51888239      
650      160.10486626      
648      160.69059741      
646      161.27487999      
644      161.85998028      
642      162.43997359      
640      163.01870286      
638      163.59859365      
636      164.17679494      
634      164.74985981      
632      165.32543170      
630      165.89587062      
628      166.47089153      
626      167.04169589      
624      167.60610604      
622      168.17720306      
620      168.74290931      
618      169.30877560      
616      169.86994844      
614      170.43172598      
612      170.99496674      
610      171.55005938      
608      172.11371052      
606      172.66965723      
604      173.22321427      
602      173.77740943      
600      174.33287966      
598      174.88297391      
596      175.43822813      
594      175.98580432      
592      176.53287262      
590      177.08364755      
588      177.63051361      
586      178.17201948      
584      178.71837097      
582      179.26373994      
580      179.80240935      
578      180.34039402      
576      180.88207364      
574      181.42104387      
572      181.95777333      
570      182.49193531      
568      183.02931267      
566      183.56254184      
564      184.09611279      
562      184.62830162      
560      185.15547126      
558      185.68390184      
556      186.21556127      
554      186.73901009      
552      187.26625079      
550      187.78942221      
548      188.31428003      
546      188.83820927      
544      189.35634804      
542      189.87470197      
540      190.39382386      
538      190.91130042      
536      191.42554247      
534      191.94486278      
532      192.45903623      
530      192.97224927      
528      193.48455816      
526      193.99866170      
524      194.50558376      
522      195.01694369      
520      195.52695387      
518      196.03125292      
516      196.54219520      
514      197.04560274      
512      197.54685557      
510      198.05160004      
508      198.55230397      
506      199.05516916      
504      199.55369216      
502      200.05170315      
500      200.54960394      
498      201.04777098      
496      201.54396784      
494      202.04016655      
492      202.53453654      
490      203.02882218      
488      203.52000367      
486      204.01568198      
484      204.50609571      
482      204.99450201      
480      205.48198700      
478      205.97103733      
476      206.45580393      
474      206.94018936      
472      207.43028265      
470      207.91104996      
468      208.39376229      
466      208.87762242      
464      209.35774684      
462      209.83900332      
460      210.31842047      
458      210.79492074      
456      211.27257800      
454      211.75026446      
452      212.22533387      
450      212.69969952      
448      213.17382902      
446      213.64598590      
444      214.11707216      
442      214.58871782      
440      215.05742246      
438      215.52821463      
436      215.99428612      
434      216.46075243      
432      216.92981213      
430      217.39554363      
428      217.85995912      
426      218.32046848      
424      218.78533649      
422      219.24728757      
420      219.70659309      
418      220.17165249      
416      220.62989014      
414      221.08630764      
412      221.54566526      
410      222.00225597      
408      222.45908940      
406      222.91500002      
404      223.36943298      
402      223.82529741      
400      224.27782959      
398      224.72859853      
396      225.18011749      
394      225.62936747      
392      226.07850963      
390      226.52734208      
388      226.97642219      
386      227.42292684      
384      227.86877173      
382      228.31547189      
380      228.76079130      
378      229.20119971      
376      229.64679718      
374      230.08788031      
372      230.52952242      
370      230.96926462      
368      231.41148650      
366      231.84993356      
364      232.28622067      
362      232.72426230      
360      233.16201591      
358      233.59911775      
356      234.03210521      
354      234.46586001      
352      234.90051663      
350      235.33343953      
348      235.76473969      
346      236.19899589      
344      236.62946892      
342      237.06031990      
340      237.49107474      
338      237.92179638      
336      238.34588319      
334      238.77242648      
332      239.19855827      
330      239.62261581      
328      240.04813677      
326      240.47135323      
324      240.89428699      
322      241.31537068      
320      241.73653835      
318      242.15736347      
316      242.57754391      
314      242.99663186      
312      243.41504401      
310      243.83122229      
308      244.24652880      
306      244.66655338      
304      245.07931000      
302      245.49516231      
300      245.91180533      
298      246.32410276      
296      246.73790222      
294      247.14902168      
292      247.56100863      
290      247.97304994      
288      248.38110030      
286      248.79150402      
284      249.19914090      
282      249.60822457      
280      250.01687169      
278      250.42298186      
276      250.82712036      
274      251.23241782      
272      251.63739937      
270      252.04222935      
268      252.44202232      
266      252.84211391      
264      253.24675715      
262      253.64786166      
260      254.04696470      
258      254.44734341      
256      254.84540278      
254      255.24231601      
252      255.64069396      
250      256.03833729      
248      256.43638164      
246      256.83113026      
244      257.22529882      
242      257.62132221      
240      258.01063371      
238      258.40488016      
236      258.79706681      
234      259.18876368      
232      259.57918048      
230      259.96699798      
228      260.35700351      
226      260.74303835      
224      261.13419193      
222      261.52198046      
220      261.90605783      
218      262.29198402      
216      262.67898124      
214      263.06260872      
212      263.44772726      
210      263.83004474      
208      264.21180528      
206      264.59596067      
204      264.97637021      
202      265.35687589      
200      265.73892325      
198      266.11791175      
196      266.49690491      
194      266.87464076      
192      267.25261915      
190      267.62867474      
188      268.00507384      
186      268.38084453      
184      268.75733191      
182      269.13335478      
180      269.50546092      
178      269.87884807      
176      270.25351971      
174      270.62315124      
172      270.99403995      
170      271.36764943      
168      271.73552292      
166      272.10420096      
164      272.47459167      
162      272.84121167      
160      273.20991081      
158      273.57590282      
156      273.94155586      
154      274.30812329      
152      274.67381793      
150      275.03684801      
148      275.40261656      
146      275.76508361      
144      276.12546813      
142      276.48637819      
140      276.84924948      
138      277.20946908      
136      277.56939000      
134      277.93016046      
132      278.28984368      
130      278.64654475      
128      279.00151932      
126      279.36006564      
124      279.71635717      
122      280.07140654      
120      280.42667299      
118      280.78076839      
116      281.13331646      
114      281.48767358      
112      281.84109425      
110      282.19232434      
108      282.54331565      
106      282.89588839      
104      283.24576115      
102      283.59388089      
100      283.94330275      
98       284.29074842      
96       284.63823265      
94       284.98446572      
92       285.33123642      
90       285.67666566      
88       286.02177107      
86       286.36740905      
84       286.71167934      
82       287.05464339      
80       287.39755362      
78       287.74029136      
76       288.08011645      
74       288.42147326      
72       288.76087272      
70       289.10356277      
68       289.44076413      
66       289.77947509      
64       290.11819237      
62       290.45448547      
60       290.78952938      
58       291.13005227      
56       291.46383667      
54       291.79747009      
52       292.13221061      
50       292.46455192      
48       292.79745000      
46       293.12877953      
44       293.46075588      
42       293.79044598      
40       294.11961567      
38       294.44832408      
36       294.77766061      
34       295.10667586      
32       295.43587345      
30       295.76155412      
28       296.08798271      
26       296.41485518      
24       296.74085098      
22       297.06474411      
20       297.38809836      
18       297.71181750      
16       298.03326255      
14       298.35389519      
12       298.67646080      
10       298.99814796      
8        299.31769168      
6        299.63710475      
4        299.95500153      
2        300.27352607      
0        300.59203744      
-2       300.90841591      
-4       301.22311133      
-6       301.53895318      
-8       301.85494399      
-10      302.16913068      
-12      302.48322046      
-14      302.79492932      
-16      303.10806536      
-18      303.41959852      
-20      303.72983211      
-22      304.04187017      
-24      304.35120964      
-26      304.65886968      
-28      304.96930998      
-30      305.27547860      
-32      305.58228165      
-34      305.88854831      
-36      306.19255721      
-38      306.50037098      
-40      306.80423474      
-42      307.10899031      
-44      307.41107309      
-46      307.71449530      
-48      308.01676512      
-50      308.31689971      
-52      308.61902565      
-54      308.91805833      
-56      309.21670502      
-58      309.51479971      
-60      309.81188178      
-62      310.10875171      
-64      310.40387624      
-66      310.69981384      
-68      310.99464464      
-70      311.29058480      
-72      311.58471548      
-74      311.87604403      
-76      312.16784155      
-78      312.45958662      
-80      312.74992591      
-82      313.04156858      
-84      313.33024221      
-86      313.62040239      
-88      313.90726101      
-90      314.19525993      
-92      314.48300880      
-94      314.76920569      
-96      315.05397731      
-98      315.33982062      
-100     315.62218523      
-102     315.90567314      
-104     316.18680084      
-106     316.46870714      
-108     316.74994165      
-110     317.02991462      
-112     317.31006980      
-114     317.58861911      
-116     317.86629563      
-118     318.14343321      
-120     318.41916501      
-122     318.69420445      
-124     318.96949488      
-126     319.24292362      
-128     319.51722485      
-130     319.79003155      
-132     320.05934363      
-134     320.33224565      
-136     320.60181296      
-138     320.87067646      
-140     321.13995379      
-142     321.40637535      
-144     321.67376035      
-146     321.93995869      
-148     322.20437872      
-150     322.46867871      
-152     322.73262149      
-154     322.99693626      
-156     323.25942266      
-158     323.52000856      
-160     323.78131199      
-162     324.04188138      
-164     324.30048090      
-166     324.55723369      
-168     324.81533032      
-170     325.07226270      
-172     325.32669872      
-174     325.58207071      
-176     325.83559799      
-178     326.08755374      
-180     326.34013337      
-182     326.59200203      
-184     326.84371996      
-186     327.09186959      
-188     327.34031403      
-190     327.58867806      
-192     327.83469885      
-194     328.08145559      
-196     328.32690352      
-198     328.57209450      
-200     328.81434941      
-202     329.05664378      
-204     329.30032277      
-206     329.54081046      
-208     329.78090113      
-210     330.01975739      
-212     330.25735235      
-214     330.49420672      
-216     330.73076594      
-218     330.96597874      
-220     331.19913041      
-222     331.43304133      
-224     331.66597682      
-226     331.89698422      
-228     332.12625122      
-230     332.35713386      
-232     332.58499825      
-234     332.81316411      
-236     333.03932512      
-238     333.26550221      
-240     333.48998093      
-242     333.71254861      
-244     333.93451565      
-246     334.15600186      
-248     334.37602156      
-250     334.59523397      
-252     334.81288677      
-254     335.02959168      
-256     335.24596506      
-258     335.46330148      
-260     335.67669081      
-262     335.88893282      
-264     336.10020447      
-266     336.31035423      
-268     336.51942283      
-270     336.72922653      
-272     336.93878060      
-274     337.14473373      
-276     337.34902853      
-278     337.55352872      
-280     337.75588471      
-282     337.95942622      
-284     338.15908658      
-286     338.35832012      
-288     338.55749422      
-290     338.75397759      
-292     338.94976276      
-294     339.14474958      
-296     339.33844536      
-298     339.53047460      
-300     339.72103476      
-302     339.91205519      
-304     340.10036969      
-306     340.28769183      
-308     340.47592759      
-310     340.66105276      
-312     340.84462791      
-314     341.02722692      
-316     341.20916647      
-318     341.38971561      
-320     341.56805146      
-322     341.74425077      
-324     341.92011165      
-326     342.09449935      
-328     342.26727778      
-330     342.43947023      
-332     342.60970437      
-334     342.77880001      
-336     342.94744360      
-338     343.11481142      
-340     343.27896529      
-342     343.44217741      
-344     343.60590988      
-346     343.76698845      
-348     343.92569834      
-350     344.08206206      
-352     344.23902124      
-354     344.39384579      
-356     344.54852563      
-358     344.70161313      
-360     344.85272538      
-362     345.00169653      
-364     345.14912754      
-366     345.29489058      
-368     345.43870675      
-370     345.58314258      
-372     345.72500789      
-374     345.86555046      
-376     346.00356406      
-378     346.14092886      
-380     346.27658075      
-382     346.41150754      
-384     346.54361248      
-386     346.67475903      
-388     346.80418724      
-390     346.93128490      
-392     347.05776202      
-394     347.18099904      
-396     347.30413961      
-398     347.42432082      
-400     347.54245680      
-402     347.66156727      
-404     347.77645880      
-406     347.88985556      
-408     348.00202125      
-410     348.11313104      
-412     348.22112936      
-414     348.32824528      
-416     348.43473905      
-418     348.53752506      
-420     348.63823509      
-422     348.73761338      
-424     348.83619141      
-426     348.93261182      
-428     349.02576530      
-430     349.11633050      
-432     349.20759165      
-434     349.29547155      
-436     349.38015497      
-438     349.46393055      
-440     349.54561990      
-442     349.62602711      
-444     349.70372861      
-446     349.77811891      
-448     349.85249901      
-450     349.92373752      
-452     349.99323743      
-454     350.06025481      
-456     350.12519640      
-458     350.18919951      
-460     350.24948513      
-462     350.30774236      
-464     350.36515891      
-466     350.41954869      
-468     350.47163653      
-470     350.52246457      
-472     350.56956899      
-474     350.61517322      
-476     350.65933919      
-478     350.69951886      
-480     350.73747158      
-482     350.77495533      
-484     350.80910557      
-486     350.84057575      
-488     350.86879188      
-490     350.89566052      
-492     350.92057073      
-494     350.94195437      
-496     350.96152341      
-498     350.97769534      
-500     350.99217325      
-502     351.00427407      
-504     351.01310235      
-506     351.02014041      
-508     351.02502376      
-510     351.02689773      
-512     351.02501714      
-514     351.02051139      
-516     351.01242494      
-518     351.00191611      
-520     350.99030757      
-522     350.97695356      
-524     350.95834845      
-526     350.93605059      
-528     350.91280067      
-530     350.88614499      
-532     350.85692555      
-534     350.82537162      
-536     350.79062384      
-538     350.75197106      
-540     350.71072340      
-542     350.66674083      
-544     350.62115907      
-546     350.57113480      
-548     350.51807302      
-550     350.46295202      
-552     350.40540552      
-554     350.34317893      
-556     350.27720481      
-558     350.20904469      
-560     350.13671762      
-562     350.06156373      
-564     349.98334706      
-566     349.90163117      
-568     349.81846052      
-570     349.72977477      
-572     349.63776749      
-574     349.54395103      
-576     349.44493925      
-578     349.34212911      
-580     349.23611975      
-582     349.12918746      
-584     349.01614213      
-586     348.89883321      
-588     348.78198093      
-590     348.65818840      
-592     348.53155953      
-594     348.40279847      
-596     348.26911819      
-598     348.13208765      
-600     347.99026620      
-602     347.84357929      
-604     347.69499051      
-606     347.54369741      
-608     347.38704294      
-610     347.22878593      
-612     347.06659233      
-614     346.89809352      
-616     346.72608399      
-618     346.55133158      
-620     346.37154841      
-622     346.18748051      
-624     346.00136298      
-626     345.80863881      
-628     345.61258060      
-630     345.41441858      
-632     345.21098763      
-634     345.00306922      
-636     344.79018807      
-638     344.57368851      
-640     344.35363859      
-642     344.12826133      
-644     343.89802944      
-646     343.66427499      
-648     343.42660469      
-650     343.18441129      
-652     342.93730837      
-654     342.68669772      
-656     342.43179935      
-658     342.17135858      
-660     341.90558076      
-662     341.63556301      
-664     341.36354500      
-666     341.08461523      
-668     340.80012339      
-670     340.51231539      
-672     340.21958434      
-674     339.92184311      
-676     339.61841905      
-678     339.31194901      
-680     339.00110024      
-682     338.68444598      
-684     338.36404401      
-686     338.03856188      
-688     337.70678633      
-690     337.36946320      
-692     337.02748936      
-694     336.68214774      
-696     336.33017421      
-698     335.97527146      
-700     335.61447638      
-702     335.24832696      
-704     334.87850666      
-706     334.50410908      
-708     334.12459409      
-710     333.73815054      
-712     333.34529990      
-714     332.94721120      
-716     332.54373425      
-718     332.13629091      
-720     331.72281462      
-722     331.30426633      
-724     330.88051063      
-726     330.44796949      
-728     330.01399559      
-730     329.57532882      
-732     329.13039678      
-734     328.68176096      
-736     328.22369498      
-738     327.75962519      
-740     327.29173511      
-742     326.81510031      
-744     326.33499932      
-746     325.85081345      
-748     325.35985219      
-750     324.86217236      
-752     324.35911590      
-754     323.84944063      
-756     323.33535176      
-758     322.81576633      
-760     322.29129809      
-762     321.75847232      
-764     321.21882731      
-766     320.67670476      
-768     320.12747425      
-770     319.57142901      
-772     319.00919366      
-774     318.44155252      
-776     317.86605632      
-778     317.28549236      
-780     316.69934618      
-782     316.10657948      
-784     315.50737506      
-786     314.90198409      
-788     314.29112124      
-790     313.67399847      
-792     313.04952264      
-794     312.41597056      
-796     311.77940374      
-798     311.13787705      
-800     310.48897600      
-802     309.83108246      
-804     309.16789031      
-806     308.49967730      
-808     307.82129776      
-810     307.14020210      
-812     306.44870484      
-814     305.75298333      
-816     305.04911893      
-818     304.33712816      
-820     303.61919457      
-822     302.89727491      
-824     302.16680991      
-826     301.43202936      
-828     300.68897158      
-830     299.93631977      
-832     299.17781746      
-834     298.41407943      
-836     297.63861954      
-838     296.85978055      
-840     296.07455659      
-842     295.28218978      
-844     294.48620671      
-846     293.68092197      
-848     292.86542904      
-850     292.04408955      
-852     291.21527356      
-854     290.37971884      
-856     289.53681212      
-858     288.68384987      
-860     287.82417548      
-862     286.95842564      
-864     286.08184016      
-866     285.19964683      
-868     284.31092077      
-870     283.41514367      
-872     282.51398945      
-874     281.60007489      
-876     280.68134361      
-878     279.75418645      
-880     278.81974935      
-882     277.87320328      
-884     276.92200744      
-886     275.96544063      
-888     274.99724656      
-890     274.02042794      
-892     273.03660053      
-894     272.04493373      
-896     271.04182452      
-898     270.03472847      
-900     269.01725018      
-902     267.99533623      
-904     266.96267450      
-906     265.91938424      
-908     264.86811286      
-910     263.81088292      
-912     262.74079823      
-914     261.66272348      
-916     260.57881582      
-918     259.48483068      
-920     258.38251078      
-922     257.26872849      
-924     256.14742070      
-926     255.02004576      
-928     253.88091588      
-930     252.73499751      
-932     251.57561278      
-934     250.40942406      
-936     249.23408675      
-938     248.05097544      
-940     246.85473722      
-942     245.64891392      
-944     244.43639457      
-946     243.21247464      
-948     241.97982031      
-950     240.73129511      
-952     239.47614771      
-954     238.21335077      
-956     236.93900788      
-958     235.65264213      
-960     234.36118954      
-962     233.05582386      
-964     231.74157989      
-966     230.41546130      
-968     229.07807010      
-970     227.73087919      
-972     226.37427169      
-974     225.00790262      
-976     223.62819803      
-978     222.23314369      
-980     220.82980472      
-982     219.41798895      
-984     217.98976081      
-986     216.55414104      
-988     215.10400086      
-990     213.64147878      
-992     212.16676205      
-994     210.68367189      
-996     209.18775868      
-998     207.67635149      
-1000    206.15510940      
-1002    204.62019610      
-1004    203.07561612      
-1006    201.51527744      
-1008    199.94108218      
-1010    198.35611385      
-1012    196.75378924      
-1014    195.13558960      
-1016    193.50430405      
-1018    191.85895794      
-1020    190.19460529      
-1022    188.51960617      
-1024    186.83938736      
-1026    185.13086408      
-1028    183.41291755      
-1030    181.67736476      
-1032    179.92933857      
-1034    178.17057848      
-1036    176.39141059      
-1038    174.59240073      
-1040    172.77984249      
-1042    170.94954878      
-1044    169.10437310      
-1046    167.24096334      
-1048    165.35397833      
-1050    163.45670199      
-1052    161.53972196      
-1054    159.60850817      
-1056    157.65112060      
-1058    155.67539078      
-1060    153.68255549      
-1062    151.67066848      
-1064    149.63441038      
-1066    147.57905531      
-1068    145.49922120      
-1070    143.40311867      
-1072    141.28451186      
-1074    139.14098060      
-1076    136.97685617      
-1078    134.78796208      
-1080    132.56972509      
-1082    130.33197796      
-1084    128.07153570      
-1086    125.78128063      
-1088    123.47077817      
-1090    121.12877297      
-1092    118.75704980      
-1094    116.35382533      
-1096    113.92356908      
-1098    111.46773398      
-1100    108.98244059      
-1102    106.46391213      
-1104    103.91039967      
-1106    101.31591105      
-1108    98.69349122       
-1110    96.02725583       
-1112    93.32552367       
-1114    90.58776563       
-1116    87.80124169       
-1118    84.97748118       
-1120    82.10059553       
-1122    79.18016141       
-1124    76.19883209       
-1126    73.17315763       
-1128    70.08479905       
-1130    66.95140010       
-1132    63.75542927       
-1134    60.48934418       
-1136    57.15183800       
-1138    53.73021895       
-1140    50.22901976       
-1142    46.63861245       
-1144    42.96576172       
-1146    39.17978147       
-1148    35.28237145       
-1150    31.25943572       
-1152    27.08662870       
-1154    22.70898670       
-1156    18.11912916       
-1158    13.24582367       
-1160    7.94959014        
-1162    1.94706660        
