764      0.69314718        
758      5.54270601        
754      4.83598542        
752      9.71345036        
750      4.90128189        
748      9.68106134        
746      13.47092050       
744      9.96863234        
742      13.84259066       
740      16.94846418       
738      14.26771965       
736      17.60536772       
734      20.21833215       
732      18.16690320       
730      21.06141676       
728      23.30458803       
726      21.77106252       
724      24.30459630       
722      26.26416391       
720      25.11797088       
718      27.39165866       
716      29.08928633       
714      28.28413591       
712      30.32443203       
710      31.80068113       
708      31.30104211       
706      33.12116974       
704      34.43233858       
702      34.17805746       
700      35.82926450       
698      36.98764549       
696      36.94468784       
694      38.45027372       
692      39.46721105       
690      39.61103390       
688      40.96924856       
686      41.89007821       
684      42.17031200       
682      43.41160701       
680      44.26637554       
678      44.64995897       
676      45.79174262       
674      46.59531389       
672      47.06690772       
670      48.11376780       
668      48.87233251       
666      49.41081291       
664      50.38579204       
662      51.11354182       
660      51.69790484       
658      52.60419673       
656      53.30157780       
654      53.92959361       
652      54.77881692       
650      55.46201107       
648      56.09852251       
646      56.90066093       
644      57.58169706       
642      58.22311811       
640      58.98650089       
638      59.65129547       
636      60.31038824       
634      61.03454508       
632      61.69025093       
630      62.34424311       
628      63.04339650       
626      63.69246210       
624      64.34278966       
622      65.02904561       
620      65.66971062       
618      66.31198039       
616      66.97381145       
614      67.60508589       
612      68.24525980       
610      68.88837808       
608      69.51499817       
606      70.14606607       
604      70.77360542       
602      71.39830746       
600      72.01505065       
598      72.62926781       
596      73.24365066       
594      73.84836747       
592      74.46222365       
590      75.06471917       
588      75.66239370       
586      76.25968312       
584      76.84917293       
582      77.44316622       
580      78.03983238       
578      78.60838611       
576      79.19828544       
574      79.78258383       
572      80.34904098       
570      80.93219359       
568      81.49960813       
566      82.06837609       
564      82.63690157       
562      83.19873009       
560      83.76015498       
558      84.31284307       
556      84.87157412       
554      85.42284347       
552      85.97472846       
550      86.52530475       
548      87.07342483       
546      87.61624133       
544      88.15578745       
542      88.69502190       
540      89.23283468       
538      89.76730482       
536      90.29660657       
534      90.82826289       
532      91.35467292       
530      91.87891958       
528      92.40066971       
526      92.92151430       
524      93.44226423       
522      93.95508617       
520      94.47032806       
518      94.98605265       
516      95.49782167       
514      96.00697592       
512      96.51098047       
510      97.01086463       
508      97.51710491       
506      98.01443212       
504      98.51523350       
502      99.00895800       
500      99.50149756       
498      99.99630779       
496      100.48681338      
494      100.97370322      
492      101.46074568      
490      101.94557044      
488      102.42701419      
486      102.90954591      
484      103.39295052      
482      103.87024142      
480      104.33766556      
478      104.81550307      
476      105.29348810      
474      105.75929904      
472      106.22969733      
470      106.70029737      
468      107.16351242      
466      107.63025890      
464      108.08998300      
462      108.55398683      
460      109.01279932      
458      109.46862736      
456      109.93080698      
454      110.37950699      
452      110.83321048      
450      111.28479846      
448      111.73444736      
446      112.18457021      
444      112.62673564      
442      113.07595077      
440      113.52179707      
438      113.96319797      
436      114.40212668      
434      114.83964884      
432      115.27906605      
430      115.71226162      
428      116.14656275      
426      116.57676983      
424      117.00735491      
422      117.43903200      
420      117.86452646      
418      118.29480582      
416      118.71536918      
414      119.13967924      
412      119.56083943      
410      119.98084715      
408      120.39698250      
406      120.81584891      
404      121.23540439      
402      121.64917408      
400      122.06743525      
398      122.47594239      
396      122.89128759      
394      123.29892494      
392      123.70700289      
390      124.11287935      
388      124.51739153      
386      124.92455314      
384      125.33021630      
382      125.72847849      
380      126.12982760      
378      126.52725176      
376      126.92986426      
374      127.32439951      
372      127.72133843      
370      128.11640319      
368      128.50211300      
366      128.89591318      
364      129.28580046      
362      129.67333379      
360      130.06034645      
358      130.44487668      
356      130.83074102      
354      131.21146542      
352      131.59405467      
350      131.97521010      
348      132.35433706      
346      132.73154743      
344      133.10984856      
342      133.48789808      
340      133.86488487      
338      134.23585306      
336      134.60931311      
334      134.98035107      
332      135.34768721      
330      135.72050337      
328      136.08866063      
326      136.45286435      
324      136.82097208      
322      137.18161318      
320      137.54364894      
318      137.90600739      
316      138.26596282      
314      138.62772646      
312      138.98467682      
310      139.34060289      
308      139.69284509      
306      140.04808396      
304      140.40011228      
302      140.75307683      
300      141.10307303      
298      141.44854682      
296      141.79930574      
294      142.14554521      
292      142.48916285      
290      142.83366535      
288      143.17622538      
286      143.51689012      
284      143.85805115      
282      144.19607232      
280      144.53345793      
278      144.87074832      
276      145.20324543      
274      145.53500858      
272      145.86880693      
270      146.20127402      
268      146.52878386      
266      146.85956451      
264      147.18677819      
262      147.51224716      
260      147.83867067      
258      148.16057761      
256      148.48859691      
254      148.80920993      
252      149.12947349      
250      149.44780437      
248      149.76562103      
246      150.08271010      
244      150.39814997      
242      150.71464966      
240      151.02622680      
238      151.33539498      
236      151.64838061      
234      151.95455824      
232      152.25970900      
230      152.56380111      
228      152.87036463      
226      153.17427976      
224      153.47664708      
222      153.77761069      
220      154.07463842      
218      154.37272720      
216      154.66896027      
214      154.96377301      
212      155.25594112      
210      155.54845793      
208      155.83990465      
206      156.12735455      
204      156.41561650      
202      156.70485522      
200      156.98870608      
198      157.27271035      
196      157.55502128      
194      157.83397393      
192      158.11747104      
190      158.39548959      
188      158.67145847      
186      158.94497616      
184      159.21690059      
182      159.48985319      
180      159.75865951      
178      160.02345171      
176      160.29388605      
174      160.55692713      
172      160.81724040      
170      161.08005328      
168      161.33791984      
166      161.59534128      
164      161.85261132      
162      162.10895307      
160      162.35946911      
158      162.61351530      
156      162.86123001      
154      163.10826413      
152      163.35448158      
150      163.59907916      
148      163.83825338      
146      164.08006055      
144      164.31924350      
142      164.55526957      
140      164.78905113      
138      165.02222992      
136      165.25093047      
134      165.48147082      
132      165.70847131      
130      165.93096532      
128      166.15353973      
126      166.37666303      
124      166.59276955      
122      166.80924377      
120      167.02670254      
118      167.23661876      
116      167.44423923      
114      167.65361336      
112      167.85747184      
110      168.06006910      
108      168.26148003      
106      168.45932008      
104      168.65222280      
102      168.84636228      
100      169.03705559      
98       169.22587684      
96       169.41436395      
94       169.59778875      
92       169.77952550      
90       169.95878157      
88       170.13497732      
86       170.30903131      
84       170.47984311      
82       170.64421221      
80       170.80797827      
78       170.97096892      
76       171.13208295      
74       171.28603397      
72       171.43788418      
70       171.58890883      
68       171.73585203      
66       171.88034858      
64       172.01995802      
62       172.15628907      
60       172.29008980      
58       172.42190024      
56       172.55444388      
54       172.67942913      
52       172.79950361      
50       172.91832214      
48       173.03068770      
46       173.14047295      
44       173.24781348      
42       173.34945047      
40       173.44865724      
38       173.54546042      
36       173.63843220      
34       173.72555493      
32       173.80979132      
30       173.89220691      
28       173.96694195      
26       174.03717655      
24       174.10515153      
22       174.16770665      
20       174.22508663      
18       174.27861443      
16       174.33064583      
14       174.37446978      
12       174.41513556      
10       174.44952693      
8        174.47881639      
6        174.50511639      
4        174.52481299      
2        174.54100790      
0        174.55108917      
-2       174.55502087      
-4       174.55409792      
-6       174.55091269      
-8       174.53915138      
-10      174.52245541      
-12      174.50114655      
-14      174.47356012      
-16      174.44237499      
-18      174.40079284      
-20      174.35493180      
-22      174.30196722      
-24      174.24162039      
-26      174.17749195      
-28      174.10833876      
-30      174.03194792      
-32      173.94643682      
-34      173.85332662      
-36      173.75515888      
-38      173.64916150      
-40      173.53754258      
-42      173.41850859      
-44      173.29053104      
-46      173.15882328      
-48      173.01891964      
-50      172.87196255      
-52      172.71415873      
-54      172.55007011      
-56      172.37821919      
-58      172.20005488      
-60      172.01187751      
-62      171.81776425      
-64      171.61345595      
-66      171.40067321      
-68      171.18061174      
-70      170.94953677      
-72      170.71105538      
-74      170.46066826      
-76      170.20286053      
-78      169.93783474      
-80      169.66150026      
-82      169.37900740      
-84      169.08280641      
-86      168.77496259      
-88      168.45981477      
-90      168.13733984      
-92      167.80338657      
-94      167.45914514      
-96      167.10576527      
-98      166.74344651      
-100     166.37004994      
-102     165.98432688      
-104     165.59070122      
-106     165.18665667      
-108     164.77086159      
-110     164.34386936      
-112     163.90427796      
-114     163.45686303      
-116     162.99620956      
-118     162.52513338      
-120     162.04277947      
-122     161.54567917      
-124     161.03733724      
-126     160.52308073      
-128     159.99538329      
-130     159.45358398      
-132     158.89560789      
-134     158.33256130      
-136     157.75547132      
-138     157.16367265      
-140     156.55993871      
-142     155.94481081      
-144     155.31615570      
-146     154.67628099      
-148     154.02463573      
-150     153.35943013      
-152     152.68045410      
-154     151.98846423      
-156     151.28527769      
-158     150.56627466      
-160     149.83209842      
-162     149.08448936      
-164     148.32442072      
-166     147.55152112      
-168     146.76303288      
-170     145.96152915      
-172     145.14237848      
-174     144.30634111      
-176     143.46299466      
-178     142.60176240      
-180     141.72412541      
-182     140.83183919      
-184     139.92125679      
-186     138.99894298      
-188     138.06475946      
-190     137.11215420      
-192     136.14305259      
-194     135.15173690      
-196     134.14792143      
-198     133.12702249      
-200     132.08832808      
-202     131.03337075      
-204     129.96740182      
-206     128.87756675      
-208     127.77628159      
-210     126.65432551      
-212     125.50710802      
-214     124.34637001      
-216     123.16841823      
-218     121.97291723      
-220     120.75847463      
-222     119.52664062      
-224     118.27486574      
-226     117.00611631      
-228     115.70637211      
-230     114.39050521      
-232     113.05809001      
-234     111.70415474      
-236     110.32008059      
-238     108.91545209      
-240     107.48987585      
-242     106.03704642      
-244     104.56293456      
-246     103.06053644      
-248     101.54135757      
-250     99.98781454       
-252     98.40691377       
-254     96.80333210       
-256     95.17760432       
-258     93.52048632       
-260     91.83499731       
-262     90.12025022       
-264     88.36504058       
-266     86.58674940       
-268     84.77563752       
-270     82.93108496       
-272     81.04620150       
-274     79.12239502       
-276     77.16674162       
-278     75.16931034       
-280     73.13393380       
-282     71.06203860       
-284     68.93777704       
-286     66.77795638       
-288     64.55796081       
-290     62.29362252       
-292     59.96246464       
-294     57.59430967       
-296     55.16279647       
-298     52.66775076       
-300     50.11917588       
-302     47.48810598       
-304     44.78879635       
-306     41.99410569       
-308     39.10617626       
-310     36.12911597       
-312     33.03254156       
-314     29.83265094       
-316     26.49639250       
-318     23.00885831       
-320     19.32840037       
-322     15.42254537       
-324     11.18872632       
-326     6.54315843        
-328     1.22957082        
