10.0660  -0.24020715  -0.22854639  
10.0610  -0.23974318  -0.24164896  
10.0560  -0.23177427  -0.23422259  
10.0510  -0.24569482  -0.24690917  
10.0460  -0.22533074  -0.24551820  
10.0410  -0.23426648  -0.24141531  
10.0360  -0.22955548  -0.23776793  
10.0310  -0.22879161  -0.23562857  
10.0260  -0.22923850  -0.22919767  
10.0210  -0.23427899  -0.25259291  
10.0160  -0.22668219  -0.23220064  
10.0110  -0.23378769  -0.23778942  
10.0060  -0.22338886  -0.23761224  
10.0010  -0.23662218  -0.23068361  
9.9960   -0.23335386  -0.23559895  
9.9910   -0.21811158  -0.22333091  
9.9860   -0.23371334  -0.25896587  
9.9810   -0.24569486  -0.24115655  
9.9760   -0.23130716  -0.22722199  
9.9710   -0.24008387  -0.22547559  
9.9660   -0.23563175  -0.24472949  
9.9610   -0.23445724  -0.23250205  
9.9560   -0.24363938  -0.22594274  
9.9510   -0.24417512  -0.23857089  
9.9460   -0.23448051  -0.25357889  
9.9410   -0.24022527  -0.23292341  
9.9360   -0.22341586  -0.24660283  
9.9310   -0.24204744  -0.23208939  
9.9260   -0.25427763  -0.23644730  
9.9210   -0.23569169  -0.25807863  
9.9160   -0.23629860  -0.24280949  
9.9110   -0.24312763  -0.24273193  
9.9060   -0.23695600  -0.24934660  
9.9010   -0.22013849  -0.23242996  
9.8960   -0.24655088  -0.23547038  
9.8910   -0.25598224  -0.24066346  
9.8860   -0.23715256  -0.24274468  
9.8810   -0.24690253  -0.25237403  
9.8760   -0.23314249  -0.24533296  
9.8710   -0.24248143  -0.24064090  
9.8660   -0.23657932  -0.22140539  
9.8610   -0.23986773  -0.23441939  
9.8560   -0.22797149  -0.23147338  
9.8510   -0.24857049  -0.25083710  
9.8460   -0.22026694  -0.23448874  
9.8410   -0.24796659  -0.22599854  
9.8360   -0.24463922  -0.23379067  
9.8310   -0.23463815  -0.23865279  
9.8260   -0.24117013  -0.24197659  
9.8210   -0.24718278  -0.24143949  
9.8160   -0.23540100  -0.25267695  
9.8110   -0.23608206  -0.24655437  
9.8060   -0.23992326  -0.25593899  
9.8010   -0.23812404  -0.24138187  
9.7960   -0.25448590  -0.24720843  
9.7910   -0.23490839  -0.24419665  
9.7860   -0.24168785  -0.23055615  
9.7810   -0.23803749  -0.22807273  
9.7760   -0.23543571  -0.23452440  
9.7710   -0.24848629  -0.22749913  
9.7660   -0.23989549  -0.22725865  
9.7610   -0.23966446  -0.24018281  
9.7560   -0.22880253  -0.23212931  
9.7510   -0.23752379  -0.24437530  
9.7460   -0.25224996  -0.22485716  
9.7410   -0.24403302  -0.24425527  
9.7360   -0.22489350  -0.23350467  
9.7310   -0.24352293  -0.25438010  
9.7260   -0.24417131  -0.24168431  
9.7210   -0.24112529  -0.23678331  
9.7160   -0.23966109  -0.24916096  
9.7110   -0.23283976  -0.23304280  
9.7060   -0.24206718  -0.23843176  
9.7010   -0.24755755  -0.25109340  
9.6960   -0.23833247  -0.23044244  
9.6910   -0.23609203  -0.22952371  
9.6860   -0.24875700  -0.23046977  
9.6810   -0.24170961  -0.24223785  
9.6760   -0.23248271  -0.24781126  
9.6710   -0.23599759  -0.25873845  
9.6660   -0.23185581  -0.23290990  
9.6610   -0.24478029  -0.23016295  
9.6560   -0.23713405  -0.23606522  
9.6510   -0.25916314  -0.24525372  
9.6460   -0.24659973  -0.24108180  
9.6410   -0.24803205  -0.24304001  
9.6360   -0.24298052  -0.23818111  
9.6310   -0.23022221  -0.23441947  
9.6260   -0.22865391  -0.24595187  
9.6210   -0.24202707  -0.23709215  
9.6160   -0.24408413  -0.25278951  
9.6110   -0.24393313  -0.25136315  
9.6060   -0.24975418  -0.23903828  
9.6010   -0.24913483  -0.25008355  
9.5960   -0.24005540  -0.23735809  
9.5910   -0.24839863  -0.24287185  
9.5860   -0.24345112  -0.24115937  
9.5810   -0.23727207  -0.24663154  
9.5760   -0.24776086  -0.24440930  
9.5710   -0.25875382  -0.26176044  
9.5660   -0.23980788  -0.24746199  
9.5610   -0.24133695  -0.25245025  
9.5560   -0.24683871  -0.24258617  
9.5510   -0.26094227  -0.24912959  
9.5460   -0.25078460  -0.25029846  
9.5410   -0.24866446  -0.23973234  
9.5360   -0.23210210  -0.24088330  
9.5310   -0.24271199  -0.24667595  
9.5260   -0.24711196  -0.25769794  
9.5210   -0.24071243  -0.24526742  
9.5160   -0.23335612  -0.24369697  
9.5110   -0.23969965  -0.24998334  
9.5060   -0.25690666  -0.24489456  
9.5010   -0.25297467  -0.25709988  
9.4960   -0.24722349  -0.25928932  
9.4910   -0.23680412  -0.24031979  
9.4860   -0.25012410  -0.24555716  
9.4810   -0.24821951  -0.23324512  
9.4760   -0.25640082  -0.24967526  
9.4710   -0.24721495  -0.25218399  
9.4660   -0.25994565  -0.23913364  
9.4610   -0.24886471  -0.25253278  
9.4560   -0.24293071  -0.25558376  
9.4510   -0.23624967  -0.25058740  
9.4460   -0.24283293  -0.23893736  
9.4410   -0.24274809  -0.24734558  
9.4360   -0.24005754  -0.23554477  
9.4310   -0.24732103  -0.24441120  
9.4260   -0.24018237  -0.25176767  
9.4210   -0.23512802  -0.23334346  
9.4160   -0.25111218  -0.25631313  
9.4110   -0.24740094  -0.24097488  
9.4060   -0.22890067  -0.25075497  
9.4010   -0.24722539  -0.23728013  
9.3960   -0.26184384  -0.24838521  
9.3910   -0.23527517  -0.25032324  
9.3860   -0.25288352  -0.24503115  
9.3810   -0.26003044  -0.26460938  
9.3760   -0.24159074  -0.25038353  
9.3710   -0.24431004  -0.25408520  
9.3660   -0.23732481  -0.24708932  
9.3610   -0.24494524  -0.23300566  
9.3560   -0.24450748  -0.24683910  
9.3510   -0.25782805  -0.25443936  
9.3460   -0.24553202  -0.25497331  
9.3410   -0.24704968  -0.25262508  
9.3360   -0.25642175  -0.24411845  
9.3310   -0.25319260  -0.25357893  
9.3260   -0.25743664  -0.25846837  
9.3210   -0.23592868  -0.24025819  
9.3160   -0.23919620  -0.25455831  
9.3110   -0.26244071  -0.25682194  
9.3060   -0.25080850  -0.24781400  
9.3010   -0.24580575  -0.26106777  
9.2960   -0.24810898  -0.25364819  
9.2910   -0.25213652  -0.24829124  
9.2860   -0.24488054  -0.24064229  
9.2810   -0.24811791  -0.23998541  
9.2760   -0.26085819  -0.27489466  
9.2710   -0.24918638  -0.24729851  
9.2660   -0.24506391  -0.25047580  
9.2610   -0.26495794  -0.25287621  
9.2560   -0.26576789  -0.25925457  
9.2510   -0.25418640  -0.24192857  
9.2460   -0.26258472  -0.25012664  
9.2410   -0.26204565  -0.25398682  
9.2360   -0.24765299  -0.25811557  
9.2310   -0.23924354  -0.26463869  
9.2260   -0.24410812  -0.25383490  
9.2210   -0.25869508  -0.26115249  
9.2160   -0.24586449  -0.24220186  
9.2110   -0.25898481  -0.24778834  
9.2060   -0.23826015  -0.24452050  
9.2010   -0.25635002  -0.25316801  
9.1960   -0.24607153  -0.25424339  
9.1910   -0.25529331  -0.24881999  
9.1860   -0.24546533  -0.26670525  
9.1810   -0.24691187  -0.26319919  
9.1760   -0.25765866  -0.26287704  
9.1710   -0.24336236  -0.24680340  
9.1660   -0.24263041  -0.25537878  
9.1610   -0.25783044  -0.24733239  
9.1560   -0.24349036  -0.24434777  
9.1510   -0.25566268  -0.24550672  
9.1460   -0.23808182  -0.23853304  
9.1410   -0.25028325  -0.26380535  
9.1360   -0.25460474  -0.26121453  
9.1310   -0.26565402  -0.24912438  
9.1260   -0.27524993  -0.24128623  
9.1210   -0.27749243  -0.25428525  
9.1160   -0.24931785  -0.25834370  
9.1110   -0.25491425  -0.24313073  
9.1060   -0.25302146  -0.24511189  
9.1010   -0.26312468  -0.25253318  
9.0960   -0.26109863  -0.24200574  
9.0910   -0.25742421  -0.26897281  
9.0860   -0.25751286  -0.25658813  
9.0810   -0.24864238  -0.25636730  
9.0760   -0.24731114  -0.25142813  
9.0710   -0.24469276  -0.25701322  
9.0660   -0.25772042  -0.25274777  
9.0610   -0.24773004  -0.24212414  
9.0560   -0.23722218  -0.23654707  
9.0510   -0.26361693  -0.26540380  
9.0460   -0.26453892  -0.25287995  
9.0410   -0.25625117  -0.26575152  
9.0360   -0.24925275  -0.25810941  
9.0310   -0.25120687  -0.25160177  
9.0260   -0.26145839  -0.24765001  
9.0210   -0.25124865  -0.25339873  
9.0160   -0.25531389  -0.26214557  
9.0110   -0.24800230  -0.26246545  
9.0060   -0.26057461  -0.25244902  
9.0010   -0.25711994  -0.24607133  
8.9960   -0.25598371  -0.25761600  
8.9910   -0.26432953  -0.25967279  
8.9860   -0.26395127  -0.26087082  
8.9810   -0.25419359  -0.25369589  
8.9760   -0.27240365  -0.25636198  
8.9710   -0.25167021  -0.25483688  
8.9660   -0.25529816  -0.26024920  
8.9610   -0.24669275  -0.25537179  
8.9560   -0.25633406  -0.24752339  
8.9510   -0.27434955  -0.28156577  
8.9460   -0.25703518  -0.24963435  
8.9410   -0.26838170  -0.25059534  
8.9360   -0.25941471  -0.25828258  
8.9310   -0.24723004  -0.25535980  
8.9260   -0.26302260  -0.26043639  
8.9210   -0.25555966  -0.25756064  
8.9160   -0.25382454  -0.26125059  
8.9110   -0.27040831  -0.25675899  
8.9060   -0.25397749  -0.26815043  
8.9010   -0.26718535  -0.27658887  
8.8960   -0.26004220  -0.25044744  
8.8910   -0.25263195  -0.26405783  
8.8860   -0.25335762  -0.24929894  
8.8810   -0.26505358  -0.26457876  
8.8760   -0.26535316  -0.25807819  
8.8710   -0.25803450  -0.26550778  
8.8660   -0.26283498  -0.26196514  
8.8610   -0.26135413  -0.25929512  
8.8560   -0.25991002  -0.24636151  
8.8510   -0.25416797  -0.26031736  
8.8460   -0.25795793  -0.26391660  
8.8410   -0.25865103  -0.25793799  
8.8360   -0.25602013  -0.25921755  
8.8310   -0.26633250  -0.26489808  
8.8260   -0.26002325  -0.26243491  
8.8210   -0.25225683  -0.24976073  
8.8160   -0.25609778  -0.25168057  
8.8110   -0.25039378  -0.24924012  
8.8060   -0.26068883  -0.25185044  
8.8010   -0.24996035  -0.25391871  
8.7960   -0.27411589  -0.26820564  
8.7910   -0.26813415  -0.26212770  
8.7860   -0.26297308  -0.26155971  
8.7810   -0.26920508  -0.26110431  
8.7760   -0.25599821  -0.26903997  
8.7710   -0.25191740  -0.26965491  
8.7660   -0.26426900  -0.26711759  
8.7610   -0.25150590  -0.26760476  
8.7560   -0.26249866  -0.26700710  
8.7510   -0.25986450  -0.26334094  
8.7460   -0.26867450  -0.26343777  
8.7410   -0.25360037  -0.25380960  
8.7360   -0.24706045  -0.26243495  
8.7310   -0.25210356  -0.25105618  
8.7260   -0.26226234  -0.26002858  
8.7210   -0.25641869  -0.26127529  
8.7160   -0.25628922  -0.26623222  
8.7110   -0.26376563  -0.27248483  
8.7060   -0.25372401  -0.26588068  
8.7010   -0.26549388  -0.27585323  
8.6960   -0.27480776  -0.25441235  
8.6910   -0.27369684  -0.25668710  
8.6860   -0.26344480  -0.25210975  
8.6810   -0.27144583  -0.26220765  
8.6760   -0.25495159  -0.27847670  
8.6710   -0.26656993  -0.26850896  
8.6660   -0.28338168  -0.26174185  
8.6610   -0.26491623  -0.27497437  
8.6560   -0.27712386  -0.27104024  
8.6510   -0.27133693  -0.25697187  
8.6460   -0.26267290  -0.27415227  
8.6410   -0.25952151  -0.25779787  
8.6360   -0.27346886  -0.25203282  
8.6310   -0.26130381  -0.26648792  
8.6260   -0.26262281  -0.26122934  
8.6210   -0.27489554  -0.26518250  
8.6160   -0.27452037  -0.26583259  
8.6110   -0.27487115  -0.25311952  
8.6060   -0.26311642  -0.28223524  
8.6010   -0.26157373  -0.26955796  
8.5960   -0.25352110  -0.27509777  
8.5910   -0.26353682  -0.25133877  
8.5860   -0.25586679  -0.26003894  
8.5810   -0.25113967  -0.25842528  
8.5760   -0.26440154  -0.27127330  
8.5710   -0.26480518  -0.28372018  
8.5660   -0.26716728  -0.27462729  
8.5610   -0.26325519  -0.26488875  
8.5560   -0.25176831  -0.26253428  
8.5510   -0.25551176  -0.26592123  
8.5460   -0.27176452  -0.27394757  
8.5410   -0.25768483  -0.25491310  
8.5360   -0.27203063  -0.26101245  
8.5310   -0.26188054  -0.26401684  
8.5260   -0.26603625  -0.26558626  
8.5210   -0.26563329  -0.26638803  
8.5160   -0.25377719  -0.27572924  
8.5110   -0.27486368  -0.25946797  
8.5060   -0.26822367  -0.27210931  
8.5010   -0.25968884  -0.25955245  
8.4960   -0.26569814  -0.26953532  
8.4910   -0.26640511  -0.25409294  
8.4860   -0.28175908  -0.26053942  
8.4810   -0.27954473  -0.26586603  
8.4760   -0.27892487  -0.27319712  
8.4710   -0.25727654  -0.26845224  
8.4660   -0.26080056  -0.26743477  
8.4610   -0.26302562  -0.26924757  
8.4560   -0.25252122  -0.28267511  
8.4510   -0.25945522  -0.26571685  
8.4460   -0.25879727  -0.27506167  
8.4410   -0.28507577  -0.28332786  
8.4360   -0.27497684  -0.24666006  
8.4310   -0.28715789  -0.27224208  
8.4260   -0.26317965  -0.25385857  
8.4210   -0.27355572  -0.26675001  
8.4160   -0.28299841  -0.26120063  
8.4110   -0.26879079  -0.26938488  
8.4060   -0.27288307  -0.28085476  
8.4010   -0.26477869  -0.28036699  
8.3960   -0.27042229  -0.26153338  
8.3910   -0.28239642  -0.27553748  
8.3860   -0.28789715  -0.26974495  
8.3810   -0.26567296  -0.27870853  
8.3760   -0.28570409  -0.26521630  
8.3710   -0.27507037  -0.26667800  
8.3660   -0.28292362  -0.26691893  
8.3610   -0.28441960  -0.29205560  
8.3560   -0.26619909  -0.26339495  
8.3510   -0.28415806  -0.26537691  
8.3460   -0.27319481  -0.27908032  
8.3410   -0.27665850  -0.27604495  
8.3360   -0.28291226  -0.27598899  
8.3310   -0.27652346  -0.27332906  
8.3260   -0.28147955  -0.27265379  
8.3210   -0.26901404  -0.27827665  
8.3160   -0.26464326  -0.27829595  
8.3110   -0.26932768  -0.28252979  
8.3060   -0.26077923  -0.29481689  
8.3010   -0.27292998  -0.27701293  
8.2960   -0.27811119  -0.28052733  
8.2910   -0.26628754  -0.27261471  
8.2860   -0.28800462  -0.27818506  
8.2810   -0.27606294  -0.27027966  
8.2760   -0.27051499  -0.27994734  
8.2710   -0.26847345  -0.27580744  
8.2660   -0.28299626  -0.28504101  
8.2610   -0.26899418  -0.27853366  
8.2560   -0.27924531  -0.27946319  
8.2510   -0.26677880  -0.27367348  
8.2460   -0.28369270  -0.27162607  
8.2410   -0.27399737  -0.28091747  
8.2360   -0.28172929  -0.27239702  
8.2310   -0.27735616  -0.26048631  
8.2260   -0.27526312  -0.28843166  
8.2210   -0.28680695  -0.27597659  
8.2160   -0.27540328  -0.28230431  
8.2110   -0.26491560  -0.28861849  
8.2060   -0.29252795  -0.28001943  
8.2010   -0.27762668  -0.27379005  
8.1960   -0.26764650  -0.26704936  
8.1910   -0.28125840  -0.27854283  
8.1860   -0.27674452  -0.29384128  
8.1810   -0.27921619  -0.28634913  
8.1760   -0.27369926  -0.29011320  
8.1710   -0.29076833  -0.28054620  
8.1660   -0.26641555  -0.29061141  
8.1610   -0.28095560  -0.27776728  
8.1560   -0.28939491  -0.26453126  
8.1510   -0.29213698  -0.28108492  
8.1460   -0.26893274  -0.26380718  
8.1410   -0.26633969  -0.28175634  
8.1360   -0.28310727  -0.26355116  
8.1310   -0.29249642  -0.27110605  
8.1260   -0.27775151  -0.28039051  
8.1210   -0.29559454  -0.28941592  
8.1160   -0.27474239  -0.28318456  
8.1110   -0.27440535  -0.27622534  
8.1060   -0.28696439  -0.29437487  
8.1010   -0.28716810  -0.27702286  
8.0960   -0.27995640  -0.29077115  
8.0910   -0.27101665  -0.26728472  
8.0860   -0.28209369  -0.27819408  
8.0810   -0.27921719  -0.28047248  
8.0760   -0.28636748  -0.27345472  
8.0710   -0.28408093  -0.27825305  
8.0660   -0.29026778  -0.28478536  
8.0610   -0.27506294  -0.27200580  
8.0560   -0.28103138  -0.28830452  
8.0510   -0.28518789  -0.26623194  
8.0460   -0.28738309  -0.28208499  
8.0410   -0.28179196  -0.27340706  
8.0360   -0.27164120  -0.27723122  
8.0310   -0.27606624  -0.28278187  
8.0260   -0.26995235  -0.27628230  
8.0210   -0.27349209  -0.28406759  
8.0160   -0.29162924  -0.27542747  
8.0110   -0.28299733  -0.29774173  
8.0060   -0.28611405  -0.27679091  
8.0010   -0.28094706  -0.28955311  
7.9960   -0.27817001  -0.28145552  
7.9910   -0.27954994  -0.27682821  
7.9860   -0.28817294  -0.28468729  
7.9810   -0.27678762  -0.28024367  
7.9760   -0.28645939  -0.28901065  
7.9710   -0.29350773  -0.28258829  
7.9660   -0.28382325  -0.27596575  
7.9610   -0.28408487  -0.27307276  
7.9560   -0.27601087  -0.29059052  
7.9510   -0.28469170  -0.29201239  
7.9460   -0.28862015  -0.28239503  
7.9410   -0.30003519  -0.26993960  
7.9360   -0.28296191  -0.28227250  
7.9310   -0.28376232  -0.27563173  
7.9260   -0.28413288  -0.29990392  
7.9210   -0.27560929  -0.29391360  
7.9160   -0.29178822  -0.27819797  
7.9110   -0.29663581  -0.28940965  
7.9060   -0.29154365  -0.28597520  
7.9010   -0.28508669  -0.29360373  
7.8960   -0.28269854  -0.29378162  
7.8910   -0.29310286  -0.28944476  
7.8860   -0.28865431  -0.27950859  
7.8810   -0.29169060  -0.28802666  
7.8760   -0.27952698  -0.29759521  
7.8710   -0.28045433  -0.27706536  
7.8660   -0.28559403  -0.29138414  
7.8610   -0.28061264  -0.27622788  
7.8560   -0.28366808  -0.29120144  
7.8510   -0.28815006  -0.29520488  
7.8460   -0.28408415  -0.30203295  
7.8410   -0.28491702  -0.28785091  
7.8360   -0.27378699  -0.29666273  
7.8310   -0.28926162  -0.28533266  
7.8260   -0.29499950  -0.28248904  
7.8210   -0.26801563  -0.28327432  
7.8160   -0.29268213  -0.29059373  
7.8110   -0.28706960  -0.28549581  
7.8060   -0.29376677  -0.29870685  
7.8010   -0.28641868  -0.30082305  
7.7960   -0.30567934  -0.28187791  
7.7910   -0.28319953  -0.29528336  
7.7860   -0.29039821  -0.29095222  
7.7810   -0.30635238  -0.28430986  
7.7760   -0.28396842  -0.29706062  
7.7710   -0.27757064  -0.28585088  
7.7660   -0.29215136  -0.29996870  
7.7610   -0.30582951  -0.29839047  
7.7560   -0.26992443  -0.28120955  
7.7510   -0.27431626  -0.29171558  
7.7460   -0.28778411  -0.28674762  
7.7410   -0.27713125  -0.29075967  
7.7360   -0.27793178  -0.29001502  
7.7310   -0.28790842  -0.29311696  
7.7260   -0.28650427  -0.28806356  
7.7210   -0.28582392  -0.29531863  
7.7160   -0.27229272  -0.28850208  
7.7110   -0.29202724  -0.30596359  
7.7060   -0.27886239  -0.29188013  
7.7010   -0.28461664  -0.29725456  
7.6960   -0.28820495  -0.28173211  
7.6910   -0.29818533  -0.28883204  
7.6860   -0.30615880  -0.28714844  
7.6810   -0.29279735  -0.28423190  
7.6760   -0.30187329  -0.28362788  
7.6710   -0.29488337  -0.28145429  
7.6660   -0.29758755  -0.30288866  
7.6610   -0.29165950  -0.28898984  
7.6560   -0.29602091  -0.30143295  
7.6510   -0.27784318  -0.30506404  
7.6460   -0.30082826  -0.30972487  
7.6410   -0.29094527  -0.27859828  
7.6360   -0.29782990  -0.30203776  
7.6310   -0.29638416  -0.28075845  
7.6260   -0.29519575  -0.28634405  
7.6210   -0.30064059  -0.29766241  
7.6160   -0.31075883  -0.30313403  
7.6110   -0.30761498  -0.28981949  
7.6060   -0.30320528  -0.30638014  
7.6010   -0.30358049  -0.28818676  
7.5960   -0.27764713  -0.29504379  
7.5910   -0.30450860  -0.29049615  
7.5860   -0.28342683  -0.29826115  
7.5810   -0.28834249  -0.29464261  
7.5760   -0.30086639  -0.29408685  
7.5710   -0.29848710  -0.29193152  
7.5660   -0.31329520  -0.30117737  
7.5610   -0.30509502  -0.29204702  
7.5560   -0.31079223  -0.29234823  
7.5510   -0.29238310  -0.29884185  
7.5460   -0.29832581  -0.29806637  
7.5410   -0.29764946  -0.29721528  
7.5360   -0.30247278  -0.29109111  
7.5310   -0.29762953  -0.30392654  
7.5260   -0.30510546  -0.30751796  
7.5210   -0.30073584  -0.29637201  
7.5160   -0.29089141  -0.28169164  
7.5110   -0.29296476  -0.29390141  
7.5060   -0.30241436  -0.29201139  
7.5010   -0.29316327  -0.29382690  
7.4960   -0.30474062  -0.29709736  
7.4910   -0.30154487  -0.29879637  
7.4860   -0.30083517  -0.29642002  
7.4810   -0.31383900  -0.29050131  
7.4760   -0.30888267  -0.29572621  
7.4710   -0.29473431  -0.29547964  
7.4660   -0.30732342  -0.29412577  
7.4610   -0.29131233  -0.29756097  
7.4560   -0.28511791  -0.28836628  
7.4510   -0.28539485  -0.28992577  
7.4460   -0.30991190  -0.30326855  
7.4410   -0.29576759  -0.29532705  
7.4360   -0.29888959  -0.30907375  
7.4310   -0.29401146  -0.29871483  
7.4260   -0.30929927  -0.29021082  
7.4210   -0.28996497  -0.29788932  
7.4160   -0.30044749  -0.30251536  
7.4110   -0.30794217  -0.30435660  
7.4060   -0.29922830  -0.29682458  
7.4010   -0.28373746  -0.30460908  
7.3960   -0.29908559  -0.30357894  
7.3910   -0.30153474  -0.29298593  
7.3860   -0.30488015  -0.29772604  
7.3810   -0.29944694  -0.31004940  
7.3760   -0.29548203  -0.28583945  
7.3710   -0.29638678  -0.31011998  
7.3660   -0.30935471  -0.30051831  
7.3610   -0.30101874  -0.29303069  
7.3560   -0.28937565  -0.30688117  
7.3510   -0.31168419  -0.29130058  
7.3460   -0.30079581  -0.30817206  
7.3410   -0.30428074  -0.29777020  
7.3360   -0.29805394  -0.29597484  
7.3310   -0.30532280  -0.30880145  
7.3260   -0.30196555  -0.30797641  
7.3210   -0.30398719  -0.30399013  
7.3160   -0.30354085  -0.29938824  
7.3110   -0.30848062  -0.30734960  
7.3060   -0.30155107  -0.30694671  
7.3010   -0.30602464  -0.31310154  
7.2960   -0.30440827  -0.31100777  
7.2910   -0.29513252  -0.30915887  
7.2860   -0.30628697  -0.30114909  
7.2810   -0.30158789  -0.30983358  
7.2760   -0.31239628  -0.31283793  
7.2710   -0.28943412  -0.30092795  
7.2660   -0.30439314  -0.30631064  
7.2610   -0.29247632  -0.30088605  
7.2560   -0.29810550  -0.30697757  
7.2510   -0.29824339  -0.32400215  
7.2460   -0.30852788  -0.29948181  
7.2410   -0.30687307  -0.31392384  
7.2360   -0.30587574  -0.29643261  
7.2310   -0.30315973  -0.29640076  
7.2260   -0.30878195  -0.30843129  
7.2210   -0.28658855  -0.31615657  
7.2160   -0.29620464  -0.30318519  
7.2110   -0.29842021  -0.29691259  
7.2060   -0.30041548  -0.31662837  
7.2010   -0.31964837  -0.31485516  
7.1960   -0.29885368  -0.32109105  
7.1910   -0.31361444  -0.31637203  
7.1860   -0.30487920  -0.29969759  
7.1810   -0.30158884  -0.31107871  
7.1760   -0.31001048  -0.31484805  
7.1710   -0.30157065  -0.31415165  
7.1660   -0.29081527  -0.30809898  
7.1610   -0.29153141  -0.31172355  
7.1560   -0.30776786  -0.30753706  
7.1510   -0.29034284  -0.32152731  
7.1460   -0.30050599  -0.29703310  
7.1410   -0.30764394  -0.30375131  
7.1360   -0.31328129  -0.29875078  
7.1310   -0.30724923  -0.31923190  
7.1260   -0.31144482  -0.30141083  
7.1210   -0.31727071  -0.30505812  
7.1160   -0.32045443  -0.30785781  
7.1110   -0.29887664  -0.30623196  
7.1060   -0.31960246  -0.31339826  
7.1010   -0.31224651  -0.32611967  
7.0960   -0.31329897  -0.30861101  
7.0910   -0.31287932  -0.32142932  
7.0860   -0.30634698  -0.31760994  
7.0810   -0.31653801  -0.31277895  
7.0760   -0.31461404  -0.30728228  
7.0710   -0.30806200  -0.33040664  
7.0660   -0.31177082  -0.31488527  
7.0610   -0.30284425  -0.31081626  
7.0560   -0.30578391  -0.29380680  
7.0510   -0.31589710  -0.30999411  
7.0460   -0.31659540  -0.31116986  
7.0410   -0.30260627  -0.31971649  
7.0360   -0.31276100  -0.29749838  
7.0310   -0.32350005  -0.31036126  
7.0260   -0.30397945  -0.30663886  
7.0210   -0.32259895  -0.30910902  
7.0160   -0.31218292  -0.32253957  
7.0110   -0.31629419  -0.31580515  
7.0060   -0.31524633  -0.30674756  
7.0010   -0.29986663  -0.30942711  
6.9960   -0.31430834  -0.31263951  
6.9910   -0.30844305  -0.30212295  
6.9860   -0.30716050  -0.32563619  
6.9810   -0.31975926  -0.31715295  
6.9760   -0.31743439  -0.32771490  
6.9710   -0.31492379  -0.32670387  
6.9660   -0.31941174  -0.32572718  
6.9610   -0.30345359  -0.32430285  
6.9560   -0.31318141  -0.30283198  
6.9510   -0.31446169  -0.30753952  
6.9460   -0.30305817  -0.30352635  
6.9410   -0.30765395  -0.31053649  
6.9360   -0.30798765  -0.32270043  
6.9310   -0.31650048  -0.33483922  
6.9260   -0.29918135  -0.31915679  
6.9210   -0.32796365  -0.30646601  
6.9160   -0.31193032  -0.31663186  
6.9110   -0.33052452  -0.31548766  
6.9060   -0.31685857  -0.31684868  
6.9010   -0.32012653  -0.31497336  
6.8960   -0.31790650  -0.31395255  
6.8910   -0.30913595  -0.32034104  
6.8860   -0.32219987  -0.31320345  
6.8810   -0.32744423  -0.30321986  
6.8760   -0.33258076  -0.32158108  
6.8710   -0.31173690  -0.32231049  
6.8660   -0.31961763  -0.32724759  
6.8610   -0.31611209  -0.32389531  
6.8560   -0.33172068  -0.30712063  
6.8510   -0.32460843  -0.31177868  
6.8460   -0.32258704  -0.32655759  
6.8410   -0.30643988  -0.30803158  
6.8360   -0.31521965  -0.31815954  
6.8310   -0.31364193  -0.33049263  
6.8260   -0.32007060  -0.32290430  
6.8210   -0.31303147  -0.31524697  
6.8160   -0.32304974  -0.31599484  
6.8110   -0.31664648  -0.32218573  
6.8060   -0.33179360  -0.31986447  
6.8010   -0.30427025  -0.32532751  
6.7960   -0.32019619  -0.32180044  
6.7910   -0.33306153  -0.30828477  
6.7860   -0.32938616  -0.32776018  
6.7810   -0.31577465  -0.30642316  
6.7760   -0.32997699  -0.31547924  
6.7710   -0.31925359  -0.31584892  
6.7660   -0.30902665  -0.32979167  
6.7610   -0.33239659  -0.32436406  
6.7560   -0.33398519  -0.32877114  
6.7510   -0.31357961  -0.33496775  
6.7460   -0.33331075  -0.32162954  
6.7410   -0.32691456  -0.31699313  
6.7360   -0.32349600  -0.32710413  
6.7310   -0.32539217  -0.32924826  
6.7260   -0.31421230  -0.33275499  
6.7210   -0.31481989  -0.31341367  
6.7160   -0.32990359  -0.33575792  
6.7110   -0.31051862  -0.31895726  
6.7060   -0.32442951  -0.33742377  
6.7010   -0.32570955  -0.32242543  
6.6960   -0.32866875  -0.33068879  
6.6910   -0.33464259  -0.31270083  
6.6860   -0.32110051  -0.31916351  
6.6810   -0.31269320  -0.32460625  
6.6760   -0.32792925  -0.31257123  
6.6710   -0.32111826  -0.31105126  
6.6660   -0.33303075  -0.32826649  
6.6610   -0.33034040  -0.32076184  
6.6560   -0.32626003  -0.32558535  
6.6510   -0.31035081  -0.31481703  
6.6460   -0.32026089  -0.33517757  
6.6410   -0.33996975  -0.33720108  
6.6360   -0.31463886  -0.31551188  
6.6310   -0.31886829  -0.32363902  
6.6260   -0.32522174  -0.32190275  
6.6210   -0.33533692  -0.32392486  
6.6160   -0.32088036  -0.33094807  
6.6110   -0.32601251  -0.33865424  
6.6060   -0.33250958  -0.33768288  
6.6010   -0.31528379  -0.32260300  
6.5960   -0.31583172  -0.33756350  
6.5910   -0.33576348  -0.34847436  
6.5860   -0.33503956  -0.32805504  
6.5810   -0.33265912  -0.32433359  
6.5760   -0.32332724  -0.32639713  
6.5710   -0.33554551  -0.33649789  
6.5660   -0.33405454  -0.34647568  
6.5610   -0.32235179  -0.32654381  
6.5560   -0.33638211  -0.32302881  
6.5510   -0.33520689  -0.30952422  
6.5460   -0.32977340  -0.33465216  
6.5410   -0.33076632  -0.33418183  
6.5360   -0.33243634  -0.33149020  
6.5310   -0.32438411  -0.32586766  
6.5260   -0.33603383  -0.33461848  
6.5210   -0.33057882  -0.32975243  
6.5160   -0.32951563  -0.34136485  
6.5110   -0.32415697  -0.32936137  
6.5060   -0.32084509  -0.32739593  
6.5010   -0.32319622  -0.31788680  
6.4960   -0.33218450  -0.32905551  
6.4910   -0.32706469  -0.34225086  
6.4860   -0.32330500  -0.34491913  
6.4810   -0.33861012  -0.33828714  
6.4760   -0.31604004  -0.34327937  
6.4710   -0.33284714  -0.31901687  
6.4660   -0.33548141  -0.33677483  
6.4610   -0.32858490  -0.32820680  
6.4560   -0.32955412  -0.33685518  
6.4510   -0.33649789  -0.34497040  
6.4460   -0.33293420  -0.34010046  
6.4410   -0.32916882  -0.33719528  
6.4360   -0.33206916  -0.33156642  
6.4310   -0.33290914  -0.33101642  
6.4260   -0.33851138  -0.33510978  
6.4210   -0.31470015  -0.33115102  
6.4160   -0.35365481  -0.33859336  
6.4110   -0.32150439  -0.33628032  
6.4060   -0.32424979  -0.33688338  
6.4010   -0.34784107  -0.34036160  
6.3960   -0.33185163  -0.33555234  
6.3910   -0.32871085  -0.31872555  
6.3860   -0.34242168  -0.33854685  
6.3810   -0.33197765  -0.34745248  
6.3760   -0.33427393  -0.34619162  
6.3710   -0.33053449  -0.34635720  
6.3660   -0.32847401  -0.33934854  
6.3610   -0.33243062  -0.33995700  
6.3560   -0.34433581  -0.32174690  
6.3510   -0.34181381  -0.34216138  
6.3460   -0.33728873  -0.33869678  
6.3410   -0.33277783  -0.34715305  
6.3360   -0.33686670  -0.34179741  
6.3310   -0.33995935  -0.33814976  
6.3260   -0.33540213  -0.34367047  
6.3210   -0.33498475  -0.33034977  
6.3160   -0.33918121  -0.34108139  
6.3110   -0.33087618  -0.33767399  
6.3060   -0.32886376  -0.35383028  
6.3010   -0.33597402  -0.33378895  
6.2960   -0.34106900  -0.33376186  
6.2910   -0.32881864  -0.34133427  
6.2860   -0.33425916  -0.32839017  
6.2810   -0.33726296  -0.33171890  
6.2760   -0.34335408  -0.34262766  
6.2710   -0.34235750  -0.34308087  
6.2660   -0.34312090  -0.33637222  
6.2610   -0.34742158  -0.34175376  
6.2560   -0.33947821  -0.35496031  
6.2510   -0.34526983  -0.34988245  
6.2460   -0.32975660  -0.32444174  
6.2410   -0.34451866  -0.33551799  
6.2360   -0.33101710  -0.33728782  
6.2310   -0.33941574  -0.35488135  
6.2260   -0.34906698  -0.33588434  
6.2210   -0.33730899  -0.34125428  
6.2160   -0.33668491  -0.34518774  
6.2110   -0.34769460  -0.34478175  
6.2060   -0.34007969  -0.35353379  
6.2010   -0.35300969  -0.33743100  
6.1960   -0.33993706  -0.32746985  
6.1910   -0.33784624  -0.33928602  
6.1860   -0.35655368  -0.34384971  
6.1810   -0.34282449  -0.34022442  
6.1760   -0.35421133  -0.34008894  
6.1710   -0.34333343  -0.34114422  
6.1660   -0.35183573  -0.35070479  
6.1610   -0.34683166  -0.34476884  
6.1560   -0.33394015  -0.35158329  
6.1510   -0.35817239  -0.34051074  
6.1460   -0.34006718  -0.35300997  
6.1410   -0.34993416  -0.34924380  
6.1360   -0.35578782  -0.34607823  
6.1310   -0.33829786  -0.34014665  
6.1260   -0.34850117  -0.33606005  
6.1210   -0.34387179  -0.35244479  
6.1160   -0.33943413  -0.35121944  
6.1110   -0.34647385  -0.35206597  
6.1060   -0.34849783  -0.35799672  
6.1010   -0.35349626  -0.34916667  
6.0960   -0.33424426  -0.35102261  
6.0910   -0.34287851  -0.34680108  
6.0860   -0.35483933  -0.33811640  
6.0810   -0.36043125  -0.34507089  
6.0760   -0.35105406  -0.35152908  
6.0710   -0.34849839  -0.36048785  
6.0660   -0.33884425  -0.34450063  
6.0610   -0.35571406  -0.34250108  
6.0560   -0.33465736  -0.33492474  
6.0510   -0.34531745  -0.34599888  
6.0460   -0.34742095  -0.34355989  
6.0410   -0.35376109  -0.35333763  
6.0360   -0.34868006  -0.35230614  
6.0310   -0.34690272  -0.35046974  
6.0260   -0.35897658  -0.34939623  
6.0210   -0.35553216  -0.34927803  
6.0160   -0.34825242  -0.35725492  
6.0110   -0.35488576  -0.35035206  
6.0060   -0.36680087  -0.36678336  
6.0010   -0.35122242  -0.35278715  
5.9960   -0.35928002  -0.36488071  
5.9910   -0.35692162  -0.34706143  
5.9860   -0.34905554  -0.36585001  
5.9810   -0.35457819  -0.35949294  
5.9760   -0.34928419  -0.35538910  
5.9710   -0.35203809  -0.35835981  
5.9660   -0.35427074  -0.35097320  
5.9610   -0.34856730  -0.36697146  
5.9560   -0.34944878  -0.35649621  
5.9510   -0.36185678  -0.34711914  
5.9460   -0.35650522  -0.36126944  
5.9410   -0.35691070  -0.34550194  
5.9360   -0.35508923  -0.35073061  
5.9310   -0.36343462  -0.35811976  
5.9260   -0.34357062  -0.35513618  
5.9210   -0.35781267  -0.35063243  
5.9160   -0.37202783  -0.35145874  
5.9110   -0.35028121  -0.34235714  
5.9060   -0.36125125  -0.35569019  
5.9010   -0.34530113  -0.35321709  
5.8960   -0.35915487  -0.35510242  
5.8910   -0.35778237  -0.35336011  
5.8860   -0.35646614  -0.35982124  
5.8810   -0.36510384  -0.35635915  
5.8760   -0.35008032  -0.35106268  
5.8710   -0.35664411  -0.36001140  
5.8660   -0.36112229  -0.36123640  
5.8610   -0.34472698  -0.35789465  
5.8560   -0.35717243  -0.35840390  
5.8510   -0.36195770  -0.36638841  
5.8460   -0.36776834  -0.37299601  
5.8410   -0.34166086  -0.36387563  
5.8360   -0.36337369  -0.37122714  
5.8310   -0.36683729  -0.35728686  
5.8260   -0.37433086  -0.34387668  
5.8210   -0.36006109  -0.34625886  
5.8160   -0.34277794  -0.35907043  
5.8110   -0.36397941  -0.35801451  
5.8060   -0.35024955  -0.35284204  
5.8010   -0.34235806  -0.35275177  
5.7960   -0.35376201  -0.38190816  
5.7910   -0.35592516  -0.36597492  
5.7860   -0.35495745  -0.34989556  
5.7810   -0.36486506  -0.36498636  
5.7760   -0.37206402  -0.36982743  
5.7710   -0.36897764  -0.35770234  
5.7660   -0.37778502  -0.36116530  
5.7610   -0.36059818  -0.36924629  
5.7560   -0.37127059  -0.36094773  
5.7510   -0.36126587  -0.35152018  
5.7460   -0.35746427  -0.37183258  
5.7410   -0.36501011  -0.37879359  
5.7360   -0.36253848  -0.36513284  
5.7310   -0.38927456  -0.37928707  
5.7260   -0.35442707  -0.35938491  
5.7210   -0.38715422  -0.35924594  
5.7160   -0.37198943  -0.36024117  
5.7110   -0.36734285  -0.36902006  
5.7060   -0.37255313  -0.36383604  
5.7010   -0.34961928  -0.37403751  
5.6960   -0.37386415  -0.36259389  
5.6910   -0.36859910  -0.36678074  
5.6860   -0.35518658  -0.36018044  
5.6810   -0.37870395  -0.36535926  
5.6760   -0.38454084  -0.36712937  
5.6710   -0.37266728  -0.36406469  
5.6660   -0.38577346  -0.36931846  
5.6610   -0.35777772  -0.36661988  
5.6560   -0.35114184  -0.37608961  
5.6510   -0.38119131  -0.36005064  
5.6460   -0.36946283  -0.36388949  
5.6410   -0.36866475  -0.36043090  
5.6360   -0.38970851  -0.36889904  
5.6310   -0.36742816  -0.37389501  
5.6260   -0.36777660  -0.37083954  
5.6210   -0.37473165  -0.36073739  
5.6160   -0.37379850  -0.37642657  
5.6110   -0.35706369  -0.37471803  
5.6060   -0.38320615  -0.35974641  
5.6010   -0.37650819  -0.37269615  
5.5960   -0.39058669  -0.37984061  
5.5910   -0.38163240  -0.36847105  
5.5860   -0.36338823  -0.35954278  
5.5810   -0.37641752  -0.36069235  
5.5760   -0.37499410  -0.36164505  
5.5710   -0.35848051  -0.36851041  
5.5660   -0.37541339  -0.36106752  
5.5610   -0.38074346  -0.35993833  
5.5560   -0.36418209  -0.37064933  
5.5510   -0.37007348  -0.36992208  
5.5460   -0.36892601  -0.37962356  
5.5410   -0.39184060  -0.37423257  
5.5360   -0.37360202  -0.38359510  
5.5310   -0.38067014  -0.38351606  
5.5260   -0.38214503  -0.36632685  
5.5210   -0.38022908  -0.38752415  
5.5160   -0.38191630  -0.38658190  
5.5110   -0.37647427  -0.37254177  
5.5060   -0.38250292  -0.37669649  
5.5010   -0.37655752  -0.36942704  
5.4960   -0.37736632  -0.36764724  
5.4910   -0.38241491  -0.37923512  
5.4860   -0.37842581  -0.38823445  
5.4810   -0.38271712  -0.36905704  
5.4760   -0.37475369  -0.38315956  
5.4710   -0.37667067  -0.38648785  
5.4660   -0.38041254  -0.37847021  
5.4610   -0.37025014  -0.38250264  
5.4560   -0.36883331  -0.38613175  
5.4510   -0.38188048  -0.36922564  
5.4460   -0.37406508  -0.36437857  
5.4410   -0.37884216  -0.37593853  
5.4360   -0.36706598  -0.38805417  
5.4310   -0.36957169  -0.37239661  
5.4260   -0.38146710  -0.36438246  
5.4210   -0.37177972  -0.36934594  
5.4160   -0.38854722  -0.38551395  
5.4110   -0.37764930  -0.37072412  
5.4060   -0.37380835  -0.37883029  
5.4010   -0.38564128  -0.39287681  
5.3960   -0.37275374  -0.37828942  
5.3910   -0.38687752  -0.39130775  
5.3860   -0.36629698  -0.38127162  
5.3810   -0.37032234  -0.38884470  
5.3760   -0.37005417  -0.37857749  
5.3710   -0.38714116  -0.38706566  
5.3660   -0.38373514  -0.39710648  
5.3610   -0.38842152  -0.39175616  
5.3560   -0.39153076  -0.38414343  
5.3510   -0.39247611  -0.37260484  
5.3460   -0.38898903  -0.37496749  
5.3410   -0.38741791  -0.38849805  
5.3360   -0.39832623  -0.38214523  
5.3310   -0.39010278  -0.39561268  
5.3260   -0.39707121  -0.37933581  
5.3210   -0.38370059  -0.38253076  
5.3160   -0.38664743  -0.37405328  
5.3110   -0.40104919  -0.37596200  
5.3060   -0.39274960  -0.39902505  
5.3010   -0.37531974  -0.39384059  
5.2960   -0.39138246  -0.40031184  
5.2910   -0.37811224  -0.39901941  
5.2860   -0.37954424  -0.38696462  
5.2810   -0.37139915  -0.39485067  
5.2760   -0.37198526  -0.38673839  
5.2710   -0.38742501  -0.38816578  
5.2660   -0.38706891  -0.39685376  
5.2610   -0.38020672  -0.39200780  
5.2560   -0.38795218  -0.37852502  
5.2510   -0.39041293  -0.40651818  
5.2460   -0.39763269  -0.39415975  
5.2410   -0.38554815  -0.39308545  
5.2360   -0.38965918  -0.38700227  
5.2310   -0.39436553  -0.40489519  
5.2260   -0.38015358  -0.37713945  
5.2210   -0.38879839  -0.40098878  
5.2160   -0.39504969  -0.38195197  
5.2110   -0.39690686  -0.38936869  
5.2060   -0.39786936  -0.39644062  
5.2010   -0.38464804  -0.38694198  
5.1960   -0.39474991  -0.40360863  
5.1910   -0.39292725  -0.39523414  
5.1860   -0.40825878  -0.39962430  
5.1810   -0.39872380  -0.40023042  
5.1760   -0.38226196  -0.40476273  
5.1710   -0.40072001  -0.37971407  
5.1660   -0.39660831  -0.39191777  
5.1610   -0.39457102  -0.39558643  
5.1560   -0.39190692  -0.38962844  
5.1510   -0.38256711  -0.39234905  
5.1460   -0.38972515  -0.39064865  
5.1410   -0.39219765  -0.38887548  
5.1360   -0.38982011  -0.38935117  
5.1310   -0.39438407  -0.39118888  
5.1260   -0.39289087  -0.40563829  
5.1210   -0.39396748  -0.39732524  
5.1160   -0.38572822  -0.39458059  
5.1110   -0.38529634  -0.40164995  
5.1060   -0.38386089  -0.39489539  
5.1010   -0.38961672  -0.39448122  
5.0960   -0.40918395  -0.39786623  
5.0910   -0.38374900  -0.40513460  
5.0860   -0.40316305  -0.37925911  
5.0810   -0.38714056  -0.40094537  
5.0760   -0.39838799  -0.39738104  
5.0710   -0.41584744  -0.39667309  
5.0660   -0.39403488  -0.39703991  
5.0610   -0.40855881  -0.39591004  
5.0560   -0.41097467  -0.39897683  
5.0510   -0.40325472  -0.40978054  
5.0460   -0.40564215  -0.41205843  
5.0410   -0.38252425  -0.40693962  
5.0360   -0.38486819  -0.38304510  
5.0310   -0.39501649  -0.40851857  
5.0260   -0.40828758  -0.39862129  
5.0210   -0.41001463  -0.42026322  
5.0160   -0.40979317  -0.40554726  
5.0110   -0.40563253  -0.40366011  
5.0060   -0.40707438  -0.40455370  
5.0010   -0.38991825  -0.39249080  
4.9960   -0.39175882  -0.42082581  
4.9910   -0.39929620  -0.40114364  
4.9860   -0.40631547  -0.41098675  
4.9810   -0.41409012  -0.39761494  
4.9760   -0.38848749  -0.39427640  
4.9710   -0.40835967  -0.39978948  
4.9660   -0.39867761  -0.40349496  
4.9610   -0.41021008  -0.40869170  
4.9560   -0.40094966  -0.40640543  
4.9510   -0.42215538  -0.41568051  
4.9460   -0.41248476  -0.40349612  
4.9410   -0.42008930  -0.39330445  
4.9360   -0.41668432  -0.39600171  
4.9310   -0.40846956  -0.40683838  
4.9260   -0.40047103  -0.41661179  
4.9210   -0.41356025  -0.40740530  
4.9160   -0.40070528  -0.41769730  
4.9110   -0.40111290  -0.41994898  
4.9060   -0.41401922  -0.41538545  
4.9010   -0.41334669  -0.41600559  
4.8960   -0.41181830  -0.40548145  
4.8910   -0.41479386  -0.41425228  
4.8860   -0.39855885  -0.41608538  
4.8810   -0.41426622  -0.42184960  
4.8760   -0.39859936  -0.41830684  
4.8710   -0.42349865  -0.41361478  
4.8660   -0.40958025  -0.39258430  
4.8610   -0.41010340  -0.41025881  
4.8560   -0.41967549  -0.40254485  
4.8510   -0.40032149  -0.40332156  
4.8460   -0.40975441  -0.42856316  
4.8410   -0.41743731  -0.42187061  
4.8360   -0.40743601  -0.42782598  
4.8310   -0.41133352  -0.41603041  
4.8260   -0.41348018  -0.40708753  
4.8210   -0.41786220  -0.41743485  
4.8160   -0.40702088  -0.39954777  
4.8110   -0.40792175  -0.40910555  
4.8060   -0.41379391  -0.41382461  
4.8010   -0.41821314  -0.41573651  
4.7960   -0.42265271  -0.41554885  
4.7910   -0.41460938  -0.43109302  
4.7860   -0.41837428  -0.41570561  
4.7810   -0.40946999  -0.41532564  
4.7760   -0.43297668  -0.40763153  
4.7710   -0.42402430  -0.42744191  
4.7660   -0.41404119  -0.41890561  
4.7610   -0.40712415  -0.42108612  
4.7560   -0.42927609  -0.41248217  
4.7510   -0.40517464  -0.42121007  
4.7460   -0.41745860  -0.40431282  
4.7410   -0.41882645  -0.44077913  
4.7360   -0.42409150  -0.43671139  
4.7310   -0.41737917  -0.42772275  
4.7260   -0.43119061  -0.39927018  
4.7210   -0.44076559  -0.42187903  
4.7160   -0.40927185  -0.42388668  
4.7110   -0.42855161  -0.42224315  
4.7060   -0.43123155  -0.41401450  
4.7010   -0.40887281  -0.40528179  
4.6960   -0.43506516  -0.41736963  
4.6910   -0.42004819  -0.43561878  
4.6860   -0.43176642  -0.42871969  
4.6810   -0.42192657  -0.42359472  
4.6760   -0.40994068  -0.42983014  
4.6710   -0.43030885  -0.41794414  
4.6660   -0.41283041  -0.44145770  
4.6610   -0.42247506  -0.42919292  
4.6560   -0.42345734  -0.42080532  
4.6510   -0.42488608  -0.42270816  
4.6460   -0.42397823  -0.43477701  
4.6410   -0.41882014  -0.42397263  
4.6360   -0.41861532  -0.42668562  
4.6310   -0.42117572  -0.42337600  
4.6260   -0.43714633  -0.43698592  
4.6210   -0.43811277  -0.42143662  
4.6160   -0.42205183  -0.43657481  
4.6110   -0.41681749  -0.43120772  
4.6060   -0.41785676  -0.43918775  
4.6010   -0.41406442  -0.42073085  
4.5960   -0.43323846  -0.42885183  
4.5910   -0.43435311  -0.44000735  
4.5860   -0.42542369  -0.42396222  
4.5810   -0.43333473  -0.41781681  
4.5760   -0.41046487  -0.41703502  
4.5710   -0.43974339  -0.42325824  
4.5660   -0.42644009  -0.42689092  
4.5610   -0.43152181  -0.43107785  
4.5560   -0.43055315  -0.43831096  
4.5510   -0.42932537  -0.44463387  
4.5460   -0.42749541  -0.44809553  
4.5410   -0.45132190  -0.43134030  
4.5360   -0.43389204  -0.42290825  
4.5310   -0.44932695  -0.43541650  
4.5260   -0.43104417  -0.42886740  
4.5210   -0.43042919  -0.44349192  
4.5160   -0.43531010  -0.43998229  
4.5110   -0.44783812  -0.44650573  
4.5060   -0.43348879  -0.43653072  
4.5010   -0.45001469  -0.44409165  
4.4960   -0.42860824  -0.43473563  
4.4910   -0.43898718  -0.44236595  
4.4860   -0.43683602  -0.43339152  
4.4810   -0.42857826  -0.42195278  
4.4760   -0.45534615  -0.42941950  
4.4710   -0.44126130  -0.43614451  
4.4660   -0.42968612  -0.43135718  
4.4610   -0.43418980  -0.42723546  
4.4560   -0.43278568  -0.42893245  
4.4510   -0.43825515  -0.43264548  
4.4460   -0.45208363  -0.44537757  
4.4410   -0.44193883  -0.44161645  
4.4360   -0.44210270  -0.43661698  
4.4310   -0.43461521  -0.45019096  
4.4260   -0.44434362  -0.43772394  
4.4210   -0.42598132  -0.45961891  
4.4160   -0.44427697  -0.44532089  
4.4110   -0.43731303  -0.44387909  
4.4060   -0.43746868  -0.44815959  
4.4010   -0.44903154  -0.44669220  
4.3960   -0.45412576  -0.45325540  
4.3910   -0.44690012  -0.44399887  
4.3860   -0.43750434  -0.44863171  
4.3810   -0.46614656  -0.43970586  
4.3760   -0.43836775  -0.44653008  
4.3710   -0.44577454  -0.44019624  
4.3660   -0.43082974  -0.44349363  
4.3610   -0.45281740  -0.44597265  
4.3560   -0.43132926  -0.45086960  
4.3510   -0.43831521  -0.44768445  
4.3460   -0.44628574  -0.43392739  
4.3410   -0.44928501  -0.44149038  
4.3360   -0.43893050  -0.44312283  
4.3310   -0.44650557  -0.43819995  
4.3260   -0.45746005  -0.45400697  
4.3210   -0.45444322  -0.45432760  
4.3160   -0.45741318  -0.44290884  
4.3110   -0.46704365  -0.45217121  
4.3060   -0.45819648  -0.45823727  
4.3010   -0.46158049  -0.45154519  
4.2960   -0.43786390  -0.44718608  
4.2910   -0.43616640  -0.45590878  
4.2860   -0.45549219  -0.45476143  
4.2810   -0.45620773  -0.45276192  
4.2760   -0.45148899  -0.46128960  
4.2710   -0.46061036  -0.45850437  
4.2660   -0.45805171  -0.44987286  
4.2610   -0.45675662  -0.45341709  
4.2560   -0.44985535  -0.45960346  
4.2510   -0.45752455  -0.45458291  
4.2460   -0.45661086  -0.46055869  
4.2410   -0.46459720  -0.45543019  
4.2360   -0.44670841  -0.45323213  
4.2310   -0.45803817  -0.45208478  
4.2260   -0.44934800  -0.45710859  
4.2210   -0.44839765  -0.45270449  
4.2160   -0.46478534  -0.44405563  
4.2110   -0.45452039  -0.45832115  
4.2060   -0.45999006  -0.46928556  
4.2010   -0.46934315  -0.45628419  
4.1960   -0.45763548  -0.47048684  
4.1910   -0.46707622  -0.45250988  
4.1860   -0.45300479  -0.46649837  
4.1810   -0.46270679  -0.46054836  
4.1760   -0.44868576  -0.44139069  
4.1710   -0.45481005  -0.46205579  
4.1660   -0.46804130  -0.46172621  
4.1610   -0.47073376  -0.46660779  
4.1560   -0.45271509  -0.46154578  
4.1510   -0.46004698  -0.46949050  
4.1460   -0.46097878  -0.46368792  
4.1410   -0.45706451  -0.45749742  
4.1360   -0.46596704  -0.46374372  
4.1310   -0.46188679  -0.48026883  
4.1260   -0.45331550  -0.46858955  
4.1210   -0.46096722  -0.44033061  
4.1160   -0.47153561  -0.46528538  
4.1110   -0.45357008  -0.46858229  
4.1060   -0.46962347  -0.46065747  
4.1010   -0.46217760  -0.46554965  
4.0960   -0.46336843  -0.47346196  
4.0910   -0.46082742  -0.47545306  
4.0860   -0.45525035  -0.47299398  
4.0810   -0.45143692  -0.45677124  
4.0760   -0.46700103  -0.47036415  
4.0710   -0.47948541  -0.47746039  
4.0660   -0.45683967  -0.45508060  
4.0610   -0.47304168  -0.47470530  
4.0560   -0.47020584  -0.45534801  
4.0510   -0.47545103  -0.46832393  
4.0460   -0.47387260  -0.48680291  
4.0410   -0.47129901  -0.46538745  
4.0360   -0.47490937  -0.46062121  
4.0310   -0.48044751  -0.48454532  
4.0260   -0.45881388  -0.48602410  
4.0210   -0.46361019  -0.46226366  
4.0160   -0.47499516  -0.48447605  
4.0110   -0.48233304  -0.47865778  
4.0060   -0.46821065  -0.47835141  
4.0010   -0.47837015  -0.48712788  
3.9960   -0.47254255  -0.47659401  
3.9910   -0.46123213  -0.46288428  
3.9860   -0.46306349  -0.47824608  
3.9810   -0.45480222  -0.47901138  
3.9760   -0.48377667  -0.49129507  
3.9710   -0.47679100  -0.46982380  
3.9660   -0.48038226  -0.47182868  
3.9610   -0.49089698  -0.47323271  
3.9560   -0.47294377  -0.48770751  
3.9510   -0.47544487  -0.47194509  
3.9460   -0.47411840  -0.48158811  
3.9410   -0.48010392  -0.49348840  
3.9360   -0.48738187  -0.47638438  
3.9310   -0.47367850  -0.48939711  
3.9260   -0.48457518  -0.47710727  
3.9210   -0.48082018  -0.49551886  
3.9160   -0.47281966  -0.48267548  
3.9110   -0.50061539  -0.48862811  
3.9060   -0.47177021  -0.49149703  
3.9010   -0.47764587  -0.48631185  
3.8960   -0.48225015  -0.48941455  
3.8910   -0.48353960  -0.48538545  
3.8860   -0.48315717  -0.48303254  
3.8810   -0.48420006  -0.48000058  
3.8760   -0.48816120  -0.46723334  
3.8710   -0.49197050  -0.49329705  
3.8660   -0.48041443  -0.49821064  
3.8610   -0.48804566  -0.49421360  
3.8560   -0.49372222  -0.49381241  
3.8510   -0.48751127  -0.47688446  
3.8460   -0.49217218  -0.49503050  
3.8410   -0.48481980  -0.50552254  
3.8360   -0.48616867  -0.49506521  
3.8310   -0.48737734  -0.49349404  
3.8260   -0.49532813  -0.48693898  
3.8210   -0.48695868  -0.49805209  
3.8160   -0.47772118  -0.50313257  
3.8110   -0.49232632  -0.49287680  
3.8060   -0.48531400  -0.49324895  
3.8010   -0.49288721  -0.48496628  
3.7960   -0.48690276  -0.50118656  
3.7910   -0.49958024  -0.48260887  
3.7860   -0.48414402  -0.49511414  
3.7810   -0.49289416  -0.48828186  
3.7760   -0.51262574  -0.49267230  
3.7710   -0.49659487  -0.50700133  
3.7660   -0.50158146  -0.49121464  
3.7610   -0.49805542  -0.49129880  
3.7560   -0.49533930  -0.48614579  
3.7510   -0.50367741  -0.47571269  
3.7460   -0.49811810  -0.49124614  
3.7410   -0.49579024  -0.49664881  
3.7360   -0.49496258  -0.49985230  
3.7310   -0.52346023  -0.50447556  
3.7260   -0.49502251  -0.50572049  
3.7210   -0.51471434  -0.49253047  
3.7160   -0.49616831  -0.50545205  
3.7110   -0.49286604  -0.50285122  
3.7060   -0.50152916  -0.50810626  
3.7010   -0.49857457  -0.50187763  
3.6960   -0.50188736  -0.51123282  
3.6910   -0.49556024  -0.50621338  
3.6860   -0.50748183  -0.50237227  
3.6810   -0.50871607  -0.50091712  
3.6760   -0.49171770  -0.50317376  
3.6710   -0.49112194  -0.50636204  
3.6660   -0.51598175  -0.51214909  
3.6610   -0.51730877  -0.50831747  
3.6560   -0.51572569  -0.50266208  
3.6510   -0.51807178  -0.50358964  
3.6460   -0.51799127  -0.51603183  
3.6410   -0.50982867  -0.50806245  
3.6360   -0.50628734  -0.50031659  
3.6310   -0.51149960  -0.50569301  
3.6260   -0.49873359  -0.50859744  
3.6210   -0.51067575  -0.51338477  
3.6160   -0.50484330  -0.52100460  
3.6110   -0.51561139  -0.50440074  
3.6060   -0.50751273  -0.51562668  
3.6010   -0.50708104  -0.51364492  
3.5960   -0.51961109  -0.51760367  
3.5910   -0.52201846  -0.51300722  
3.5860   -0.51349324  -0.51374270  
3.5810   -0.52048828  -0.50776044  
3.5760   -0.50758974  -0.52319071  
3.5710   -0.50497628  -0.51376431  
3.5660   -0.52145297  -0.51117404  
3.5610   -0.52359121  -0.52658056  
3.5560   -0.53361329  -0.52912125  
3.5510   -0.50702079  -0.52418598  
3.5460   -0.50867592  -0.51612179  
3.5410   -0.51549533  -0.52507548  
3.5360   -0.50831386  -0.52639762  
3.5310   -0.52705434  -0.52857713  
3.5260   -0.52026305  -0.50857889  
3.5210   -0.52805418  -0.51500094  
3.5160   -0.51972953  -0.51190781  
3.5110   -0.51594839  -0.52433102  
3.5060   -0.53301213  -0.52290502  
3.5010   -0.53021319  -0.52456571  
3.4960   -0.52196027  -0.51907642  
3.4910   -0.52629503  -0.53178071  
3.4860   -0.54086443  -0.52559919  
3.4810   -0.52042076  -0.52046501  
3.4760   -0.52096012  -0.50270760  
3.4710   -0.52472736  -0.51741188  
3.4660   -0.52050619  -0.52394366  
3.4610   -0.53102549  -0.54335981  
3.4560   -0.51935253  -0.53328157  
3.4510   -0.53175064  -0.52537268  
3.4460   -0.53000953  -0.52254225  
3.4410   -0.53272077  -0.53456293  
3.4360   -0.53752427  -0.53109694  
3.4310   -0.53558719  -0.52101862  
3.4260   -0.53439163  -0.53365781  
3.4210   -0.53047004  -0.53288158  
3.4160   -0.52877194  -0.53001632  
3.4110   -0.52584841  -0.51971424  
3.4060   -0.53061712  -0.53483856  
3.4010   -0.53601399  -0.53718115  
3.3960   -0.54347737  -0.51801109  
3.3910   -0.53585790  -0.55064622  
3.3860   -0.53015084  -0.52215945  
3.3810   -0.53365460  -0.53835638  
3.3760   -0.53643499  -0.53450045  
3.3710   -0.54752351  -0.54185088  
3.3660   -0.54349108  -0.53782620  
3.3610   -0.52488658  -0.52819760  
3.3560   -0.52531890  -0.53597796  
3.3510   -0.53561356  -0.54476206  
3.3460   -0.54410109  -0.52575949  
3.3410   -0.53984902  -0.52794654  
3.3360   -0.54446843  -0.56101654  
3.3310   -0.52923429  -0.55196657  
3.3260   -0.53118511  -0.55008673  
3.3210   -0.54942504  -0.54056302  
3.3160   -0.55634109  -0.55273017  
3.3110   -0.54208700  -0.53244335  
3.3060   -0.54880958  -0.54287288  
3.3010   -0.55365399  -0.55141852  
3.2960   -0.53903860  -0.54410224  
3.2910   -0.54265944  -0.52775483  
3.2860   -0.54176847  -0.53579169  
3.2810   -0.53873421  -0.54319189  
3.2760   -0.53720895  -0.53994224  
3.2710   -0.53922320  -0.55986859  
3.2660   -0.53301360  -0.54217902  
3.2610   -0.54142484  -0.56334689  
3.2560   -0.54306404  -0.54085200  
3.2510   -0.56570458  -0.54944001  
3.2460   -0.54626535  -0.54055158  
3.2410   -0.55113359  -0.55383967  
3.2360   -0.54190772  -0.55720692  
3.2310   -0.54993381  -0.54005388  
3.2260   -0.55519859  -0.56022156  
3.2210   -0.52780630  -0.55082570  
3.2160   -0.56639537  -0.54630435  
3.2110   -0.55320924  -0.55485968  
3.2060   -0.56326039  -0.54173098  
3.2010   -0.55371357  -0.55819547  
3.1960   -0.55910785  -0.55419692  
3.1910   -0.55666351  -0.56167524  
3.1860   -0.57271344  -0.56827224  
3.1810   -0.56277854  -0.55334440  
3.1760   -0.56200668  -0.56110081  
3.1710   -0.56663435  -0.56503026  
3.1660   -0.55100149  -0.54799121  
3.1610   -0.57323778  -0.56418107  
3.1560   -0.56401251  -0.55175853  
3.1510   -0.54231227  -0.55935025  
3.1460   -0.55971529  -0.55163843  
3.1410   -0.56446115  -0.57446794  
3.1360   -0.55001710  -0.55923221  
3.1310   -0.55911870  -0.56793711  
3.1260   -0.56984317  -0.55550933  
3.1210   -0.57372043  -0.56950395  
3.1160   -0.57222051  -0.56340833  
3.1110   -0.56541905  -0.56296688  
3.1060   -0.57706774  -0.55957914  
3.1010   -0.57097276  -0.55772538  
3.0960   -0.57965542  -0.56650313  
3.0910   -0.55702922  -0.56860984  
3.0860   -0.57568868  -0.56839111  
3.0810   -0.57273536  -0.57629405  
3.0760   -0.56342311  -0.56070253  
3.0710   -0.56231544  -0.57532444  
3.0660   -0.56476606  -0.57291064  
3.0610   -0.57599995  -0.58294828  
3.0560   -0.58843217  -0.56944707  
3.0510   -0.56919090  -0.55597807  
3.0460   -0.57985937  -0.57577666  
3.0410   -0.57573082  -0.57413193  
3.0360   -0.57800760  -0.57392398  
3.0310   -0.57899231  -0.57330348  
3.0260   -0.57595928  -0.57925956  
3.0210   -0.58146521  -0.57851062  
3.0160   -0.58352037  -0.58093995  
3.0110   -0.57725091  -0.56887443  
3.0060   -0.56720790  -0.58449113  
3.0010   -0.58565710  -0.57030059  
2.9960   -0.58901609  -0.58022826  
2.9910   -0.60365122  -0.57482571  
2.9860   -0.56983511  -0.58390133  
2.9810   -0.57209016  -0.59820391  
2.9760   -0.59518732  -0.58837391  
2.9710   -0.59884947  -0.58713791  
2.9660   -0.59174985  -0.58648675  
2.9610   -0.58393120  -0.57245671  
2.9560   -0.58891029  -0.58444887  
2.9510   -0.59547841  -0.58542456  
2.9460   -0.58057964  -0.57775746  
2.9410   -0.57806408  -0.58691157  
2.9360   -0.58512140  -0.59054953  
2.9310   -0.59483984  -0.58837974  
2.9260   -0.58218842  -0.58336491  
2.9210   -0.59236058  -0.58706654  
2.9160   -0.58243772  -0.59355785  
2.9110   -0.58783340  -0.59260032  
2.9060   -0.59118476  -0.60242559  
2.9010   -0.60241324  -0.60458942  
2.8960   -0.59003904  -0.60394207  
2.8910   -0.60559180  -0.59384298  
2.8860   -0.58197510  -0.59923286  
2.8810   -0.59939014  -0.58629961  
2.8760   -0.59142652  -0.59639818  
2.8710   -0.58459408  -0.60248473  
2.8660   -0.59521072  -0.61038409  
2.8610   -0.60260110  -0.60394306  
2.8560   -0.59446400  -0.59907491  
2.8510   -0.59080959  -0.59702324  
2.8460   -0.59719482  -0.60274961  
2.8410   -0.60352083  -0.60572612  
2.8360   -0.60795707  -0.58253606  
2.8310   -0.58534524  -0.59604057  
2.8260   -0.59664438  -0.60545390  
2.8210   -0.61190462  -0.60320258  
2.8160   -0.60673001  -0.60323209  
2.8110   -0.62011076  -0.60409931  
2.8060   -0.62181482  -0.60594460  
2.8010   -0.62620252  -0.60574618  
2.7960   -0.60591934  -0.60858920  
2.7910   -0.61384301  -0.61019643  
2.7860   -0.61349298  -0.62031633  
2.7810   -0.60656272  -0.60480639  
2.7760   -0.61387959  -0.60558195  
2.7710   -0.62604627  -0.62459179  
2.7660   -0.61428224  -0.62469168  
2.7610   -0.62191081  -0.61122276  
2.7560   -0.61324638  -0.61672285  
2.7510   -0.60752455  -0.60877083  
2.7460   -0.61221684  -0.61978663  
2.7410   -0.61049661  -0.61689765  
2.7360   -0.62029258  -0.61821721  
2.7310   -0.62424546  -0.62063014  
2.7260   -0.61202675  -0.62443189  
2.7210   -0.60870621  -0.61851501  
2.7160   -0.62985847  -0.62772543  
2.7110   -0.62004244  -0.62904550  
2.7060   -0.61123587  -0.62274197  
2.7010   -0.63629851  -0.62091562  
2.6960   -0.61794753  -0.61779724  
2.6910   -0.63099032  -0.62966918  
2.6860   -0.63825898  -0.61511106  
2.6810   -0.62692425  -0.62056703  
2.6760   -0.61644750  -0.63700035  
2.6710   -0.63420331  -0.63596834  
2.6660   -0.62444643  -0.63728750  
2.6610   -0.63943603  -0.62948616  
2.6560   -0.63250628  -0.61018869  
2.6510   -0.64784246  -0.64314596  
2.6460   -0.64222464  -0.62007767  
2.6410   -0.63389789  -0.63529299  
2.6360   -0.63096645  -0.61745825  
2.6310   -0.62742727  -0.64123581  
2.6260   -0.64212901  -0.64155164  
2.6210   -0.63739478  -0.64560031  
2.6160   -0.63718038  -0.63888182  
2.6110   -0.64382472  -0.64633623  
2.6060   -0.64799664  -0.65452469  
2.6010   -0.63000157  -0.64491273  
2.5960   -0.65339153  -0.62761708  
2.5910   -0.64412729  -0.64233347  
2.5860   -0.64053619  -0.63749605  
2.5810   -0.64862683  -0.65420159  
2.5760   -0.65070912  -0.65064331  
2.5710   -0.63659392  -0.63433871  
2.5660   -0.63709320  -0.65998674  
2.5610   -0.64951955  -0.65753449  
2.5560   -0.65214143  -0.64767144  
2.5510   -0.64454658  -0.65487849  
2.5460   -0.63493784  -0.63600976  
2.5410   -0.64264648  -0.65808334  
2.5360   -0.65067985  -0.65360973  
2.5310   -0.65479449  -0.64643239  
2.5260   -0.65301421  -0.65179689  
2.5210   -0.66795517  -0.65485176  
2.5160   -0.65404499  -0.64554173  
2.5110   -0.65050851  -0.64530843  
2.5060   -0.65826290  -0.65544172  
2.5010   -0.66228707  -0.64353709  
2.4960   -0.67069751  -0.65501683  
2.4910   -0.65328115  -0.66778490  
2.4860   -0.66901033  -0.66223826  
2.4810   -0.66619431  -0.65818895  
2.4760   -0.66402413  -0.65771191  
2.4710   -0.65683769  -0.66607711  
2.4660   -0.65228608  -0.66365059  
2.4610   -0.66619765  -0.66439743  
2.4560   -0.65880949  -0.66035186  
2.4510   -0.67892525  -0.67471830  
2.4460   -0.66193128  -0.66944086  
2.4410   -0.66379961  -0.65396095  
2.4360   -0.66089141  -0.66653064  
2.4310   -0.67165787  -0.65617847  
2.4260   -0.66152303  -0.66927361  
2.4210   -0.67047962  -0.65865518  
2.4160   -0.65254774  -0.66529075  
2.4110   -0.67030117  -0.66074752  
2.4060   -0.67808353  -0.67014477  
2.4010   -0.68050206  -0.69753749  
2.3960   -0.67101703  -0.67783466  
2.3910   -0.66797590  -0.68528200  
2.3860   -0.66004187  -0.68029926  
2.3810   -0.68429400  -0.68454652  
2.3760   -0.68182634  -0.68323737  
2.3710   -0.67971673  -0.67290804  
2.3660   -0.69066517  -0.66245654  
2.3610   -0.67824108  -0.67455324  
2.3560   -0.67797419  -0.69041543  
2.3510   -0.67692121  -0.68102962  
2.3460   -0.67815577  -0.67784284  
2.3410   -0.68615709  -0.67538253  
2.3360   -0.68300288  -0.68621789  
2.3310   -0.67249685  -0.68090800  
2.3260   -0.70057505  -0.69963856  
2.3210   -0.69328308  -0.69427068  
2.3160   -0.68723465  -0.68215929  
2.3110   -0.69165662  -0.69537104  
2.3060   -0.69138377  -0.69817677  
2.3010   -0.70142130  -0.69202377  
2.2960   -0.69741333  -0.69036340  
2.2910   -0.70026402  -0.69750945  
2.2860   -0.70483462  -0.70411066  
2.2810   -0.70878388  -0.69628286  
2.2760   -0.71622284  -0.68293294  
2.2710   -0.69597470  -0.69719826  
2.2660   -0.70257110  -0.72141191  
2.2610   -0.70494086  -0.70320936  
2.2560   -0.69030160  -0.69951250  
2.2510   -0.69578370  -0.70349043  
2.2460   -0.70791888  -0.70495278  
2.2410   -0.70801178  -0.71340496  
2.2360   -0.70283749  -0.70048107  
2.2310   -0.70321567  -0.70812462  
2.2260   -0.72217364  -0.69993076  
2.2210   -0.71593219  -0.71766080  
2.2160   -0.71129729  -0.71380550  
2.2110   -0.71064454  -0.71510191  
2.2060   -0.71302121  -0.70257885  
2.2010   -0.71338903  -0.71988293  
2.1960   -0.71067044  -0.72057174  
2.1910   -0.72807004  -0.71357209  
2.1860   -0.71133808  -0.71679779  
2.1810   -0.72821155  -0.72365227  
2.1760   -0.71913589  -0.71877963  
2.1710   -0.71431031  -0.71929916  
2.1660   -0.71895716  -0.72332242  
2.1610   -0.71222226  -0.71183113  
2.1560   -0.72573452  -0.71942618  
2.1510   -0.72637694  -0.72449614  
2.1460   -0.72266657  -0.73350356  
2.1410   -0.71068994  -0.73469837  
2.1360   -0.73032767  -0.73314508  
2.1310   -0.71928340  -0.71411589  
2.1260   -0.72839599  -0.74273881  
2.1210   -0.73214755  -0.73782061  
2.1160   -0.73537205  -0.73960553  
2.1110   -0.72232004  -0.73680282  
2.1060   -0.72866154  -0.74504927  
2.1010   -0.74341741  -0.73566179  
2.0960   -0.74023675  -0.73850799  
2.0910   -0.74945321  -0.73015971  
2.0860   -0.73670277  -0.72778920  
2.0810   -0.73418296  -0.72762215  
2.0760   -0.73519654  -0.74726679  
2.0710   -0.73801995  -0.74067074  
2.0660   -0.74991492  -0.74564105  
2.0610   -0.73563879  -0.73494180  
2.0560   -0.74359253  -0.74437102  
2.0510   -0.73856729  -0.74535020  
2.0460   -0.73984927  -0.74888053  
2.0410   -0.75609386  -0.75291157  
2.0360   -0.73206430  -0.73071181  
2.0310   -0.76151615  -0.75940801  
2.0260   -0.74291432  -0.75862646  
2.0210   -0.74422407  -0.75439059  
2.0160   -0.73942736  -0.75325322  
2.0110   -0.74983048  -0.77082435  
2.0060   -0.74617127  -0.76377148  
2.0010   -0.75473256  -0.75417874  
1.9960   -0.75069528  -0.75363112  
1.9910   -0.76416496  -0.75934506  
1.9860   -0.74425234  -0.77070738  
1.9810   -0.76325468  -0.76587239  
1.9760   -0.76959197  -0.76842604  
1.9710   -0.76819683  -0.76713611  
1.9660   -0.76986244  -0.75631965  
1.9610   -0.75913265  -0.76537073  
1.9560   -0.76197901  -0.77569076  
1.9510   -0.77892627  -0.77075381  
1.9460   -0.77101654  -0.76549663  
1.9410   -0.78805749  -0.76782182  
1.9360   -0.77556772  -0.76011573  
1.9310   -0.76522147  -0.78423457  
1.9260   -0.77772483  -0.77307051  
1.9210   -0.77182558  -0.79613514  
1.9160   -0.75900317  -0.77987479  
1.9110   -0.77310745  -0.79010820  
1.9060   -0.78030532  -0.77791094  
1.9010   -0.78389050  -0.78357149  
1.8960   -0.78380408  -0.77774473  
1.8910   -0.77969996  -0.78737019  
1.8860   -0.79621589  -0.77869293  
1.8810   -0.78870794  -0.78732797  
1.8760   -0.80635116  -0.77954983  
1.8710   -0.80127397  -0.80171463  
1.8660   -0.79409436  -0.79315112  
1.8610   -0.78895184  -0.79075273  
1.8560   -0.78928761  -0.78821859  
1.8510   -0.78319545  -0.80872481  
1.8460   -0.78346473  -0.80032553  
1.8410   -0.78771080  -0.79397767  
1.8360   -0.79360338  -0.80845461  
1.8310   -0.80567347  -0.80584127  
1.8260   -0.80223997  -0.80317983  
1.8210   -0.80326800  -0.79055565  
1.8160   -0.79908457  -0.80497846  
1.8110   -0.81506051  -0.79849302  
1.8060   -0.79769257  -0.80548398  
1.8010   -0.80436880  -0.81163928  
1.7960   -0.80168989  -0.79947562  
1.7910   -0.81187385  -0.80442667  
1.7860   -0.81785464  -0.80499466  
1.7810   -0.80705701  -0.80308972  
1.7760   -0.81525643  -0.82649770  
1.7710   -0.81394514  -0.82295765  
1.7660   -0.82242480  -0.80539620  
1.7610   -0.81277682  -0.81288954  
1.7560   -0.81448096  -0.82969211  
1.7510   -0.82100325  -0.82240335  
1.7460   -0.82590818  -0.82292679  
1.7410   -0.82224552  -0.83215476  
1.7360   -0.83546140  -0.81702718  
1.7310   -0.82807582  -0.82492948  
1.7260   -0.83869866  -0.81608247  
1.7210   -0.82048383  -0.82658699  
1.7160   -0.83131316  -0.82476195  
1.7110   -0.84000420  -0.84374880  
1.7060   -0.83900031  -0.83452650  
1.7010   -0.84318152  -0.84982114  
1.6960   -0.83290696  -0.82995523  
1.6910   -0.82813456  -0.82892148  
1.6860   -0.84853808  -0.84955722  
1.6810   -0.84021092  -0.84032086  
1.6760   -0.84185843  -0.83631333  
1.6710   -0.84953978  -0.84120727  
1.6660   -0.85057183  -0.84788306  
1.6610   -0.84951706  -0.86238034  
1.6560   -0.85455664  -0.85755404  
1.6510   -0.84833330  -0.85216766  
1.6460   -0.85071159  -0.84691282  
1.6410   -0.84681690  -0.85852631  
1.6360   -0.85479113  -0.85051579  
1.6310   -0.86890231  -0.85924110  
1.6260   -0.85273128  -0.86228792  
1.6210   -0.86573952  -0.87080241  
1.6160   -0.86918490  -0.85370073  
1.6110   -0.86687698  -0.87631009  
1.6060   -0.85972907  -0.86866051  
1.6010   -0.86042419  -0.86614388  
1.5960   -0.87023335  -0.87676021  
1.5910   -0.87653922  -0.85983312  
1.5860   -0.87202852  -0.87847074  
1.5810   -0.85977732  -0.86847877  
1.5760   -0.87286679  -0.86556064  
1.5710   -0.88741927  -0.88185805  
1.5660   -0.88171558  -0.86680378  
1.5610   -0.87930980  -0.87010705  
1.5560   -0.88699453  -0.88021587  
1.5510   -0.87822247  -0.89098312  
1.5460   -0.89282003  -0.88420465  
1.5410   -0.90219190  -0.88906883  
1.5360   -0.87629294  -0.89030376  
1.5310   -0.88863306  -0.89099543  
1.5260   -0.89182945  -0.88636474  
1.5210   -0.89563529  -0.89220036  
1.5160   -0.90515880  -0.89620563  
1.5110   -0.90954872  -0.89729653  
1.5060   -0.90378066  -0.89172110  
1.5010   -0.90296916  -0.91151543  
1.4960   -0.90870374  -0.90387129  
1.4910   -0.90131014  -0.90665137  
1.4860   -0.89259241  -0.90687612  
1.4810   -0.91909181  -0.90946413  
1.4760   -0.89677688  -0.90214515  
1.4710   -0.91919667  -0.90265524  
1.4660   -0.90890694  -0.90678478  
1.4610   -0.91496478  -0.92046169  
1.4560   -0.91250224  -0.91490254  
1.4510   -0.91668155  -0.90944717  
1.4460   -0.91731650  -0.91272283  
1.4410   -0.92246570  -0.90990240  
1.4360   -0.92250108  -0.92239226  
1.4310   -0.92489455  -0.92806774  
1.4260   -0.93508559  -0.91928170  
1.4210   -0.92765354  -0.92986315  
1.4160   -0.92199886  -0.91828024  
1.4110   -0.93798803  -0.92812847  
1.4060   -0.92992499  -0.93516990  
1.4010   -0.93110896  -0.93304334  
1.3960   -0.93069336  -0.93494618  
1.3910   -0.93081108  -0.93160606  
1.3860   -0.93706715  -0.93528703  
1.3810   -0.94255120  -0.93200311  
1.3760   -0.93787007  -0.93770294  
1.3710   -0.94187366  -0.94121249  
1.3660   -0.94516779  -0.94673801  
1.3610   -0.94039325  -0.94124665  
1.3560   -0.93471737  -0.93797011  
1.3510   -0.94437492  -0.95407311  
1.3460   -0.95070896  -0.95716238  
1.3410   -0.95165108  -0.95511020  
1.3360   -0.94720186  -0.94616533  
1.3310   -0.95670253  -0.95008496  
1.3260   -0.96007121  -0.95409805  
1.3210   -0.96136543  -0.94824582  
1.3160   -0.96822302  -0.96673113  
1.3110   -0.95958059  -0.96427534  
1.3060   -0.94868160  -0.97591676  
1.3010   -0.96560610  -0.97085189  
1.2960   -0.96093800  -0.97175505  
1.2910   -0.96372546  -0.96393842  
1.2860   -0.96728645  -0.97399009  
1.2810   -0.96176955  -0.97830554  
1.2760   -0.96904043  -0.97360174  
1.2710   -0.98361817  -0.97473061  
1.2660   -0.97749464  -0.98029159  
1.2610   -0.98222768  -0.97431005  
1.2560   -0.98113677  -0.97551538  
1.2510   -0.97946719  -0.98126665  
1.2460   -0.98045400  -0.99372862  
1.2410   -0.98460733  -0.99178658  
1.2360   -0.98233364  -0.99044291  
1.2310   -0.99018117  -0.99708944  
1.2260   -0.99494082  -0.99143453  
1.2210   -0.98904825  -0.98994307  
1.2160   -0.99185175  -0.99687163  
1.2110   -0.98877809  -1.00282338  
1.2060   -0.98925005  -1.01229022  
1.2010   -0.99511578  -1.01101617  
1.1960   -0.99384364  -1.01203762  
1.1910   -1.00367134  -1.00919662  
1.1860   -1.00833758  -1.00526312  
1.1810   -1.00158954  -1.00560890  
1.1760   -1.01003449  -1.01904763  
1.1710   -1.01569055  -1.01402327  
1.1660   -1.00282045  -1.01305529  
1.1610   -1.00683334  -1.02529564  
1.1560   -1.01693965  -1.02616667  
1.1510   -1.02300381  -1.01777514  
1.1460   -1.01485220  -1.01980750  
1.1410   -1.02499490  -1.01791054  
1.1360   -1.02370275  -1.04239092  
1.1310   -1.02623058  -1.03411799  
1.1260   -1.02325315  -1.03088347  
1.1210   -1.03133311  -1.03430327  
1.1160   -1.03093542  -1.03518828  
1.1110   -1.02831449  -1.04240419  
1.1060   -1.03288513  -1.03990051  
1.1010   -1.02971698  -1.04359197  
1.0960   -1.03432467  -1.04130351  
1.0910   -1.03848158  -1.04946512  
1.0860   -1.03849309  -1.04349812  
1.0810   -1.04027695  -1.04617477  
1.0760   -1.05015151  -1.06201491  
1.0710   -1.04439822  -1.04570082  
1.0660   -1.06491735  -1.05224162  
1.0610   -1.06357539  -1.04757777  
1.0560   -1.04617000  -1.06038818  
1.0510   -1.05802963  -1.06533970  
1.0460   -1.05629228  -1.06233610  
1.0410   -1.06200832  -1.06591076  
1.0360   -1.06652784  -1.06220945  
1.0310   -1.06504866  -1.07428132  
1.0260   -1.05591628  -1.07713765  
1.0210   -1.06371703  -1.07429923  
1.0160   -1.06838445  -1.07092745  
1.0110   -1.06820152  -1.06489436  
1.0060   -1.07098854  -1.07252984  
1.0010   -1.07892114  -1.07217751  
0.9960   -1.07692473  -1.08107289  
0.9910   -1.08837924  -1.07603904  
0.9860   -1.07815536  -1.08469985  
0.9810   -1.07497891  -1.08055478  
0.9760   -1.08888261  -1.08104179  
0.9710   -1.08771831  -1.07440242  
0.9660   -1.09391563  -1.08860292  
0.9610   -1.09649943  -1.08817692  
0.9560   -1.10237290  -1.09356902  
0.9510   -1.09800979  -1.08568857  
0.9460   -1.09444681  -1.09463392  
0.9410   -1.09621052  -1.09743464  
0.9360   -1.10618439  -1.09160180  
0.9310   -1.10516302  -1.10561043  
0.9260   -1.10438318  -1.11024088  
0.9210   -1.10119017  -1.10381566  
0.9160   -1.09909617  -1.10672871  
0.9110   -1.11582685  -1.10111447  
0.9060   -1.11855469  -1.11812539  
0.9010   -1.10954186  -1.11802010  
0.8960   -1.11153109  -1.11369420  
0.8910   -1.11025228  -1.12147203  
0.8860   -1.12286840  -1.12117935  
0.8810   -1.11595803  -1.11895961  
0.8760   -1.12950099  -1.12083934  
0.8710   -1.12770133  -1.12759385  
0.8660   -1.12766721  -1.12443468  
0.8610   -1.12445438  -1.13088544  
0.8560   -1.13066040  -1.12688395  
0.8510   -1.12575432  -1.13167541  
0.8460   -1.13125449  -1.13254176  
0.8410   -1.13630582  -1.13539805  
0.8360   -1.14136931  -1.13463755  
0.8310   -1.12906926  -1.13413012  
0.8260   -1.14262762  -1.13808554  
0.8210   -1.14688116  -1.14697807  
0.8160   -1.14159379  -1.14587707  
0.8110   -1.15074011  -1.14961095  
0.8060   -1.15163457  -1.14623778  
0.8010   -1.14754864  -1.15236561  
0.7960   -1.15521979  -1.15366936  
0.7910   -1.15387731  -1.15572316  
0.7860   -1.15210514  -1.15770079  
0.7810   -1.15940875  -1.16044334  
0.7760   -1.15747735  -1.15874472  
0.7710   -1.16531662  -1.16046113  
0.7660   -1.16081215  -1.16217238  
0.7610   -1.16108695  -1.16630184  
0.7560   -1.16565075  -1.17150314  
0.7510   -1.16945731  -1.17181702  
0.7460   -1.17568773  -1.17323460  
0.7410   -1.17330776  -1.16921210  
0.7360   -1.17818362  -1.17203102  
0.7310   -1.17602190  -1.17709589  
0.7260   -1.17559368  -1.18304018  
0.7210   -1.17613522  -1.18231686  
0.7160   -1.17470711  -1.18331014  
0.7110   -1.18126146  -1.18553715  
0.7060   -1.18254161  -1.18611174  
0.7010   -1.19004996  -1.18787442  
0.6960   -1.18963357  -1.18847101  
0.6910   -1.19141881  -1.19276657  
0.6860   -1.18880984  -1.19344402  
0.6810   -1.19701820  -1.19739046  
0.6760   -1.18824073  -1.19920950  
0.6710   -1.19863845  -1.19491327  
0.6660   -1.19881019  -1.20075259  
0.6610   -1.20130287  -1.20124607  
0.6560   -1.19724649  -1.20346836  
0.6510   -1.19932071  -1.20728239  
0.6460   -1.20269920  -1.20750671  
0.6410   -1.20182968  -1.20321707  
0.6360   -1.20610522  -1.20596239  
0.6310   -1.21046960  -1.21207449  
0.6260   -1.20790567  -1.21507439  
0.6210   -1.21048446  -1.21474983  
0.6160   -1.20938779  -1.20858793  
0.6110   -1.21062744  -1.21794367  
0.6060   -1.20951325  -1.21442141  
0.6010   -1.21252659  -1.21778540  
0.5960   -1.21128003  -1.21927233  
0.5910   -1.21617328  -1.21883341  
0.5860   -1.21836316  -1.22234984  
0.5810   -1.21708737  -1.22046987  
0.5760   -1.21574176  -1.22379355  
0.5710   -1.22167918  -1.22634200  
0.5660   -1.22388979  -1.22423525  
0.5610   -1.22169419  -1.22446243  
0.5560   -1.22715385  -1.22838051  
0.5510   -1.22680414  -1.23041295  
0.5460   -1.23057262  -1.23317190  
0.5410   -1.23312455  -1.22879131  
0.5360   -1.23127493  -1.23180821  
0.5310   -1.23426960  -1.23396528  
0.5260   -1.23098091  -1.23364139  
0.5210   -1.23487413  -1.23809077  
0.5160   -1.23875889  -1.23516275  
0.5110   -1.23661318  -1.23959768  
0.5060   -1.23339149  -1.24064422  
0.5010   -1.24060248  -1.24138276  
0.4960   -1.24208968  -1.24441607  
0.4910   -1.23791908  -1.24406676  
0.4860   -1.24165327  -1.24357172  
0.4810   -1.24141624  -1.24365545  
0.4760   -1.24437675  -1.24695748  
0.4710   -1.24529997  -1.24629687  
0.4660   -1.24712858  -1.24604828  
0.4610   -1.24815042  -1.24787709  
0.4560   -1.25091389  -1.24825182  
0.4510   -1.24753886  -1.24692495  
0.4460   -1.25186389  -1.25216963  
0.4410   -1.25265696  -1.25253896  
0.4360   -1.25107578  -1.25359376  
0.4310   -1.25210036  -1.25405293  
0.4260   -1.25226892  -1.25612596  
0.4210   -1.25282690  -1.25425890  
0.4160   -1.25186679  -1.25548060  
0.4110   -1.25545121  -1.25739353  
0.4060   -1.25540311  -1.25669713  
0.4010   -1.25536562  -1.25641065  
0.3960   -1.25535847  -1.25783121  
0.3910   -1.25566925  -1.25729265  
0.3860   -1.25652535  -1.25858178  
0.3810   -1.25677839  -1.25765380  
0.3760   -1.25656074  -1.25901406  
0.3710   -1.25819299  -1.26003070  
0.3660   -1.25939173  -1.26008980  
0.3610   -1.25818561  -1.26001108  
0.3560   -1.25821901  -1.26064095  
0.3510   -1.25853337  -1.26055084  
0.3460   -1.25969366  -1.26194792  
0.3410   -1.26079966  -1.26164774  
0.3360   -1.25964469  -1.26223547  
0.3310   -1.25985571  -1.26335426  
0.3260   -1.26067543  -1.26332022  
0.3210   -1.26021332  -1.26297715  
0.3160   -1.26070319  -1.26353549  
0.3110   -1.26114520  -1.26438965  
0.3060   -1.26215449  -1.26385998  
0.3010   -1.26183473  -1.26355579  
0.2960   -1.26211942  -1.26376915  
0.2910   -1.26076825  -1.26496161  
0.2860   -1.26174445  -1.26372248  
0.2810   -1.26227511  -1.26363748  
0.2760   -1.26230998  -1.26489731  
0.2710   -1.26260591  -1.26489147  
0.2660   -1.26274739  -1.26487809  
0.2610   -1.26269611  -1.26532407  
0.2560   -1.26262549  -1.26526974  
0.2510   -1.26263090  -1.26546693  
0.2460   -1.26248303  -1.26557158  
0.2410   -1.26253855  -1.26579523  
0.2360   -1.26303355  -1.26560963  
0.2310   -1.26286328  -1.26572608  
0.2260   -1.26272419  -1.26570658  
0.2210   -1.26276859  -1.26580425  
0.2160   -1.26303800  -1.26569479  
0.2110   -1.26303800  -1.26580425  
0.2060   -1.26303800  -1.26580425  
0.2010   -1.26303800  -1.26578518  
0.1960   -1.26303800  -1.26580425  
0.1910   -1.26303800  -1.26580425  
0.1860   -1.26303800  -1.26580425  
0.1810   -1.26303800  -1.26566933  
0.1760   -1.26300578  -1.26580425  
0.1710   -1.26303800  -1.26580425  
0.1660   -1.26303800  -1.26580425  
0.1610   -1.26287527  -1.26572974  
0.1560   -1.26303800  -1.26580425  
0.1510   -1.26303800  -1.26580425  
0.1460   -1.26303800  -1.26580425  
0.1410   -1.26303800  -1.26580425  
0.1360   -1.26303800  -1.26580425  
0.1310   -1.26303800  -1.26580425  
0.1260   -1.26303800  -1.26580425  
0.1210   -1.26303800  -1.26580425  
0.1160   -1.26303800  -1.26580425  
0.1110   -1.26303800  -1.26580425  
0.1060   -1.26303800  -1.26580425  
0.1010   -1.26303800  -1.26580425  
0.0960   -1.26303800  -1.26580425  
0.0910   -1.26303800  -1.26580425  
0.0860   -1.26303800  -1.26580425  
0.0810   -1.26303800  -1.26580425  
0.0760   -1.26303800  -1.26580425  
0.0710   -1.26303800  -1.26580425  
0.0660   -1.26303800  -1.26580425  
0.0610   -1.26303800  -1.26580425  
0.0560   -1.26303800  -1.26580425  
0.0510   -1.26303800  -1.26580425  
0.0460   -1.26303800  -1.26580425  
0.0410   -1.26303800  -1.26580425  
0.0360   -1.26303800  -1.26580425  
0.0310   -1.26303800  -1.26580425  
0.0260   -1.26303800  -1.26580425  
0.0210   -1.26303800  -1.26580425  
0.0160   -1.26303800  -1.26580425  
0.0110   -1.26303800  -1.26580425  
0.0060   -1.26303800  -1.26580425  
0.0010   -1.26303800  -1.26580425  
