10.0660  -0.00390786  -0.00537874  
10.0610  -0.00278029  0.00056789   
10.0560  0.00115694   -0.00108334  
10.0510  0.01040175   -0.00430936  
10.0460  -0.00304806  -0.00398888  
10.0410  0.00597577   -0.00591567  
10.0360  0.00096510   -0.00545218  
10.0310  -0.00310827  0.00705976   
10.0260  -0.00224796  -0.00502311  
10.0210  0.00823420   0.00285842   
10.0160  -0.00289559  -0.00251109  
10.0110  0.00808395   0.00018534   
10.0060  -0.00141653  0.01130230   
10.0010  -0.00566013  0.00478243   
9.9960   0.00813264   -0.00563670  
9.9910   -0.00019785  -0.00023769  
9.9860   -0.00629986  0.00509973   
9.9810   -0.00199350  -0.00001074  
9.9760   0.00580248   -0.00073745  
9.9710   -0.00250902  -0.00109101  
9.9660   -0.00275336  0.01157924   
9.9610   0.00231691   -0.00588890  
9.9560   0.00384467   -0.00022792  
9.9510   0.00407606   0.00596190   
9.9460   0.00479712   -0.00361991  
9.9410   0.01125384   -0.00713149  
9.9360   0.00303539   0.00184881   
9.9310   -0.00337966  -0.01116444  
9.9260   -0.00465160  -0.01002285  
9.9210   0.00403360   0.00941411   
9.9160   -0.00462205  0.00143523   
9.9110   0.00203568   -0.00170547  
9.9060   0.00774607   -0.00017895  
9.9010   -0.00520668  -0.00607514  
9.8960   -0.00026600  0.00661779   
9.8910   -0.00238634  -0.00412729  
9.8860   0.00189131   0.00422925   
9.8810   -0.00254346  0.00059041   
9.8760   -0.00293165  -0.00470228  
9.8710   0.00653788   -0.00085707  
9.8660   -0.00187176  -0.00365220  
9.8610   0.00416173   0.00204366   
9.8560   0.00048580   -0.00655738  
9.8510   -0.00302173  0.00068931   
9.8460   0.00002008   -0.00685931  
9.8410   -0.00469394  0.00006909   
9.8360   -0.00225209  0.00344500   
9.8310   -0.00118859  -0.00008497  
9.8260   -0.00200077  -0.00691789  
9.8210   0.00292911   0.00285802   
9.8160   0.00203762   -0.01118616  
9.8110   0.00234630   -0.00367881  
9.8060   0.00181751   -0.00503133  
9.8010   -0.00983213  0.00685268   
9.7960   0.00959188   -0.01088014  
9.7910   0.00064526   0.00223708   
9.7860   -0.00041832  -0.00016906  
9.7810   -0.00417273  0.00633064   
9.7760   0.00028773   -0.00441783  
9.7710   -0.00157961  -0.00316293  
9.7660   0.00538966   0.00353142   
9.7610   0.00356808   0.00592012   
9.7560   -0.00287557  -0.00149219  
9.7510   0.00391310   0.00469414   
9.7460   -0.01044083  0.00167922   
9.7410   0.00123816   -0.00337458  
9.7360   0.00348102   0.00450492   
9.7310   0.00458702   -0.00619782  
9.7260   0.00547613   -0.00445234  
9.7210   0.00130508   0.00626983   
9.7160   0.00659078   0.00908454   
9.7110   0.00278752   0.00130357   
9.7060   -0.00493498  0.00699407   
9.7010   -0.00339249  0.00440170   
9.6960   -0.00449444  0.00535828   
9.6910   -0.00728381  0.00703379   
9.6860   0.00563273   0.00101066   
9.6810   0.00881625   -0.00582703  
9.6760   0.00171532   -0.00230639  
9.6710   0.00145398   -0.00322973  
9.6660   -0.00138046  0.00016071   
9.6610   0.00240941   -0.00828702  
9.6560   0.00694895   0.00537771   
9.6510   0.00959979   -0.00021517  
9.6460   -0.00007965  0.00397673   
9.6410   0.00422452   -0.00828865  
9.6360   -0.00524561  -0.00718527  
9.6310   -0.00385527  -0.00129249  
9.6260   0.00856976   -0.00450596  
9.6210   -0.00188161  -0.00524370  
9.6160   0.00764539   -0.00477214  
9.6110   -0.01017604  -0.00975981  
9.6060   -0.00499690  0.00131982   
9.6010   0.00774794   0.00475252   
9.5960   -0.00401140  0.00976278   
9.5910   0.00231906   -0.00096773  
9.5860   -0.00546199  0.00059371   
9.5810   -0.00004565  -0.00268449  
9.5760   -0.00073602  -0.00143440  
9.5710   -0.00027474  -0.00383545  
9.5660   -0.00820592  0.00261292   
9.5610   0.00900482   0.00787305   
9.5560   0.01459988   -0.00323795  
9.5510   0.00813395   -0.00608642  
9.5460   0.00398590   -0.00222787  
9.5410   0.00290135   -0.00301784  
9.5360   -0.00644566  0.00108005   
9.5310   0.00131581   -0.00019761  
9.5260   0.00032062   -0.00411939  
9.5210   0.00622288   0.00654507   
9.5160   0.00816056   -0.00419299  
9.5110   -0.00231667  0.00277918   
9.5060   0.00180429   0.00204064   
9.5010   0.00012362   0.00982689   
9.4960   0.00328553   0.00516856   
9.4910   -0.01259286  0.00642576   
9.4860   -0.00047428  0.00112052   
9.4810   -0.00057520  -0.00142487  
9.4760   0.00125837   0.00613733   
9.4710   0.00199231   0.00215928   
9.4660   0.00464294   -0.01042816  
9.4610   -0.01391353  0.00209482   
9.4560   -0.00124416  0.00218795   
9.4510   -0.00544928  0.01075897   
9.4460   -0.00021977  0.00457399   
9.4410   0.00781999   0.00043865   
9.4360   -0.00689100  -0.01874026  
9.4310   -0.00226457  0.00414576   
9.4260   -0.01131822  -0.01228482  
9.4210   -0.00912278  -0.00274820  
9.4160   0.00082117   -0.00364577  
9.4110   0.00561760   -0.01075643  
9.4060   -0.00116973  -0.00469287  
9.4010   -0.00456585  -0.00371185  
9.3960   -0.00940617  0.01176107   
9.3910   -0.00815234  -0.00835553  
9.3860   0.00685423   -0.00282879  
9.3810   -0.00072692  -0.00262730  
9.3760   0.00231862   0.00149930   
9.3710   -0.00607335  -0.00565954  
9.3660   0.00574989   -0.00016771  
9.3610   0.00107035   -0.00813824  
9.3560   0.00408674   -0.00124563  
9.3510   0.00012600   0.01134360   
9.3460   -0.01225392  0.00910201   
9.3410   0.00117731   -0.00063684  
9.3360   0.00235238   0.00582782   
9.3310   0.00000824   -0.00290572  
9.3260   0.00228875   -0.00072680  
9.3210   0.00183217   0.00011345   
9.3160   0.00070341   0.01297204   
9.3110   0.00191160   -0.00529847  
9.3060   0.00549090   -0.01035659  
9.3010   0.00112600   -0.00085882  
9.2960   0.00014415   -0.00351808  
9.2910   -0.00554289  0.00829314   
9.2860   -0.01104251  0.00096995   
9.2810   -0.00920230  0.00170130   
9.2760   0.00131275   0.00246263   
9.2710   0.00086319   -0.00095319  
9.2660   0.00127482   0.01519715   
9.2610   0.00007874   0.00145926   
9.2560   0.00876748   0.01083808   
9.2510   0.00345612   0.00119125   
9.2460   -0.00196772  -0.00178324  
9.2410   -0.00051586  -0.00089385  
9.2360   -0.00551886  0.00028296   
9.2310   -0.00571737  -0.00450798  
9.2260   0.00061138   -0.01157571  
9.2210   -0.01304766  -0.00043246  
9.2160   -0.00171155  -0.00279268  
9.2110   0.00042027   -0.00810460  
9.2060   -0.00856269  0.00402133   
9.2010   -0.00242486  0.00876704   
9.1960   0.00125496   0.00023860   
9.1910   -0.00130091  -0.00258322  
9.1860   0.00887976   0.00084508   
9.1810   -0.00584549  0.00455425   
9.1760   -0.00255228  0.00120261   
9.1710   0.00043405   -0.01143142  
9.1660   0.00049613   -0.00444872  
9.1610   0.00226576   -0.00848874  
9.1560   0.00012275   0.00201554   
9.1510   -0.01071421  -0.00273601  
9.1460   0.00928495   -0.00090410  
9.1410   0.00421551   -0.00180162  
9.1360   -0.00298336  -0.00735264  
9.1310   -0.00772629  0.00143079   
9.1260   -0.00381166  0.00560795   
9.1210   -0.00721180  -0.00221996  
9.1160   -0.00207047  -0.00113342  
9.1110   -0.00243384  -0.00314100  
9.1060   -0.00079079  0.00914395   
9.1010   -0.00049883  0.00844640   
9.0960   0.00817132   -0.00036935  
9.0910   0.00749546   -0.00705682  
9.0860   -0.00454853  -0.00607387  
9.0810   0.00195962   -0.00265598  
9.0760   -0.00801285  0.00328740   
9.0710   0.00598415   -0.00064653  
9.0660   -0.00112806  0.00232680   
9.0610   -0.00068732  -0.00089353  
9.0560   -0.00645940  -0.00335107  
9.0510   0.00319319   -0.01008219  
9.0460   -0.00830493  -0.00014205  
9.0410   0.00407074   0.00258298   
9.0360   0.00277247   -0.00203441  
9.0310   -0.00243452  -0.00334380  
9.0260   -0.00458352  -0.01266944  
9.0210   0.00305966   -0.00286274  
9.0160   -0.00260538  -0.00219411  
9.0110   -0.00535241  0.00083082   
9.0060   0.00148456   -0.00156690  
9.0010   -0.00607085  0.00383955   
8.9960   -0.00964113  -0.00097253  
8.9910   -0.00212301  0.00144032   
8.9860   0.00420514   -0.00393657  
8.9810   0.00616335   0.00092586   
8.9760   0.00295481   0.00023757   
8.9710   -0.00355763  -0.01218294  
8.9660   -0.00888639  -0.00579045  
8.9610   0.00221321   0.00177966   
8.9560   -0.00229523  0.00309799   
8.9510   0.00463778   0.00406577   
8.9460   0.00072887   -0.00799053  
8.9410   -0.00275591  -0.00145533  
8.9360   0.00471475   0.00783845   
8.9310   -0.00582166  0.00179610   
8.9260   0.00124265   0.00463500   
8.9210   -0.00392279  0.00485821   
8.9160   -0.00397542  0.00552728   
8.9110   0.00908787   0.00316948   
8.9060   -0.00803069  0.01160474   
8.9010   -0.00028261  0.01330098   
8.8960   -0.00830839  0.00719909   
8.8910   -0.00092733  -0.00497545  
8.8860   0.01001344   -0.00500643  
8.8810   -0.00220245  0.00053108   
8.8760   -0.00784203  0.00528481   
8.8710   0.00519676   0.00608153   
8.8660   -0.00447772  0.00492513   
8.8610   0.00114931   -0.00558134  
8.8560   0.00173212   -0.00685875  
8.8510   0.00416443   -0.00359529  
8.8460   -0.00489165  0.00857147   
8.8410   -0.00496739  -0.00334531  
8.8360   -0.00346136  -0.00250049  
8.8310   -0.00051944  -0.00124936  
8.8260   0.00485209   -0.00661624  
8.8210   0.00015817   0.00326726   
8.8160   -0.00639184  -0.00225460  
8.8110   0.00606533   0.00080246   
8.8060   0.00837106   -0.00570787  
8.8010   0.00596262   -0.00236934  
8.7960   0.00564024   0.00375360   
8.7910   0.00809745   0.00365272   
8.7860   -0.00623551  0.00014360   
8.7810   0.00272203   0.00703879   
8.7760   -0.00617868  0.00643652   
8.7710   0.00257261   -0.00252118  
8.7660   0.00290401   0.00480443   
8.7610   -0.00641337  -0.00536154  
8.7560   0.00309473   -0.00011079  
8.7510   -0.00186330  -0.00363119  
8.7460   -0.00971580  0.00355378   
8.7410   0.00798787   0.00428513   
8.7360   -0.00095664  0.00004558   
8.7310   -0.00819932  0.00622340   
8.7260   0.00583306   0.00046944   
8.7210   0.00072509   0.00031938   
8.7160   -0.00065742  -0.00497200  
8.7110   -0.00318322  0.00060741   
8.7060   -0.00157794  -0.00495075  
8.7010   -0.00919273  0.00694280   
8.6960   -0.01320788  -0.00721756  
8.6910   -0.00036450  -0.00424645  
8.6860   0.00023665   0.00026227   
8.6810   0.00589748   0.00022529   
8.6760   0.00066163   -0.00941808  
8.6710   0.00082709   0.00340814   
8.6660   0.00178717   0.00175817   
8.6610   -0.00249393  -0.00197292  
8.6560   0.00649602   -0.00185441  
8.6510   0.01084686   -0.00391322  
8.6460   0.00018955   0.00615247   
8.6410   -0.00185159  -0.00198007  
8.6360   0.00083884   0.00369136   
8.6310   -0.00332926  0.00526312   
8.6260   -0.00137320  0.00103719   
8.6210   -0.00018796  -0.00288832  
8.6160   0.00264192   0.00790645   
8.6110   0.00287573   -0.00462487  
8.6060   -0.00341572  -0.00036712  
8.6010   0.00688886   0.00421737   
8.5960   -0.00663558  -0.00061698  
8.5910   -0.00334034  0.00325324   
8.5860   0.00343952   0.00575351   
8.5810   -0.00206678  -0.00306065  
8.5760   -0.00749451  0.00586901   
8.5710   -0.00050034  -0.00510842  
8.5660   0.00836355   -0.00275309  
8.5610   0.01323596   0.00159148   
8.5560   -0.00807739  -0.00798982  
8.5510   0.00001547   -0.01043738  
8.5460   0.00091538   -0.00052710  
8.5410   0.00304278   0.00645293   
8.5360   -0.00798998  0.00965019   
8.5310   0.00966774   0.00175833   
8.5260   -0.00144215  -0.00832848  
8.5210   -0.00404043  -0.00202011  
8.5160   0.00701699   -0.00579795  
8.5110   -0.00496739  0.00446457   
8.5060   0.00149076   0.00185977   
8.5010   -0.00745137  0.00071183   
8.4960   -0.00509309  0.00187574   
8.4910   -0.00021672  0.00170197   
8.4860   -0.00733437  -0.00762930  
8.4810   -0.00203365  0.00556473   
8.4760   0.00246653   0.00068117   
8.4710   0.00653903   0.01104835   
8.4660   -0.00200676  0.00756024   
8.4610   -0.00192360  -0.00021731  
8.4560   0.00146308   0.00530546   
8.4510   -0.00198393  -0.00060189  
8.4460   0.00020178   -0.00545523  
8.4410   0.00255525   -0.00780331  
8.4360   -0.00536837  0.00832952   
8.4310   0.00570390   0.00190739   
8.4260   -0.00201153  -0.00512940  
8.4210   0.00236573   0.00694260   
8.4160   -0.01140072  -0.01043821  
8.4110   0.01262575   0.00037296   
8.4060   0.00033877   -0.00367583  
8.4010   0.00233939   -0.00355100  
8.3960   -0.00157802  0.00405060   
8.3910   -0.00071330  0.00053135   
8.3860   0.00060479   0.01151037   
8.3810   0.00309553   -0.00064491  
8.3760   -0.00385702  0.00290198   
8.3710   0.00184952   -0.00012163  
8.3660   -0.00394666  0.00100101   
8.3610   -0.00034842  -0.00425788  
8.3560   0.00122724   0.00269510   
8.3510   0.00131457   0.00070524   
8.3460   -0.00546961  0.00301446   
8.3410   0.00026275   0.00736888   
8.3360   0.00466971   -0.00674060  
8.3310   0.00802965   0.00508320   
8.3260   -0.01268973  -0.00343828  
8.3210   0.01198249   0.00369883   
8.3160   0.00512233   0.00060948   
8.3110   -0.00390273  -0.00395139  
8.3060   0.00714476   -0.00183737  
8.3010   0.00319212   -0.00235012  
8.2960   0.00765361   0.00518893   
8.2910   -0.00311296  -0.00583382  
8.2860   0.00166349   -0.00424287  
8.2810   -0.00394491  0.01090334   
8.2760   0.00597275   -0.00128105  
8.2710   0.00775247   0.00280623   
8.2660   -0.00451243  0.00619834   
8.2610   -0.00091971  0.00028241   
8.2560   -0.00158846  0.00367003   
8.2510   0.00500496   -0.00284134  
8.2460   -0.00006027  0.00145021   
8.2410   -0.00320316  -0.00292979  
8.2360   -0.00117592  -0.00243062  
8.2310   0.00467321   -0.00092642  
8.2260   0.00136660   0.00405128   
8.2210   -0.00153048  0.00036232   
8.2160   -0.00921068  -0.00688977  
8.2110   0.00070575   -0.00356304  
8.2060   -0.00375030  -0.00114669  
8.2010   -0.00277850  -0.00468079  
8.1960   -0.00118327  -0.00965539  
8.1910   -0.00318699  0.00212818   
8.1860   0.00528501   -0.00036315  
8.1810   -0.00190020  -0.00940013  
8.1760   0.01067663   0.00173331   
8.1710   -0.00539165  0.01022076   
8.1660   -0.00193309  -0.00182410  
8.1610   -0.00378315  0.00325006   
8.1560   -0.00537914  0.00402677   
8.1510   0.00493601   -0.00471828  
8.1460   0.00821918   0.00037844   
8.1410   -0.00622463  -0.00185071  
8.1360   0.00808049   0.00095009   
8.1310   -0.00242260  0.00300656   
8.1260   0.00362956   -0.00013772  
8.1210   0.00266360   -0.00530403  
8.1160   -0.00544491  0.00462443   
8.1110   -0.01060296  0.00274812   
8.1060   0.00041042   0.01122127   
8.1010   0.00428338   0.00093190   
8.0960   0.01220757   0.00042090   
8.0910   0.00296537   -0.00418608  
8.0860   0.00200533   0.00466757   
8.0810   -0.00216658  -0.00639617  
8.0760   -0.00509794  -0.00172731  
8.0710   -0.00599864  -0.00571856  
8.0660   0.00390941   0.00244564   
8.0610   0.00377822   -0.00951884  
8.0560   0.00100291   0.00039036   
8.0510   -0.00202261  -0.00005169  
8.0460   -0.00815941  -0.00750622  
8.0410   0.00225523   -0.00535892  
8.0360   0.00070194   -0.00351712  
8.0310   0.00215471   -0.00984722  
8.0260   -0.00509786  -0.01178692  
8.0210   0.00460962   -0.00036756  
8.0160   -0.01478520  -0.00594606  
8.0110   0.00575160   0.00251649   
8.0060   0.00860793   0.00470216   
8.0010   -0.00673035  0.00338915   
7.9960   0.00482945   -0.00335881  
7.9910   0.00594014   0.00404409   
7.9860   -0.00225535  0.00396835   
7.9810   0.00998468   -0.00899716  
7.9760   0.00180758   0.00841967   
7.9710   0.00660723   0.01440074   
7.9660   -0.00168156  -0.00464088  
7.9610   0.00627575   -0.00565743  
7.9560   -0.00200259  -0.00167719  
7.9510   0.00029293   -0.01416240  
7.9460   -0.01002996  -0.00460791  
7.9410   0.00237971   -0.00333867  
7.9360   0.00038420   -0.01067945  
7.9310   -0.00344341  -0.00120507  
7.9260   -0.00817307  0.00010261   
7.9210   0.00320932   -0.00235858  
7.9160   -0.00713336  -0.00476900  
7.9110   0.00403269   -0.00599547  
7.9060   0.00054871   0.01097030   
7.9010   -0.00059478  0.00108966   
7.8960   -0.00444996  0.00300751   
7.8910   0.00554170   0.00151785   
7.8860   -0.00249218  0.00110495   
7.8810   -0.00582905  0.00820365   
7.8760   -0.00711962  0.00064324   
7.8710   -0.00147408  0.00748259   
7.8660   -0.00637166  -0.00062187  
7.8610   0.00199779   0.00454238   
7.8560   -0.00484403  -0.00420736  
7.8510   -0.00384268  -0.00929782  
7.8460   -0.00807707  0.00858609   
7.8410   0.00126926   -0.00210510  
7.8360   0.00502430   0.00062020   
7.8310   0.00006678   -0.00465799  
7.8260   -0.00129754  0.00422047   
7.8210   -0.00033325  -0.00120515  
7.8160   -0.01089305  -0.00963899  
7.8110   -0.00724465  0.00327401   
7.8060   -0.00074753  -0.01538902  
7.8010   -0.00523758  -0.00498443  
7.7960   -0.00295866  0.00356641   
7.7910   -0.00702465  -0.00900653  
7.7860   0.01638786   -0.00244083  
7.7810   0.00207909   -0.00676244  
7.7760   0.00286759   0.00674687   
7.7710   0.01029591   -0.00202479  
7.7660   -0.00715103  0.00613162   
7.7610   -0.00114899  -0.00300326  
7.7560   0.01220332   -0.00505679  
7.7510   -0.00207829  0.00265927   
7.7460   0.00240731   0.00434772   
7.7410   -0.00009010  -0.00581686  
7.7360   0.00340206   -0.00263965  
7.7310   -0.00337319  -0.00729262  
7.7260   -0.00713256  0.01083534   
7.7210   -0.00144119  -0.00244290  
7.7160   -0.00300414  0.00270479   
7.7110   -0.01044667  -0.00137761  
7.7060   -0.00387430  0.00109589   
7.7010   0.00259215   -0.00386528  
7.6960   -0.00165523  -0.00786983  
7.6910   -0.00155574  0.00184627   
7.6860   -0.00200521  -0.00198643  
7.6810   0.00000367   -0.00069570  
7.6760   -0.00799919  0.00421336   
7.6710   -0.00116762  0.00152158   
7.6660   -0.00367619  0.00796793   
7.6610   0.00102559   -0.00913812  
7.6560   -0.00014908  -0.00120897  
7.6510   0.01279582   -0.00040783  
7.6460   0.00446966   -0.01052356  
7.6410   -0.00351804  -0.00945426  
7.6360   -0.00397991  -0.00228820  
7.6310   0.00062274   -0.00455278  
7.6260   0.00480955   -0.00247348  
7.6210   0.00506982   0.00052067   
7.6160   -0.00000280  -0.00418250  
7.6110   -0.00152472  -0.01032053  
7.6060   -0.00492354  0.00240139   
7.6010   -0.00282176  0.00604900   
7.5960   -0.00823535  -0.00347355  
7.5910   0.00612625   0.00946014   
7.5860   -0.00100224  -0.00081680  
7.5810   -0.00443280  0.00169820   
7.5760   0.00275023   0.00780708   
7.5710   -0.00379419  0.00405711   
7.5660   -0.00803291  -0.00934683  
7.5610   0.00223919   -0.00280178  
7.5560   -0.00127208  -0.00568301  
7.5510   -0.00465374  -0.00683890  
7.5460   0.00818618   -0.00073475  
7.5410   -0.00038067  0.00280325   
7.5360   0.00044132   -0.00103489  
7.5310   -0.00090243  -0.01128002  
7.5260   0.00357896   0.00487799   
7.5210   -0.00259247  -0.00236056  
7.5160   0.00517011   0.00616649   
7.5110   0.00328402   0.01168453   
7.5060   -0.00777558  0.00261948   
7.5010   0.00615207   -0.00865488  
7.4960   0.00496787   0.00566764   
7.4910   -0.00390957  0.00779961   
7.4860   -0.00450532  0.00170980   
7.4810   -0.00560767  0.00751345   
7.4760   -0.00211372  -0.00747878  
7.4710   -0.00750912  0.00264025   
7.4660   -0.00411490  -0.00834274  
7.4610   0.00149513   0.01005049   
7.4560   0.00443165   -0.00348181  
7.4510   0.01098452   -0.00499332  
7.4460   -0.01029257  -0.00030957  
7.4410   0.00535884   -0.00086780  
7.4360   -0.00634351  0.00964443   
7.4310   -0.00456240  0.00283876   
7.4260   -0.00551370  0.00213429   
7.4210   0.00655289   -0.00593831  
7.4160   0.00120746   0.00291743   
7.4110   -0.00110773  -0.00491949  
7.4060   -0.00084695  -0.00853013  
7.4010   0.00711918   -0.00505981  
7.3960   0.00553852   -0.00232716  
7.3910   0.00919451   0.00163569   
7.3860   0.00583636   -0.00326794  
7.3810   -0.00329427  0.01000542   
7.3760   -0.00259394  0.00178284   
7.3710   -0.00555373  -0.00219478  
7.3660   -0.00222072  0.00593283   
7.3610   0.00698092   0.00136748   
7.3560   0.00572551   -0.00292721  
7.3510   0.00347609   -0.00048048  
7.3460   0.00212492   -0.00943703  
7.3410   -0.01100835  0.00072779   
7.3360   -0.00747346  0.00209716   
7.3310   0.00578214   0.00263183   
7.3260   -0.00111976  -0.01246088  
7.3210   0.00109800   0.00625311   
7.3160   -0.00643803  -0.00775215  
7.3110   -0.00740677  0.00114323   
7.3060   0.00162524   -0.00253556  
7.3010   0.00102138   -0.00130830  
7.2960   -0.00238435  -0.00460283  
7.2910   0.00638402   -0.00496981  
7.2860   0.00296561   -0.00779326  
7.2810   -0.00711644  0.00193063   
7.2760   0.00269605   0.00171576   
7.2710   -0.00191184  -0.00202086  
7.2660   0.01108095   0.01568483   
7.2610   -0.00017215  -0.00284789  
7.2560   -0.00512900  0.00528322   
7.2510   -0.00143301  0.00409898   
7.2460   -0.00759316  -0.00794724  
7.2410   -0.00735244  0.00128252   
7.2360   0.00053644   -0.00025826  
7.2310   0.00193440   0.00373803   
7.2260   0.00321849   0.00715016   
7.2210   -0.00096058  -0.00427405  
7.2160   0.00535443   -0.00077685  
7.2110   -0.00659074  -0.00394940  
7.2060   -0.00183455  0.00327294   
7.2010   0.00553785   -0.00124610  
7.1960   -0.00175309  0.00395679   
7.1910   0.00319529   0.00123355   
7.1860   -0.00198456  0.01094607   
7.1810   -0.00425268  0.00453165   
7.1760   -0.00228391  0.00338463   
7.1710   0.00732634   -0.00062568  
7.1660   -0.00395615  -0.00692468  
7.1610   -0.00362916  -0.00410013  
7.1560   -0.00350862  -0.00919916  
7.1510   -0.02065800  0.00312170   
7.1460   -0.00688052  0.00130647   
7.1410   0.00772097   0.00830410   
7.1360   0.00094588   0.00274224   
7.1310   0.00494658   -0.00626630  
7.1260   -0.00351085  -0.00139802  
7.1210   -0.00429768  0.00598800   
7.1160   -0.00029567  0.00118923   
7.1110   0.00635177   0.00145509   
7.1060   -0.00008227  -0.00514353  
7.1010   -0.00495583  -0.00264915  
7.0960   0.00156126   0.00011544   
7.0910   -0.00429363  -0.00444932  
7.0860   0.00644752   0.00778857   
7.0810   -0.00226202  0.00791086   
7.0760   -0.00535364  0.00013113   
7.0710   -0.00403682  0.00123816   
7.0660   -0.00480050  -0.00247435  
7.0610   -0.01008358  0.00039171   
7.0560   -0.00569119  -0.00393872  
7.0510   0.00269379   0.00097444   
7.0460   -0.00951888  -0.00704662  
7.0410   0.00217238   0.00914526   
7.0360   0.01131072   -0.00746821  
7.0310   -0.00035573  0.00720961   
7.0260   -0.00796348  -0.00188372  
7.0210   0.00271031   -0.00605441  
7.0160   0.00800320   0.00599276   
7.0110   -0.00724059  -0.00422984  
7.0060   0.01133065   -0.00000427  
7.0010   0.00808708   -0.00078117  
6.9960   -0.00020996  -0.00032796  
6.9910   -0.00424660  -0.00426881  
6.9860   -0.00438093  -0.00060312  
6.9810   0.00096848   -0.00229610  
6.9760   -0.00452895  0.00526562   
6.9710   0.00001750   0.00143039   
6.9660   -0.00530451  -0.00216098  
6.9610   -0.00186620  0.00460406   
6.9560   -0.00383406  -0.00321015  
6.9510   -0.00574020  -0.00045812  
6.9460   -0.00613956  0.00135747   
6.9410   0.00595364   -0.00419096  
6.9360   0.00769055   -0.00207535  
6.9310   -0.00594201  0.00136128   
6.9260   0.01074308   -0.00413973  
6.9210   -0.00003287  0.00520077   
6.9160   -0.00340472  0.00197527   
6.9110   -0.00887435  0.00544193   
6.9060   0.00148023   0.00517018   
6.9010   0.00197872   0.00396906   
6.8960   0.00566220   0.00349782   
6.8910   -0.00577504  -0.00183360  
6.8860   -0.00044584  0.00803446   
6.8810   -0.00320832  0.00144191   
6.8760   0.00630979   0.00395254   
6.8710   0.00021548   0.01478250   
6.8660   -0.00061627  -0.01071377  
6.8610   0.00235838   0.00873753   
6.8560   0.00601147   -0.00860329  
6.8510   -0.00106178  -0.00338169  
6.8460   -0.00925318  -0.00007457  
6.8410   0.00503106   0.00716573   
6.8360   0.00172704   -0.00168144  
6.8310   0.00381309   -0.01410108  
6.8260   -0.00432346  0.00022661   
6.8210   0.00734688   0.00136227   
6.8160   0.00099525   -0.00264196  
6.8110   0.00421948   0.00891419   
6.8060   -0.00076584  -0.00160804  
6.8010   -0.00077101  0.00799943   
6.7960   0.00525109   -0.00075151  
6.7910   0.00964292   -0.00402296  
6.7860   -0.00158485  -0.00133094  
6.7810   0.00076711   0.00491214   
6.7760   -0.00436028  -0.00461570  
6.7710   0.00541635   -0.00360649  
6.7660   -0.00517432  0.00749359   
6.7610   -0.00258711  -0.00722975  
6.7560   -0.00435237  -0.01253348  
6.7510   -0.01005645  -0.00458658  
6.7460   -0.00023705  -0.00401116  
6.7410   -0.00361578  0.00698084   
6.7360   0.00544590   0.00263679   
6.7310   -0.00192224  0.00064344   
6.7260   -0.00642203  0.00233685   
6.7210   -0.00108993  -0.00577273  
6.7160   0.00355823   0.00430507   
6.7110   0.00866759   -0.00067565  
6.7060   0.00307769   0.00124118   
6.7010   -0.00251447  -0.00031688  
6.6960   -0.00204537  0.00722276   
6.6910   -0.00185953  0.00178737   
6.6860   0.00238352   -0.01482416  
6.6810   0.00169995   0.00540336   
6.6760   0.00540360   0.00798545   
6.6710   0.00885263   0.00486369   
6.6660   0.00370447   -0.00730772  
6.6610   -0.00629779  -0.00325860  
6.6560   -0.00757434  -0.00235357  
6.6510   0.00013609   0.00569699   
6.6460   -0.00224669  0.00113791   
6.6410   0.00424502   0.00294190   
6.6360   -0.00350326  0.00229781   
6.6310   0.00564778   0.00554456   
6.6260   -0.00376349  -0.00546500  
6.6210   -0.00221520  0.00083360   
6.6160   -0.00467130  -0.00318052  
6.6110   0.00421813   0.00606561   
6.6060   -0.00524060  -0.00459925  
6.6010   -0.00318425  -0.00178304  
6.5960   -0.00287375  -0.00364827  
6.5910   0.00050947   0.00140227   
6.5860   0.00701842   -0.00040497  
6.5810   -0.00234352  -0.00116468  
6.5760   -0.00455544  -0.00210157  
6.5710   0.00305096   -0.00491445  
6.5660   0.00125317   0.00761084   
6.5610   -0.00265212  0.00141347   
6.5560   -0.01053401  -0.00559361  
6.5510   -0.00283812  -0.00157361  
6.5460   -0.01161527  -0.00825807  
6.5410   0.01011829   -0.00164891  
6.5360   0.00316948   -0.00517821  
6.5310   0.00267151   0.00115420   
6.5260   0.00023546   0.00414346   
6.5210   0.01263750   -0.00050649  
6.5160   -0.00456792  0.00286596   
6.5110   -0.00383684  0.00096975   
6.5060   -0.00502180  -0.00041014  
6.5010   0.00454369   0.00567122   
6.4960   -0.00832626  0.01044878   
6.4910   -0.00059621  0.00016107   
6.4860   -0.00072033  -0.00023741  
6.4810   -0.00790673  -0.00432171  
6.4760   0.00195529   -0.00637309  
6.4710   -0.00307352  0.00633183   
6.4660   0.00042467   0.00184690   
6.4610   -0.00124598  -0.01529723  
6.4560   -0.00104525  0.01161543   
6.4510   0.00062886   -0.00453364  
6.4460   0.00265300   0.00334479   
6.4410   0.00686614   -0.00031601  
6.4360   -0.00439360  -0.00436854  
6.4310   0.00261257   -0.00681201  
6.4260   0.01112607   -0.00462642  
6.4210   0.00348499   -0.00233292  
6.4160   -0.00763784  0.00816854   
6.4110   0.00101554   -0.00098969  
6.4060   -0.00061258  -0.00206090  
6.4010   0.00591428   0.00089913   
6.3960   -0.00329205  -0.00605552  
6.3910   -0.00265324  0.00420534   
6.3860   -0.00413965  -0.00004832  
6.3810   -0.00470415  0.00125794   
6.3760   -0.00404278  -0.00616585  
6.3710   0.01319116   0.00469020   
6.3660   -0.00071568  -0.00418941  
6.3610   -0.00930723  -0.00742357  
6.3560   -0.00415109  0.00448979   
6.3510   0.00407483   -0.00388963  
6.3460   0.00634803   -0.00955729  
6.3410   -0.00665151  -0.00705388  
6.3360   -0.00480654  0.00757029   
6.3310   -0.00594185  -0.00060987  
6.3260   0.00170364   0.00632071   
6.3210   -0.00099767  0.00353325   
6.3160   0.00924738   0.00494237   
6.3110   0.00074289   -0.00978709  
6.3060   -0.00343260  0.00092304   
6.3010   0.00150816   -0.00832344  
6.2960   -0.00436170  0.01253857   
6.2910   0.00513245   0.00257627   
6.2860   -0.00184198  -0.00008696  
6.2810   0.00755956   -0.00082522  
6.2760   -0.00403873  0.00225301   
6.2710   0.01091605   0.00376809   
6.2660   0.00303659   -0.00239790  
6.2610   0.00470125   0.00063700   
6.2560   0.00000109   -0.00317278  
6.2510   -0.01015221  0.00080993   
6.2460   0.00225674   0.00815063   
6.2410   0.00628345   -0.00132570  
6.2360   -0.00329665  0.00507034   
6.2310   -0.00602398  0.00007707   
6.2260   0.00001710   -0.00077081  
6.2210   -0.00452466  0.00503221   
6.2160   -0.00665771  -0.00356196  
6.2110   -0.00176123  0.00628155   
6.2060   -0.00457034  -0.00456216  
6.2010   0.00492692   -0.00182454  
6.1960   0.00107282   0.00342963   
6.1910   0.00490289   0.01160335   
6.1860   -0.00918268  -0.00695916  
6.1810   -0.00498554  0.00173911   
6.1760   -0.00620124  -0.00684998  
6.1710   -0.00714380  0.00573945   
6.1660   -0.00299198  -0.00050613  
6.1610   0.00332040   0.01180249   
6.1560   -0.00124376  -0.00146598  
6.1510   -0.00404278  0.00832316   
6.1460   -0.00319450  0.00249187   
6.1410   0.00272076   0.00023610   
6.1360   -0.00458813  0.00217369   
6.1310   0.00697465   -0.00520688  
6.1260   -0.00244401  -0.00461212  
6.1210   -0.00115221  0.00333045   
6.1160   0.00929444   0.00306590   
6.1110   0.01184312   0.00072370   
6.1060   0.00081406   -0.00821978  
6.1010   -0.00752997  -0.00065968  
6.0960   0.00068264   0.00063243   
6.0910   -0.00205720  -0.00169514  
6.0860   -0.00987606  0.00188710   
6.0810   -0.00847595  0.00053596   
6.0760   0.00212305   -0.00552585  
6.0710   0.00995911   -0.00017203  
6.0660   -0.00978177  -0.00807271  
6.0610   -0.00527917  -0.00136450  
6.0560   0.00253810   0.00642524   
6.0510   -0.00225400  -0.00716029  
6.0460   0.00286628   -0.00163287  
6.0410   -0.00108024  -0.00405044  
6.0360   0.00310363   0.00632337   
6.0310   0.00245064   0.00098643   
6.0260   -0.00566438  0.00175285   
6.0210   -0.00136930  0.00113990   
6.0160   -0.00496604  0.00193158   
6.0110   0.01215728   -0.00280098  
6.0060   0.00325157   0.00236219   
6.0010   -0.00281608  -0.00250442  
5.9960   -0.00376094  0.00131537   
5.9910   -0.00638970  -0.00430952  
5.9860   -0.00754852  0.00198996   
5.9810   0.00409640   0.00125754   
5.9760   -0.00569453  0.00505771   
5.9710   0.00629084   0.00297637   
5.9660   0.00381123   -0.00661465  
5.9610   -0.00410934  -0.00511204  
5.9560   0.00082240   -0.00641595  
5.9510   -0.00866139  -0.00223911  
5.9460   -0.00261284  -0.01142451  
5.9410   -0.00449682  -0.01120765  
5.9360   0.00008803   -0.00256467  
5.9310   0.00057794   0.00256284   
5.9260   0.00077260   0.01227699   
5.9210   0.00209227   0.00739791   
5.9160   -0.00337418  -0.00521419  
5.9110   0.00269645   0.00358643   
5.9060   0.00540344   -0.00587377  
5.9010   -0.00153564  0.00073677   
5.8960   -0.00553248  -0.00227882  
5.8910   -0.00294524  -0.00788886  
5.8860   -0.00011115  -0.00385154  
5.8810   -0.00394337  -0.00561386  
5.8760   -0.00015468  -0.00191498  
5.8710   -0.00578540  0.00250994   
5.8660   0.00028142   0.00790025   
5.8610   -0.00563881  0.00330952   
5.8560   0.00025846   0.00726319   
5.8510   -0.00558705  -0.00583501  
5.8460   0.00396902   -0.00358857  
5.8410   0.01230185   -0.00639887  
5.8360   0.00585236   0.00611207   
5.8310   0.00642977   0.01295822   
5.8260   0.01473401   -0.00776867  
5.8210   0.00152702   0.00151924   
5.8160   0.00068403   -0.00261678  
5.8110   -0.00068963  0.00200502   
5.8060   0.00085576   0.00460656   
5.8010   0.00932804   -0.00506942  
5.7960   -0.00259398  0.00190056   
5.7910   0.00379506   -0.00011810  
5.7860   -0.00192387  -0.00374351  
5.7810   0.00202424   -0.00160236  
5.7760   0.00008795   -0.00841467  
5.7710   -0.00187395  0.00891220   
5.7660   -0.00239742  -0.00034941  
5.7610   -0.00511271  -0.00010694  
5.7560   -0.00021255  -0.00397375  
5.7510   -0.00181723  0.00167048   
5.7460   -0.00509953  -0.00414842  
5.7410   -0.00375113  0.00138086   
5.7360   -0.00506204  -0.00134261  
5.7310   -0.00498089  -0.00094719  
5.7260   -0.00766302  -0.00206550  
5.7210   -0.00128594  0.00659924   
5.7160   0.00343654   0.00499694   
5.7110   0.00705238   0.00081831   
5.7060   -0.00057385  -0.00467773  
5.7010   0.00448157   0.00253508   
5.6960   0.00883869   -0.00179988  
5.6910   -0.00027490  -0.00197288  
5.6860   -0.00505056  0.00019876   
5.6810   -0.00473528  0.00561474   
5.6760   0.00772244   -0.00123911  
5.6710   0.00137483   -0.00089822  
5.6660   0.00691563   0.00297582   
5.6610   -0.00854697  -0.00359509  
5.6560   0.00271821   0.00139536   
5.6510   -0.00684422  0.00337327   
5.6460   -0.00023395  0.00697604   
5.6410   0.00536702   -0.00169987  
5.6360   0.00640356   0.00522368   
5.6310   -0.00763915  -0.00016230  
5.6260   -0.00023264  -0.00062977  
5.6210   -0.00055721  0.00303786   
5.6160   -0.00426487  0.00307110   
5.6110   -0.00029158  0.00025492   
5.6060   0.00678758   -0.00600182  
5.6010   -0.00047925  -0.00183852  
5.5960   0.00536496   0.00464242   
5.5910   -0.00147690  0.00304358   
5.5860   -0.00172072  0.00113430   
5.5810   0.00107885   -0.00141446  
5.5760   0.00015750   0.00312726   
5.5710   -0.01062051  -0.00382120  
5.5660   -0.00943738  -0.00476154  
5.5610   -0.00661588  -0.00453011  
5.5560   0.00667379   -0.00717510  
5.5510   -0.00779306  -0.00233518  
5.5460   0.00129793   0.00388931   
5.5410   0.00377397   0.00415279   
5.5360   -0.00708137  0.00165630   
5.5310   0.00417090   -0.00270856  
5.5260   0.00932105   0.00653613   
5.5210   -0.00257146  0.00268819   
5.5160   0.00549273   -0.00465589  
5.5110   -0.00128491  -0.00069562  
5.5060   0.00440023   -0.00115809  
5.5010   -0.00171941  0.00440222   
5.4960   -0.00036454  -0.01426745  
5.4910   0.00449329   -0.00531952  
5.4860   0.00310688   -0.00536512  
5.4810   0.00162798   -0.00019495  
5.4760   0.00397113   0.00143416   
5.4710   0.00671931   0.00318076   
5.4660   -0.00112143  -0.00180647  
5.4610   -0.00125111  -0.00538966  
5.4560   0.00094568   -0.00369704  
5.4510   0.00324442   0.00343197   
5.4460   -0.00070790  0.00216138   
5.4410   -0.00549495  -0.00059748  
5.4360   0.00243181   0.00236243   
5.4310   -0.00191621  0.00125544   
5.4260   -0.00514659  -0.00178931  
5.4210   -0.00580455  -0.00572638  
5.4160   0.00266634   -0.00108227  
5.4110   -0.00437418  0.00863025   
5.4060   0.00869162   0.00061262   
5.4010   0.00474660   0.01135206   
5.3960   -0.00264247  -0.00254195  
5.3910   -0.00656997  0.00351537   
5.3860   0.00341231   0.00461192   
5.3810   -0.01084809  -0.00265379  
5.3760   -0.00637353  -0.00317587  
5.3710   0.00180671   0.00222032   
5.3660   0.00223851   0.00425788   
5.3610   -0.00633727  0.00196498   
5.3560   0.00041617   -0.00117894  
5.3510   -0.00384753  0.00248901   
5.3460   0.00151312   -0.00125385  
5.3410   -0.00164562  0.00260315   
5.3360   0.01143042   -0.01290273  
5.3310   -0.00162699  -0.00354552  
5.3260   0.00163890   0.00107921   
5.3210   0.00024110   0.00901249   
5.3160   0.00897103   0.00112322   
5.3110   0.00005967   -0.00933110  
5.3060   0.00493983   0.00029655   
5.3010   -0.00237137  0.00052170   
5.2960   -0.00092022  -0.00379236  
5.2910   -0.00062735  0.00184845   
5.2860   0.00062064   -0.00316626  
5.2810   -0.00507963  0.00092920   
5.2760   -0.00440571  -0.00342784  
5.2710   -0.00715937  0.00179853   
5.2660   0.00749379   0.00122676   
5.2610   0.00094953   0.00299468   
5.2560   -0.00224149  0.00455807   
5.2510   -0.00299039  0.00789982   
5.2460   -0.00284384  -0.00432751  
5.2410   -0.00494860  -0.00569667  
5.2360   -0.00325539  -0.00132077  
5.2310   -0.00637675  -0.00428025  
5.2260   -0.00194087  0.00063243   
5.2210   0.00276881   -0.01112889  
5.2160   -0.01005514  -0.00224121  
5.2110   -0.01088459  -0.00821481  
5.2060   0.01055379   0.00347526   
5.2010   -0.00301959  0.00284563   
5.1960   -0.00467523  -0.00381985  
5.1910   -0.00262897  -0.00031784  
5.1860   0.00538231   -0.00030068  
5.1810   0.00524207   0.00580252   
5.1760   0.00501044   -0.00451227  
5.1710   -0.00191287  0.00972303   
5.1660   -0.00005634  -0.00927685  
5.1610   -0.01086684  -0.00041061  
5.1560   -0.00005765  0.00133197   
5.1510   0.00162079   0.00374589   
5.1460   0.00021151   0.00330607   
5.1410   0.00767955   0.00515620   
5.1360   0.00640952   0.00040295   
5.1310   0.00921946   -0.00515982  
5.1260   -0.00771275  -0.00772478  
5.1210   0.00914006   0.00118561   
5.1160   -0.00379455  -0.00423795  
5.1110   -0.00120631  -0.00985417  
5.1060   0.00831498   -0.00229844  
5.1010   -0.00089365  0.00239146   
5.0960   -0.00527750  0.00516891   
5.0910   -0.00325408  0.00989290   
5.0860   0.00144262   0.00537306   
5.0810   0.00218740   0.00031081   
5.0760   -0.00037642  -0.00036005  
5.0710   0.00339396   0.00468043   
5.0660   0.00301784   0.01122807   
5.0610   0.00746710   0.00312388   
5.0560   -0.00151959  -0.00130349  
5.0510   -0.00285838  0.00375439   
5.0460   -0.00511017  -0.00656981  
5.0410   0.00045724   -0.00215364  
5.0360   0.00245259   0.00461518   
5.0310   0.00058608   0.00487751   
5.0260   -0.00032741  -0.00179857  
5.0210   0.00193746   -0.00243034  
5.0160   -0.00031053  0.00182680   
5.0110   0.00111440   0.00309155   
5.0060   -0.00559714  0.00394746   
5.0010   -0.00748454  0.00468405   
4.9960   0.00129583   -0.00178038  
4.9910   -0.00388220  0.01469679   
4.9860   0.00240826   0.01106308   
4.9810   0.00517134   0.00296307   
4.9760   0.00171873   0.00136676   
4.9710   0.00501298   0.00004522   
4.9660   -0.00131696  0.00639613   
4.9610   0.00092761   -0.00449909  
4.9560   -0.00546624  -0.00087681  
4.9510   -0.00220634  0.00630228   
4.9460   -0.00611378  0.00001865   
4.9410   0.00414175   -0.00073193  
4.9360   -0.00373183  0.00028535   
4.9310   0.00805074   0.00055912   
4.9260   -0.00968081  -0.00029079  
4.9210   0.00255251   -0.00896558  
4.9160   -0.00523576  -0.00047353  
4.9110   -0.00758133  0.00434705   
4.9060   0.00451557   -0.00239547  
4.9010   0.00323064   -0.00432505  
4.8960   0.00416252   0.00057369   
4.8910   0.00345270   0.00124420   
4.8860   0.00139425   0.00907060   
4.8810   0.00365176   0.01006527   
4.8760   0.00139512   -0.00700229  
4.8710   -0.00314172  -0.00669397  
4.8660   0.00305851   0.01037236   
4.8610   0.00023697   -0.00032784  
4.8560   0.00080207   -0.00855217  
4.8510   -0.00280837  -0.00024360  
4.8460   -0.00373684  -0.00501414  
4.8410   -0.00873292  -0.00582238  
4.8360   -0.00808283  0.00339483   
4.8310   0.00162747   0.00196351   
4.8260   -0.00135366  -0.00054549  
4.8210   -0.00051054  0.00094501   
4.8160   0.00553483   0.00201673   
4.8110   0.00120960   0.00457709   
4.8060   0.00306038   -0.00392549  
4.8010   -0.00380666  0.00682833   
4.7960   -0.00165479  0.00098735   
4.7910   -0.00810666  -0.00238078  
4.7860   0.00634986   -0.00756004  
4.7810   -0.00123808  -0.00001201  
4.7760   -0.00122668  0.00082312   
4.7710   0.00006202   -0.00380944  
4.7660   0.00557832   0.00305017   
4.7610   -0.00609797  0.00178097   
4.7560   0.00029412   -0.00056845  
4.7510   0.00680267   -0.00092574  
4.7460   0.01029301   0.00032240   
4.7410   -0.00472269  0.00288971   
4.7360   0.00143170   -0.00521371  
4.7310   -0.00286394  0.00337168   
4.7260   0.00172906   0.00231382   
4.7210   -0.00079706  -0.00634768  
4.7160   -0.00293316  0.00177279   
4.7110   0.00473314   -0.00949199  
4.7060   0.00252519   -0.00220988  
4.7010   0.00394372   -0.00430284  
4.6960   0.00491933   0.00115030   
4.6910   -0.00595023  -0.01063723  
4.6860   0.00210590   -0.00109522  
4.6810   0.00385440   -0.00279145  
4.6760   -0.01094238  0.00385198   
4.6710   -0.00569246  -0.01053564  
4.6660   0.00458341   -0.00076914  
4.6610   -0.00340409  0.00051682   
4.6560   -0.00366690  -0.00177684  
4.6510   0.00618849   0.00767998   
4.6460   0.00228570   0.00480618   
4.6410   -0.00203552  0.00064105   
4.6360   -0.00721001  -0.01823888  
4.6310   0.00303782   -0.00397681  
4.6260   -0.00162810  -0.00556720  
4.6210   0.00501132   -0.00043695  
4.6160   0.00601238   0.00301609   
4.6110   -0.00783643  0.00652843   
4.6060   0.00647473   -0.00304926  
4.6010   -0.00690097  -0.00098377  
4.5960   0.00278792   0.00668646   
4.5910   -0.00368787  -0.00401096  
4.5860   -0.00301442  0.00400084   
4.5810   -0.00385988  0.00491540   
4.5760   0.00061198   -0.00301796  
4.5710   -0.00788016  -0.01032875  
4.5660   -0.00118144  0.00139520   
4.5610   -0.00388570  0.00182454   
4.5560   -0.00078737  -0.00320650  
4.5510   -0.00017358  -0.00366825  
4.5460   0.01064240   -0.00365605  
4.5410   -0.00777026  0.00597839   
4.5360   -0.01652445  0.00558948   
4.5310   0.00060717   -0.00159406  
4.5260   -0.00427901  -0.00694649  
4.5210   0.00232557   -0.01236056  
4.5160   0.00697115   0.00090140   
4.5110   0.00823443   -0.00296462  
4.5060   0.00058632   0.00684771   
4.5010   -0.00785752  -0.00049549  
4.4960   0.00142864   0.00079790   
4.4910   -0.00475272  0.00948496   
4.4860   -0.00277310  0.00013978   
4.4810   -0.01060546  -0.00031295  
4.4760   -0.00459032  -0.00435563  
4.4710   0.00471681   -0.00059625  
4.4660   0.00173279   0.00850622   
4.4610   0.00169729   -0.00089890  
4.4560   -0.00857207  -0.00847985  
4.4510   0.00834076   0.00109685   
4.4460   -0.00163620  0.00238971   
4.4410   0.00014979   0.01008545   
4.4360   0.00723428   -0.00876005  
4.4310   -0.00769535  0.00235599   
4.4260   0.00173418   -0.00439654  
4.4210   -0.00601826  -0.00449849  
4.4160   0.00054756   0.00664357   
4.4110   0.00996403   -0.00660282  
4.4060   0.00236755   0.00529061   
4.4010   0.00167826   0.00095557   
4.3960   0.00639450   0.00158672   
4.3910   0.00889576   0.00416912   
4.3860   -0.00091311  0.00899212   
4.3810   0.00043095   -0.01129936  
4.3760   -0.00538819  0.00120535   
4.3710   0.00168156   -0.00092590  
4.3660   0.00063653   0.00231592   
4.3610   0.00093186   0.00195855   
4.3560   -0.00750213  0.00010833   
4.3510   0.00637413   0.00247773   
4.3460   0.00329820   0.00309231   
4.3410   0.01303793   -0.00441695  
4.3360   0.00024734   0.00738644   
4.3310   -0.00028837  0.01119232   
4.3260   0.00777654   0.00025044   
4.3210   0.00245620   -0.00124078  
4.3160   -0.00540952  -0.00171294  
4.3110   -0.00246470  0.00029492   
4.3060   0.00154195   -0.00311820  
4.3010   0.01152602   -0.00279106  
4.2960   0.00699427   -0.00592652  
4.2910   0.00230742   0.01225467   
4.2860   -0.00467698  -0.00239512  
4.2810   -0.00401513  0.00399984   
4.2760   -0.00317536  -0.00032359  
4.2710   0.00094235   0.00410418   
4.2660   0.00163100   0.00264462   
4.2610   0.00094199   0.00550417   
4.2560   0.00811040   0.00337438   
4.2510   -0.00300684  0.00096502   
4.2460   -0.01026068  -0.00395770  
4.2410   -0.00451144  -0.00863141  
4.2360   -0.00017374  0.00329852   
4.2310   0.00245938   -0.00267818  
4.2260   0.00002377   -0.00377719  
4.2210   0.00072875   -0.00038984  
4.2160   0.00025330   -0.00789084  
4.2110   0.01064768   -0.00216837  
4.2060   0.00690602   -0.00121449  
4.2010   0.00232295   0.00173303   
4.1960   0.00122299   0.00114010   
4.1910   -0.00060773  -0.00214291  
4.1860   0.00614818   -0.00368993  
4.1810   -0.00448828  0.00043611   
4.1760   0.00240818   -0.00486480  
4.1710   0.00013887   -0.00384713  
4.1660   0.00293257   -0.00157103  
4.1610   -0.00501799  0.00000034   
4.1560   0.00511458   0.00707335   
4.1510   -0.00163604  -0.00156952  
4.1460   0.00541103   0.00406287   
4.1410   0.00530896   -0.00100284  
4.1360   -0.00189794  0.00218827   
4.1310   -0.00592179  0.00184198   
4.1260   0.00236668   -0.00964959  
4.1210   0.00158012   -0.01012187  
4.1160   0.00128792   0.00057977   
4.1110   0.00300295   0.00829004   
4.1060   -0.00052774  -0.00169359  
4.1010   0.00082435   -0.00148711  
4.0960   0.00028642   0.00501457   
4.0910   0.00231814   -0.00158382  
4.0860   0.00034135   0.00751921   
4.0810   -0.00140032  -0.00886999  
4.0760   0.00021981   -0.00463702  
4.0710   0.00268144   0.00297983   
4.0660   -0.00516129  -0.00088702  
4.0610   -0.00761814  0.00099501   
4.0560   -0.00345596  0.00009693   
4.0510   0.00537310   0.00090740   
4.0460   0.00213862   0.01209962   
4.0410   0.00159271   -0.00306542  
4.0360   0.00252964   0.00322997   
4.0310   0.00171266   -0.00811083  
4.0260   -0.00186342  -0.00112890  
4.0210   -0.00025353  -0.00295370  
4.0160   0.00614575   -0.00550778  
4.0110   0.00013410   -0.00232529  
4.0060   -0.00459977  0.00314072   
4.0010   0.00456267   0.00734723   
3.9960   -0.00839282  0.00100137   
3.9910   0.00647938   -0.01035354  
3.9860   0.00622539   -0.00039000  
3.9810   -0.00052250  0.00445154   
3.9760   -0.00968418  -0.00124412  
3.9710   -0.00106324  0.00056257   
3.9660   0.00156725   0.00008398   
3.9610   -0.00523298  -0.00269708  
3.9560   -0.00539030  -0.00719651  
3.9510   -0.00671776  0.00124014   
3.9460   -0.00174078  -0.00781014  
3.9410   0.00512463   -0.00059744  
3.9360   -0.00405525  -0.00329892  
3.9310   0.00074384   -0.00256987  
3.9260   0.00355791   0.00137768   
3.9210   0.00421285   -0.00916901  
3.9160   0.00660437   -0.00073610  
3.9110   -0.00543462  -0.00816286  
3.9060   0.01083983   -0.00079698  
3.9010   0.00057770   0.00317512   
3.8960   0.00055050   0.00448240   
3.8910   -0.00358341  -0.00270233  
3.8860   -0.00066135  -0.00446946  
3.8810   -0.00037459  0.00141474   
3.8760   -0.00147896  0.00790931   
3.8710   -0.00108926  -0.00455104  
3.8660   0.00402943   -0.00715520  
3.8610   0.00304370   0.00556624   
3.8560   0.00539467   0.00530578   
3.8510   -0.00396831  -0.00097595  
3.8460   0.00838139   0.00292947   
3.8410   -0.00969531  0.00163390   
3.8360   0.00497263   0.00615274   
3.8310   0.00453729   -0.00026191  
3.8260   0.00110872   -0.00043993  
3.8210   0.01084944   0.00540376   
3.8160   -0.00222989  -0.00145104  
3.8110   0.00493514   -0.00666255  
3.8060   -0.00416240  0.00895053   
3.8010   -0.00066278  0.00337883   
3.7960   0.00129360   -0.01259250  
3.7910   0.00215483   -0.00160201  
3.7860   -0.00445238  0.00036994   
3.7810   0.00546254   0.00100208   
3.7760   -0.00373870  -0.00130357  
3.7710   -0.01164915  -0.00044628  
3.7660   0.00018725   -0.00327509  
3.7610   -0.00363032  0.00223148   
3.7560   0.00262321   -0.00089953  
3.7510   0.00151376   -0.00164172  
3.7460   -0.00003259  0.00003652   
3.7410   0.01276738   -0.00053823  
3.7360   0.00545222   0.00661108   
3.7310   0.00619075   0.00397141   
3.7260   -0.00454647  -0.00493014  
3.7210   0.00736574   0.00638084   
3.7160   0.00373294   -0.00817347  
3.7110   0.00391052   -0.00257170  
3.7060   0.00594685   0.00030842   
3.7010   0.00082752   0.00493975   
3.6960   0.01085671   -0.00252007  
3.6910   0.01240004   -0.00186950  
3.6860   0.00743449   -0.00346708  
3.6810   -0.00527579  -0.00222993  
3.6760   -0.00112131  -0.00281973  
3.6710   0.00333847   0.00124277   
3.6660   0.00066079   -0.01066917  
3.6610   0.00190386   -0.00490114  
3.6560   0.00989401   -0.01223755  
3.6510   -0.00061150  0.00509385   
3.6460   -0.00022398  0.00647310   
3.6410   -0.00003958  0.00110610   
3.6360   0.00282716   0.00411848   
3.6310   -0.00221834  -0.00206372  
3.6260   0.00198682   -0.00371380  
3.6210   0.00118569   -0.00318421  
3.6160   0.00138769   0.00320928   
3.6110   -0.00177323  -0.00522495  
3.6060   -0.00807036  -0.00007453  
3.6010   0.00692794   -0.00155419  
3.5960   0.00496834   -0.00130230  
3.5910   0.00006464   -0.00220749  
3.5860   0.00163040   -0.00367667  
3.5810   -0.00190139  -0.00301887  
3.5760   -0.00403491  -0.00134178  
3.5710   0.00587055   -0.00132303  
3.5660   -0.00755893  -0.00127136  
3.5610   0.00705865   -0.00082192  
3.5560   -0.00340647  0.01068370   
3.5510   0.00192479   0.00172688   
3.5460   -0.00044890  -0.00051602  
3.5410   0.00030060   0.00268767   
3.5360   -0.00210343  0.01068112   
3.5310   -0.00234960  -0.00161734  
3.5260   -0.00266404  0.00286652   
3.5210   -0.00312365  0.00413846   
3.5160   0.00103886   -0.00240469  
3.5110   -0.00116448  -0.00006186  
3.5060   -0.00248448  -0.00220829  
3.5010   -0.00237256  0.00278498   
3.4960   -0.00164740  -0.00120583  
3.4910   -0.00387422  -0.00198504  
3.4860   0.00403166   -0.00894902  
3.4810   -0.00111376  0.00152940   
3.4760   -0.00239615  -0.00190116  
3.4710   -0.00533696  0.00053882   
3.4660   -0.00222100  0.00442906   
3.4610   -0.00032566  -0.00138761  
3.4560   -0.00554484  0.00720926   
3.4510   -0.00512876  -0.00067692  
3.4460   -0.00670374  0.00195819   
3.4410   -0.00304389  -0.00162397  
3.4360   -0.00822192  -0.00204513  
3.4310   0.00537306   -0.00115336  
3.4260   0.00065761   0.00815091   
3.4210   -0.00216019  0.00543037   
3.4160   -0.00080234  -0.00153933  
3.4110   0.00510791   0.00412837   
3.4060   0.00112171   -0.00141140  
3.4010   0.00746770   0.00522742   
3.3960   0.01181866   0.00154946   
3.3910   0.00794934   -0.00275487  
3.3860   0.00518301   -0.00225861  
3.3810   -0.00282303  0.00241871   
3.3760   0.00465088   -0.00003291  
3.3710   0.00081219   -0.00247586  
3.3660   0.00218962   0.00112941   
3.3610   -0.00655361  -0.00028586  
3.3560   0.00091518   -0.00055729  
3.3510   0.00375197   -0.00155760  
3.3460   0.00185675   0.00388867   
3.3410   -0.00345536  -0.00292903  
3.3360   -0.00105375  -0.00225023  
3.3310   0.00253353   -0.00038504  
3.3260   0.00153834   0.00093266   
3.3210   -0.00360577  0.00554317   
3.3160   0.00287085   0.00652783   
3.3110   0.00301327   -0.00019594  
3.3060   0.00237597   -0.00040994  
3.3010   -0.00627964  0.00107254   
3.2960   -0.00296517  -0.00255927  
3.2910   0.00182819   0.00810523   
3.2860   -0.00762275  0.00334304   
3.2810   0.00443586   -0.00867482  
3.2760   -0.00090485  0.00017354   
3.2710   -0.00359040  0.00018546   
3.2660   0.00445226   0.00576161   
3.2610   0.00727292   0.00483609   
3.2560   -0.00098385  -0.00541440  
3.2510   -0.00207666  -0.00237712  
3.2460   0.00118049   0.00229030   
3.2410   0.00231199   -0.00279713  
3.2360   0.00123200   -0.00240302  
3.2310   -0.00026267  -0.00152809  
3.2260   -0.00089957  0.00252348   
3.2210   0.00207587   -0.00276655  
3.2160   0.00225206   0.00263890   
3.2110   0.00281179   -0.00090743  
3.2060   -0.01000927  0.00264398   
3.2010   -0.00194754  0.00367269   
3.1960   -0.00262639  0.00479827   
3.1910   -0.00149108  0.00025361   
3.1860   -0.00585181  -0.00609448  
3.1810   -0.00270554  0.00088360   
3.1760   -0.00320622  -0.00035942  
3.1710   -0.00242721  0.00245592   
3.1660   0.00336060   -0.00002675  
3.1610   0.00575478   -0.00528759  
3.1560   -0.00075313  0.01041113   
3.1510   -0.01197073  0.00648387   
3.1460   0.00107723   -0.00149759  
3.1410   -0.00221063  -0.00011917  
3.1360   -0.00238960  -0.00034631  
3.1310   0.00394098   0.00093369   
3.1260   0.00154942   0.00073598   
3.1210   0.00375177   0.00476380   
3.1160   -0.00263461  -0.00127676  
3.1110   -0.00358262  0.00073685   
3.1060   0.00246335   0.00036399   
3.1010   0.00563579   -0.00236346  
3.0960   -0.00163048  0.00096971   
3.0910   0.00261253   0.00374772   
3.0860   0.00246542   0.00459858   
3.0810   0.00159903   -0.00263104  
3.0760   -0.00025079  0.00439396   
3.0710   0.00809598   0.00332866   
3.0660   -0.00594296  0.00178868   
3.0610   0.00040752   0.00631118   
3.0560   -0.00344805  0.00212953   
3.0510   -0.00324085  -0.00073586  
3.0460   -0.00044985  0.00692433   
3.0410   0.00218418   0.00533807   
3.0360   -0.00668765  -0.00061579  
3.0310   0.00044040   -0.00029965  
3.0260   0.00000189   -0.00091903  
3.0210   0.00024789   0.00523048   
3.0160   0.00005741   -0.00245223  
3.0110   -0.00320181  -0.00147463  
3.0060   0.00148393   -0.00261980  
3.0010   -0.00870957  0.00125432   
2.9960   0.00177553   0.00788957   
2.9910   -0.00471507  0.00195795   
2.9860   -0.00503709  -0.00480808  
2.9810   0.00899458   -0.00406613  
2.9760   -0.00407793  -0.00052393  
2.9710   -0.00651286  -0.00406601  
2.9660   0.00355644   0.00330642   
2.9610   -0.00050792  0.00696003   
2.9560   0.00772157   -0.00563924  
2.9510   -0.01013128  0.00450461   
2.9460   -0.00816255  -0.00273370  
2.9410   0.00488430   0.00000780   
2.9360   -0.00428366  0.00103711   
2.9310   -0.00259426  0.00060932   
2.9260   0.00325165   -0.00442803  
2.9210   -0.00346303  -0.00867462  
2.9160   0.00084925   -0.00277783  
2.9110   0.00229030   -0.00214188  
2.9060   0.00130945   -0.00433839  
2.9010   0.00275277   -0.00313230  
2.8960   -0.00292562  0.00890454   
2.8910   0.00042845   0.00112973   
2.8860   -0.00511156  0.00098314   
2.8810   0.00677114   0.00540614   
2.8760   -0.00290191  -0.00719865  
2.8710   -0.00022772  0.00125146   
2.8660   -0.00241537  0.00295640   
2.8610   0.00057151   0.00444408   
2.8560   -0.00176667  0.00168243   
2.8510   -0.00384590  -0.00011274  
2.8460   -0.00771589  -0.00232879  
2.8410   0.00570867   0.00891916   
2.8360   0.00145390   0.01197046   
2.8310   0.00221274   0.00255355   
2.8260   0.00669703   0.00849339   
2.8210   -0.00864570  0.00210284   
2.8160   -0.00014193  0.00308444   
2.8110   0.00385432   -0.00365069  
2.8060   0.00132740   0.00021910   
2.8010   -0.00124777  -0.00560000  
2.7960   -0.00270765  -0.00254759  
2.7910   0.00400878   0.00012302   
2.7860   -0.00211336  0.00070762   
2.7810   0.00109335   -0.00503411  
2.7760   -0.00182899  -0.00659754  
2.7710   -0.00687901  -0.01141184  
2.7660   -0.00165471  0.00817383   
2.7610   -0.00601751  -0.00155439  
2.7560   -0.00672535  -0.00518699  
2.7510   0.00565723   -0.00703724  
2.7460   0.00573607   -0.00207234  
2.7410   -0.00768932  -0.00222973  
2.7360   -0.00461081  -0.00155991  
2.7310   0.00903005   -0.00445524  
2.7260   0.00180734   0.00484506   
2.7210   0.00077478   0.00909038   
2.7160   0.00218100   0.00099164   
2.7110   0.00604269   0.00214208   
2.7060   0.00005773   0.00061734   
2.7010   0.00325582   0.01074554   
2.6960   0.00405040   0.00067565   
2.6910   0.00159664   0.00070122   
2.6860   -0.00602255  -0.00928817  
2.6810   0.00261058   0.00006702   
2.6760   -0.00473914  0.00132272   
2.6710   0.00016703   0.00636761   
2.6660   -0.00694871  0.00143190   
2.6610   0.00027323   0.00375042   
2.6560   -0.00786709  0.00136283   
2.6510   0.00073459   -0.00030215  
2.6460   -0.00290286  0.00066997   
2.6410   -0.00197535  0.00920412   
2.6360   0.00106475   -0.00260149  
2.6310   -0.00183602  -0.00332827  
2.6260   0.00529692   0.00486635   
2.6210   -0.00274872  -0.00447518  
2.6160   0.00029214   0.00375384   
2.6110   0.00111464   0.00665477   
2.6060   0.00051455   -0.00238527  
2.6010   -0.00419180  -0.00270376  
2.5960   0.00259152   -0.00720973  
2.5910   -0.00598701  0.00200958   
2.5860   0.00139027   0.00086383   
2.5810   -0.00527786  -0.00050141  
2.5760   0.00187542   -0.00232204  
2.5710   0.00025409   -0.00142054  
2.5660   -0.00164315  -0.00361050  
2.5610   -0.00296573  0.00101356   
2.5560   -0.00332795  -0.00525788  
2.5510   0.00669663   -0.00673329  
2.5460   0.00270006   -0.00850038  
2.5410   0.00784366   -0.00269605  
2.5360   -0.00501982  -0.00170547  
2.5310   0.00130592   -0.00218462  
2.5260   0.00191668   0.00169606   
2.5210   -0.00561454  -0.00543752  
2.5160   -0.00587278  -0.00256113  
2.5110   0.00104164   0.00701997   
2.5060   0.00307936   -0.00492013  
2.5010   0.00014725   -0.00306471  
2.4960   0.00203345   -0.00076243  
2.4910   0.00222644   -0.00440527  
2.4860   0.00570633   0.00580590   
2.4810   -0.00654205  -0.00187764  
2.4760   -0.00706667  0.00454980   
2.4710   -0.00696718  0.00094501   
2.4660   0.00334268   0.00082395   
2.4610   -0.00575367  0.00896741   
2.4560   -0.00982014  -0.00147078  
2.4510   0.00437287   0.00756627   
2.4460   -0.00446823  -0.00595734  
2.4410   -0.00024889  0.01027084   
2.4360   0.00046117   -0.00746094  
2.4310   -0.00634219  0.00270253   
2.4260   0.00143027   0.00366221   
2.4210   -0.00557987  -0.00792250  
2.4160   -0.00010412  0.00022947   
2.4110   0.00370093   -0.00043885  
2.4060   -0.00878082  0.00385654   
2.4010   -0.00739609  0.00392807   
2.3960   -0.00028372  0.00385738   
2.3910   0.00396414   0.00484387   
2.3860   -0.00048222  -0.00424184  
2.3810   -0.00098508  0.00503257   
2.3760   -0.00601918  -0.00858406  
2.3710   -0.00614738  0.00044410   
2.3660   0.00011651   -0.00085584  
2.3610   -0.00376555  -0.00060392  
2.3560   0.00188666   0.00063498   
2.3510   -0.00062807  -0.00826510  
2.3460   0.01246640   -0.00046757  
2.3410   0.00633306   -0.00653923  
2.3360   0.01011913   0.00808613   
2.3310   -0.00263322  0.00000649   
2.3260   0.00674886   -0.00381325  
2.3210   -0.00177442  -0.00078106  
2.3160   -0.00016906  0.00414274   
2.3110   -0.00397550  0.00086208   
2.3060   -0.00080155  0.00084385   
2.3010   0.00009530   -0.00848922  
2.2960   -0.00665679  0.00266456   
2.2910   -0.01163465  -0.00519004  
2.2860   -0.00189885  -0.00070019  
2.2810   -0.00063748  -0.00175178  
2.2760   0.00554932   -0.00779774  
2.2710   0.00108433   0.00076302   
2.2660   0.00551278   -0.00125341  
2.2610   0.00795824   -0.00403742  
2.2560   -0.00082792  -0.00334757  
2.2510   0.00405223   0.00608264   
2.2460   0.00498816   0.00575212   
2.2410   0.00817843   0.00026227   
2.2360   0.00181088   -0.00324748  
2.2310   -0.00165856  0.00551962   
2.2260   -0.00091478  0.00509421   
2.2210   0.00066425   0.00240036   
2.2160   -0.00975186  0.00400628   
2.2110   -0.00045275  -0.00113346  
2.2060   0.00224852   -0.00448177  
2.2010   -0.00428763  0.00025496   
2.1960   0.01161320   -0.00089492  
2.1910   -0.00051066  -0.00048794  
2.1860   0.00942729   0.00008069   
2.1810   0.00099310   -0.00317567  
2.1760   0.00437978   0.00096189   
2.1710   0.00679286   -0.00845649  
2.1660   -0.00009776  -0.00531066  
2.1610   -0.00048381  -0.00048409  
2.1560   -0.00637286  0.00426102   
2.1510   -0.00165578  0.00033416   
2.1460   0.00167306   0.00352642   
2.1410   -0.00220439  0.00225082   
2.1360   -0.00753748  -0.00099473  
2.1310   -0.00632897  -0.00402328  
2.1260   -0.00238276  0.00498884   
2.1210   0.00066874   0.00224189   
2.1160   0.00690141   -0.00232680  
2.1110   0.00223208   -0.00050816  
2.1060   -0.00142582  -0.00629326  
2.1010   0.00138197   0.00393765   
2.0960   -0.00233375  -0.00185230  
2.0910   -0.00755785  0.00212774   
2.0860   0.00441651   -0.00572563  
2.0810   0.00153385   -0.00272143  
2.0760   0.00000133   -0.00024364  
2.0710   -0.00071421  -0.00407542  
2.0660   -0.00116949  0.00034842   
2.0610   0.01115129   -0.00020611  
2.0560   0.00188316   0.00483918   
2.0510   0.00190922   0.01107754   
2.0460   0.00407395   0.00723090   
2.0410   -0.00637024  -0.00188999  
2.0360   -0.00319879  0.00054390   
2.0310   -0.00601362  -0.00982077  
2.0260   -0.00052071  -0.00544816  
2.0210   0.00219351   -0.00059867  
2.0160   0.00275193   0.00383017   
2.0110   0.00459111   -0.00649165  
2.0060   -0.00326015  0.00111996   
2.0010   -0.00825246  -0.00268493  
1.9960   0.00067310   -0.00226020  
1.9910   0.00818316   -0.00652755  
1.9860   0.00261570   -0.00260685  
1.9810   -0.00062254  0.00750773   
1.9760   0.00184654   -0.00417233  
1.9710   -0.00347915  -0.00154958  
1.9660   0.00902262   -0.00609496  
1.9610   0.00076433   0.00016274   
1.9560   0.00057862   -0.00055272  
1.9510   0.00274852   -0.00039798  
1.9460   -0.01042252  -0.00250362  
1.9410   -0.00679981  0.00780616   
1.9360   -0.00008911  -0.00582611  
1.9310   -0.00149958  0.00603923   
1.9260   -0.00506072  0.00060801   
1.9210   -0.00074896  -0.01118136  
1.9160   0.00322592   0.00167453   
1.9110   0.00011174   0.00161138   
1.9060   0.00594749   0.00855646   
1.9010   0.01194007   0.00352852   
1.8960   -0.00309108  -0.00049152  
1.8910   0.00925600   -0.00570327  
1.8860   0.00098882   -0.00336397  
1.8810   0.00955614   -0.00276838  
1.8760   0.00057727   -0.00913680  
1.8710   -0.00677618  0.00257146   
1.8660   -0.01132366  -0.00515045  
1.8610   0.00165741   -0.00328140  
1.8560   -0.00154211  0.00123184   
1.8510   0.01044790   0.00048675   
1.8460   -0.01235976  -0.00543494  
1.8410   -0.00200509  0.00042853   
1.8360   -0.00430916  -0.00209879  
1.8310   0.00337188   -0.00448836  
1.8260   0.00203047   0.00287748   
1.8210   -0.00309620  -0.00727082  
1.8160   0.00581674   -0.00264390  
1.8110   -0.00314120  0.00295155   
1.8060   -0.00008490  -0.00454131  
1.8010   -0.00055526  0.00045125   
1.7960   -0.00703812  0.00653907   
1.7910   0.00430010   -0.00146613  
1.7860   -0.00422631  0.00171929   
1.7810   0.00526908   -0.00814813  
1.7760   0.00046046   -0.00480955  
1.7710   -0.00500929  0.01195620   
1.7660   -0.00037002  -0.00096153  
1.7610   -0.00268497  0.00502526   
1.7560   0.00013601   0.00131303   
1.7510   -0.00885763  -0.00465744  
1.7460   0.00804749   0.00205565   
1.7410   -0.00538438  0.00387664   
1.7360   -0.01202884  0.00059764   
1.7310   -0.00146788  0.00496894   
1.7260   -0.00180981  0.00134003   
1.7210   -0.00235119  0.00193182   
1.7160   0.00659444   -0.00753557  
1.7110   -0.00319216  -0.00008986  
1.7060   -0.00602271  0.00422142   
1.7010   -0.00449142  0.00795423   
1.6960   -0.00735240  -0.00489749  
1.6910   0.00027192   0.00005435   
1.6860   0.00416078   -0.00171429  
1.6810   -0.00575649  -0.00728524  
1.6760   -0.00469457  0.00339078   
1.6710   -0.00753688  0.00439809   
1.6660   -0.00457999  0.00180718   
1.6610   0.00123454   -0.00280222  
1.6560   -0.00306764  0.00027987   
1.6510   -0.00414898  0.00621816   
1.6460   0.00449082   -0.00024726  
1.6410   -0.00476813  -0.00219308  
1.6360   -0.00225356  -0.00277835  
1.6310   -0.00614476  0.00008339   
1.6260   -0.00028340  0.00545992   
1.6210   0.00111913   -0.00506585  
1.6160   0.00010102   0.00417257   
1.6110   0.00239456   0.00742218   
1.6060   0.00677388   0.00109764   
1.6010   0.00788278   0.00452188   
1.5960   0.00309171   -0.00566486  
1.5910   0.00825588   0.00152964   
1.5860   0.00235302   -0.00040863  
1.5810   0.00868034   -0.00224002  
1.5760   0.00697306   0.00224248   
1.5710   -0.00843691  0.00117672   
1.5660   -0.00730855  0.00921664   
1.5610   0.00655305   -0.00042277  
1.5560   0.00380301   -0.00028666  
1.5510   -0.00551318  -0.00088785  
1.5460   0.00031780   0.00482961   
1.5410   0.00334352   0.00324470   
1.5360   0.00208771   -0.00003183  
1.5310   -0.00454484  -0.00717379  
1.5260   -0.00203588  -0.00086045  
1.5210   0.00731868   -0.00538954  
1.5160   0.01073204   -0.00504937  
1.5110   0.00116929   -0.00209207  
1.5060   0.00990032   -0.00726661  
1.5010   0.00512793   0.00158822   
1.4960   0.00263298   -0.00093393  
1.4910   0.00350703   -0.00414842  
1.4860   -0.00160133  -0.00652219  
1.4810   0.00285552   0.00271269   
1.4760   0.00214653   -0.00046189  
1.4710   0.00443764   0.00069050   
1.4660   0.00674592   0.00596739   
1.4610   -0.00292260  0.00549980   
1.4560   0.00317111   -0.00075544  
1.4510   0.00135513   -0.00249751  
1.4460   0.00206705   -0.00103509  
1.4410   -0.00024515  0.00530721   
1.4360   0.00368187   0.00074011   
1.4310   0.00515875   0.00096451   
1.4260   0.00822812   -0.00546171  
1.4210   0.00259882   -0.00614369  
1.4160   0.00562542   -0.00395830  
1.4110   0.00758840   0.01030814   
1.4060   0.00374252   0.00806651   
1.4010   0.00970964   0.01069852   
1.3960   0.00377918   0.00134992   
1.3910   0.00562991   0.00609658   
1.3860   -0.00171599  -0.00305358  
1.3810   -0.00510831  0.00089878   
1.3760   -0.00487509  -0.00044004  
1.3710   -0.00091629  0.00002568   
1.3660   -0.00548121  0.00153834   
1.3610   -0.01189170  0.00485392   
1.3560   -0.00010646  0.00509234   
1.3510   -0.00292538  0.00934043   
1.3460   0.00246601   -0.00178486  
1.3410   0.00169951   0.00050268   
1.3360   0.00225567   -0.00550266  
1.3310   0.00061937   -0.00288145  
1.3260   0.00983169   -0.01426451  
1.3210   0.00863009   0.01361343   
1.3160   0.00539081   0.00207623   
1.3110   0.00030330   0.00378398   
1.3060   0.00097587   0.00023435   
1.3010   -0.00042563  -0.00211007  
1.2960   -0.00443713  0.00571308   
1.2910   -0.00667903  0.00104021   
1.2860   -0.00118287  0.00305013   
1.2810   -0.00529776  -0.00640066  
1.2760   0.00018498   -0.00384999  
1.2710   -0.00164454  -0.00853275  
1.2660   -0.00112334  0.00384765   
1.2610   0.00136061   0.00057528   
1.2560   0.00449114   0.00498292   
1.2510   -0.00286830  0.00200462   
1.2460   -0.00867239  0.00255736   
1.2410   -0.00650007  0.00479768   
1.2360   -0.00430868  0.01093273   
1.2310   0.00027808   0.00106301   
1.2260   -0.00191045  0.01167945   
1.2210   -0.00660484  0.01220864   
1.2160   -0.00264096  0.00284368   
1.2110   -0.00921592  0.01193515   
1.2060   0.00192808   0.01165598   
1.2010   0.00262242   0.00744748   
1.1960   -0.00785970  0.00940569   
1.1910   -0.00802338  0.01288645   
1.1860   -0.00741622  0.00437874   
1.1810   -0.00594141  0.00692206   
1.1760   -0.01217103  0.00872490   
1.1710   -0.00552140  0.00310462   
1.1660   -0.00598764  0.00037241   
1.1610   0.00153735   0.00382870   
1.1560   -0.00286846  0.00588950   
1.1510   -0.00504559  -0.00299913  
1.1460   0.00226671   0.00334507   
1.1410   0.00312380   -0.00517805  
1.1360   0.00522706   0.00632837   
1.1310   -0.00019177  0.00439697   
1.1260   -0.00431313  0.00264613   
1.1210   -0.00039139  0.01513285   
1.1160   -0.00055935  0.00258667   
1.1110   -0.00690574  0.00503590   
1.1060   0.00606862   0.00836061   
1.1010   0.00167012   0.00189428   
1.0960   0.00786086   0.00306145   
1.0910   -0.00318489  0.00229165   
1.0860   -0.00184809  0.00136609   
1.0810   -0.00071481  0.01066301   
1.0760   0.00420856   0.00504087   
1.0710   0.00689958   0.01196331   
1.0660   -0.00218414  0.00512550   
1.0610   0.00854677   0.01127382   
1.0560   0.00895629   0.01152277   
1.0510   0.00817375   0.00569850   
1.0460   0.00205824   0.00004156   
1.0410   0.00820830   0.00104851   
1.0360   0.00460608   0.00189107   
1.0310   0.00051543   0.00345620   
1.0260   -0.00397848  0.00570883   
1.0210   0.00087709   0.00354139   
1.0160   0.00218748   0.00980790   
1.0110   -0.00065579  0.00859304   
1.0060   0.01013454   0.00846853   
1.0010   0.00785692   0.00012171   
0.9960   0.00928054   0.00436615   
0.9910   0.00858116   0.00851408   
0.9860   0.00558793   0.01596694   
0.9810   0.00285583   0.00597918   
0.9760   0.00884830   0.00240457   
0.9710   0.01056348   0.00209442   
0.9660   0.00789994   0.00169852   
0.9610   0.00019781   0.00294706   
0.9560   0.00524017   0.00826688   
0.9510   0.00152960   0.00677682   
0.9460   0.00755225   -0.00187240  
0.9410   0.00034818   0.00266690   
0.9360   0.00530189   0.00152178   
0.9310   0.00588231   0.00503884   
0.9260   0.00553586   0.00576074   
0.9210   0.00916091   0.00659626   
0.9160   0.00330754   0.00752711   
0.9110   0.00420010   0.01317694   
0.9060   0.00547533   0.01121694   
0.9010   -0.00065309  0.00550750   
0.8960   0.00325368   0.00502518   
0.8910   0.01057003   0.00527138   
0.8860   0.00438212   0.00271428   
0.8810   0.00793687   0.00537369   
0.8760   0.00978451   0.00570017   
0.8710   0.01399491   0.00876235   
0.8660   0.00821589   0.00637528   
0.8610   0.00271726   0.00813927   
0.8560   0.00951205   0.00571105   
0.8510   0.00448991   0.00500012   
0.8460   0.00337402   0.01243519   
0.8410   0.00009876   0.00582897   
0.8360   0.00406557   0.00186879   
0.8310   0.00548848   0.01147713   
0.8260   0.00660985   0.00796487   
0.8210   0.00344210   0.00836764   
0.8160   0.00517916   0.01245274   
0.8110   0.00480713   0.01007655   
0.8060   0.00688167   0.00865786   
0.8010   0.00840347   0.01393685   
0.7960   0.01134201   0.01296346   
0.7910   0.01267226   0.00254699   
0.7860   0.00753835   0.00806881   
0.7810   0.00772347   0.01570815   
0.7760   0.00990644   0.01251434   
0.7710   0.00963915   0.00750213   
0.7660   0.00498812   0.00705174   
0.7610   0.00915503   0.00770270   
0.7560   0.01144218   0.01276134   
0.7510   0.00760980   0.00657418   
0.7460   0.00876080   0.00905650   
0.7410   0.00334479   0.00982601   
0.7360   0.01008950   0.00982296   
0.7310   0.01021429   0.01092050   
0.7260   0.00820040   0.01314425   
0.7210   0.01432425   0.01411510   
0.7160   0.00969376   0.00740161   
0.7110   0.01397303   0.01184292   
0.7060   0.01780755   0.01684540   
0.7010   0.01847186   0.00958716   
0.6960   0.01363591   0.01205434   
0.6910   0.01126874   0.01207634   
0.6860   0.01206010   0.01607906   
0.6810   0.00937606   0.01563312   
0.6760   0.01111130   0.01848441   
0.6710   0.00601787   0.01282946   
0.6660   0.00803684   0.01296096   
0.6610   0.01144087   0.01580021   
0.6560   0.00799637   0.01577841   
0.6510   0.00990545   0.01679961   
0.6460   0.00854593   0.01714515   
0.6410   0.01063374   0.01700793   
0.6360   0.00615827   0.01136072   
0.6310   0.00950304   0.00863609   
0.6260   0.00964097   0.01268064   
0.6210   0.00909594   0.00925488   
0.6160   0.00988869   0.01231464   
0.6110   0.01189495   0.01107929   
0.6060   0.00877077   0.01087427   
0.6010   0.00757783   0.01204771   
0.5960   0.00753311   0.01309242   
0.5910   0.00606918   0.01024610   
0.5860   0.00756957   0.00820667   
0.5810   0.00561994   0.00661847   
0.5760   0.00736622   0.00952575   
0.5710   0.00560362   0.00829059   
0.5660   0.00793465   0.01279435   
0.5610   0.00493812   0.01218493   
0.5560   0.00775056   0.01462260   
0.5510   0.00550039   0.01388001   
0.5460   0.00531885   0.01273159   
0.5410   0.00679390   0.01449229   
0.5360   0.00565283   0.01119490   
0.5310   0.00531491   0.00919797   
0.5260   0.00752100   0.00964554   
0.5210   0.00367408   0.00893091   
0.5160   0.00587651   0.01213751   
0.5110   0.00504130   0.01366713   
0.5060   0.00448526   0.01374450   
0.5010   0.00843493   0.01483525   
0.4960   0.00465001   0.01282854   
0.4910   0.00676280   0.01222901   
0.4860   0.00770647   0.01256010   
0.4810   0.00760607   0.01207046   
0.4760   0.00796186   0.01478294   
0.4710   0.00446981   0.01302590   
0.4660   0.00412463   0.01343256   
0.4610   0.00747540   0.01299535   
0.4560   0.00942992   0.01273398   
0.4510   0.00724004   0.01280126   
0.4460   0.00801031   0.01252900   
0.4410   0.00523480   0.01510572   
0.4360   0.00788572   0.01231329   
0.4310   0.00969074   0.01230555   
0.4260   0.00832892   0.01412272   
0.4210   0.00755821   0.01597922   
0.4160   0.00725890   0.01384045   
0.4110   0.00773444   0.01308162   
0.4060   0.00838329   0.01566640   
0.4010   0.00647004   0.01354770   
0.3960   0.00678786   0.01440420   
0.3910   0.00697036   0.01505826   
0.3860   0.00783313   0.01392108   
0.3810   0.00610056   0.01406672   
0.3760   0.00558702   0.01306835   
0.3710   0.00644693   0.01277218   
0.3660   0.00746273   0.01626498   
0.3610   0.00641778   0.01409754   
0.3560   0.00653792   0.01449793   
0.3510   0.00773503   0.01368425   
0.3460   0.00694784   0.01529096   
0.3410   0.00699864   0.01397180   
0.3360   0.00752457   0.01459170   
0.3310   0.00784616   0.01338593   
0.3260   0.00698569   0.01400444   
0.3210   0.00629338   0.01447708   
0.3160   0.00720282   0.01349646   
0.3110   0.00745244   0.01459075   
0.3060   0.00701842   0.01366343   
0.3010   0.00726232   0.01400123   
0.2960   0.00666545   0.01517105   
0.2910   0.00580725   0.01427663   
0.2860   0.00629906   0.01454754   
0.2810   0.00683941   0.01411931   
0.2760   0.00713467   0.01474779   
0.2710   0.00688521   0.01447712   
0.2660   0.00675636   0.01435475   
0.2610   0.00695650   0.01439379   
0.2560   0.00672233   0.01484966   
0.2510   0.00692782   0.01473810   
0.2460   0.00697250   0.01458650   
0.2410   0.00670092   0.01439177   
0.2360   0.00675736   0.01433692   
0.2310   0.00657819   0.01447894   
0.2260   0.00702334   0.01449845   
0.2210   0.00689919   0.01440078   
0.2160   0.00675291   0.01451024   
0.2110   0.00675291   0.01440078   
0.2060   0.00675291   0.01440078   
0.2010   0.00675291   0.01438172   
0.1960   0.00675291   0.01440078   
0.1910   0.00675291   0.01440078   
0.1860   0.00675291   0.01440078   
0.1810   0.00675291   0.01426586   
0.1760   0.00678512   0.01440078   
0.1710   0.00675291   0.01440078   
0.1660   0.00675291   0.01440078   
0.1610   0.00659019   0.01432627   
0.1560   0.00675291   0.01440078   
0.1510   0.00675291   0.01440078   
0.1460   0.00675291   0.01440078   
0.1410   0.00675291   0.01440078   
0.1360   0.00675291   0.01440078   
0.1310   0.00675291   0.01440078   
0.1260   0.00675291   0.01440078   
0.1210   0.00675291   0.01440078   
0.1160   0.00675291   0.01440078   
0.1110   0.00675291   0.01440078   
0.1060   0.00675291   0.01440078   
0.1010   0.00675291   0.01440078   
0.0960   0.00675291   0.01440078   
0.0910   0.00675291   0.01440078   
0.0860   0.00675291   0.01440078   
0.0810   0.00675291   0.01440078   
0.0760   0.00675291   0.01440078   
0.0710   0.00675291   0.01440078   
0.0660   0.00675291   0.01440078   
0.0610   0.00675291   0.01440078   
0.0560   0.00675291   0.01440078   
0.0510   0.00675291   0.01440078   
0.0460   0.00675291   0.01440078   
0.0410   0.00675291   0.01440078   
0.0360   0.00675291   0.01440078   
0.0310   0.00675291   0.01440078   
0.0260   0.00675291   0.01440078   
0.0210   0.00675291   0.01440078   
0.0160   0.00675291   0.01440078   
0.0110   0.00675291   0.01440078   
0.0060   0.00675291   0.01440078   
0.0010   0.00675291   0.01440078   
