-3938.00   -3974.00   -3990.00   -4028.00   -4024.00   -4062.00   -4054.00   -4062.00   -4074.00   -4068.00   
-3970.00   -3976.00   -4012.00   -4026.00   -4052.00   -4034.00   -4054.00   -4046.00   -4068.00   -4068.00   
-3972.00   -3996.00   -4010.00   -4022.00   -4036.00   -4046.00   -4048.00   -4064.00   -4060.00   -4070.00   
-3974.00   -3988.00   -4008.00   -4020.00   -4030.00   -4030.00   -4060.00   -4060.00   -4068.00   -4076.00   
-3978.00   -3968.00   -4006.00   -4020.00   -4044.00   -4054.00   -4056.00   -4062.00   -4078.00   -4072.00   
-3950.00   -3992.00   -4014.00   -4020.00   -4044.00   -4056.00   -4064.00   -4058.00   -4068.00   -4068.00   
-3956.00   -4006.00   -4010.00   -4030.00   -4048.00   -4056.00   -4066.00   -4052.00   -4064.00   -4076.00   
-3982.00   -3996.00   -4002.00   -4028.00   -4030.00   -4060.00   -4048.00   -4060.00   -4076.00   -4070.00   
-3952.00   -3974.00   -4018.00   -4018.00   -4032.00   -4046.00   -4052.00   -4062.00   -4060.00   -4078.00   
-3962.00   -3986.00   -4002.00   -4020.00   -4030.00   -4040.00   -4060.00   -4062.00   -4066.00   -4084.00   
-3966.00   -4006.00   -4012.00   -4030.00   -4030.00   -4044.00   -4058.00   -4066.00   -4064.00   -4070.00   
-3972.00   -3966.00   -4012.00   -4016.00   -4030.00   -4040.00   -4060.00   -4064.00   -4066.00   -4070.00   
-3960.00   -3970.00   -4006.00   -4030.00   -4034.00   -4056.00   -4056.00   -4076.00   -4060.00   -4072.00   
-3966.00   -4006.00   -3994.00   -4016.00   -4022.00   -4038.00   -4052.00   -4056.00   -4078.00   -4072.00   
-3972.00   -3972.00   -4014.00   -4032.00   -4040.00   -4040.00   -4058.00   -4052.00   -4066.00   -4068.00   
-3964.00   -4006.00   -4010.00   -4022.00   -4032.00   -4042.00   -4054.00   -4058.00   -4064.00   -4072.00   
-3952.00   -4000.00   -4024.00   -4028.00   -4030.00   -4044.00   -4048.00   -4052.00   -4062.00   -4070.00   
-3968.00   -3996.00   -4006.00   -4030.00   -4040.00   -4032.00   -4058.00   -4054.00   -4076.00   -4078.00   
-3978.00   -3998.00   -4006.00   -4024.00   -4026.00   -4044.00   -4048.00   -4064.00   -4058.00   -4072.00   
-3976.00   -3978.00   -4010.00   -4022.00   -4032.00   -4042.00   -4056.00   -4050.00   -4056.00   -4068.00   
-3934.00   -3994.00   -4012.00   -4030.00   -4046.00   -4050.00   -4062.00   -4064.00   -4062.00   -4074.00   
-3952.00   -3968.00   -4000.00   -4038.00   -4042.00   -4038.00   -4054.00   -4060.00   -4062.00   -4060.00   
-3978.00   -3988.00   -4012.00   -4010.00   -4026.00   -4050.00   -4060.00   -4068.00   -4062.00   -4076.00   
-3964.00   -3970.00   -4004.00   -4020.00   -4028.00   -4040.00   -4056.00   -4048.00   -4064.00   -4080.00   
-3958.00   -3986.00   -4000.00   -4032.00   -4030.00   -4054.00   -4056.00   -4064.00   -4070.00   -4068.00   
-3974.00   -3988.00   -3998.00   -4032.00   -4034.00   -4042.00   -4048.00   -4066.00   -4062.00   -4066.00   
-3966.00   -3986.00   -4014.00   -4006.00   -4046.00   -4042.00   -4056.00   -4062.00   -4056.00   -4078.00   
-3978.00   -3994.00   -4016.00   -4034.00   -4032.00   -4044.00   -4056.00   -4068.00   -4064.00   -4070.00   
-3968.00   -3992.00   -4020.00   -4020.00   -4028.00   -4048.00   -4052.00   -4060.00   -4066.00   -4074.00   
-3958.00   -4018.00   -4006.00   -4032.00   -4032.00   -4042.00   -4046.00   -4052.00   -4076.00   -4078.00   
-3958.00   -3982.00   -3998.00   -4048.00   -4040.00   -4042.00   -4060.00   -4070.00   -4062.00   -4070.00   
-3968.00   -3986.00   -4006.00   -4022.00   -4038.00   -4048.00   -4064.00   -4056.00   -4058.00   -4074.00   
-3986.00   -4000.00   -4004.00   -4014.00   -4036.00   -4046.00   -4050.00   -4058.00   -4066.00   -4072.00   
-3960.00   -3986.00   -4012.00   -4032.00   -4030.00   -4048.00   -4056.00   -4068.00   -4072.00   -4064.00   
-3978.00   -3984.00   -3992.00   -4014.00   -4032.00   -4040.00   -4052.00   -4068.00   -4066.00   -4070.00   
-3958.00   -3988.00   -4004.00   -4026.00   -4024.00   -4038.00   -4052.00   -4054.00   -4068.00   -4080.00   
-3958.00   -3980.00   -4000.00   -4012.00   -4034.00   -4042.00   -4054.00   -4060.00   -4072.00   -4076.00   
-3968.00   -4000.00   -4004.00   -4012.00   -4040.00   -4050.00   -4050.00   -4058.00   -4068.00   -4074.00   
-3976.00   -3994.00   -4004.00   -4000.00   -4028.00   -4050.00   -4058.00   -4062.00   -4060.00   -4072.00   
-3986.00   -3982.00   -4022.00   -4032.00   -4044.00   -4054.00   -4054.00   -4060.00   -4074.00   -4070.00   
-3962.00   -3996.00   -4004.00   -4016.00   -4028.00   -4056.00   -4058.00   -4058.00   -4068.00   -4074.00   
-3956.00   -3986.00   -4010.00   -4012.00   -4044.00   -4038.00   -4052.00   -4058.00   -4070.00   -4066.00   
-3970.00   -3986.00   -4000.00   -4004.00   -4018.00   -4054.00   -4058.00   -4068.00   -4066.00   -4068.00   
-3982.00   -4000.00   -3996.00   -4014.00   -4036.00   -4040.00   -4060.00   -4052.00   -4072.00   -4066.00   
-3972.00   -3988.00   -3998.00   -4026.00   -4050.00   -4044.00   -4050.00   -4066.00   -4062.00   -4072.00   
-3980.00   -4008.00   -4012.00   -4012.00   -4038.00   -4046.00   -4060.00   -4052.00   -4066.00   -4080.00   
-3966.00   -3994.00   -4010.00   -3992.00   -4038.00   -4042.00   -4042.00   -4060.00   -4078.00   -4068.00   
-3972.00   -3984.00   -4014.00   -4036.00   -4046.00   -4058.00   -4066.00   -4046.00   -4074.00   -4070.00   
-3960.00   -4002.00   -4008.00   -4010.00   -4052.00   -4048.00   -4034.00   -4060.00   -4070.00   -4070.00   
-3972.00   -3980.00   -4024.00   -4020.00   -4024.00   -4046.00   -4056.00   -4060.00   -4066.00   -4080.00   
-3984.00   -3996.00   -3990.00   -4016.00   -4030.00   -4042.00   -4068.00   -4058.00   -4072.00   -4072.00   
-3958.00   -3990.00   -4002.00   -4018.00   -4044.00   -4042.00   -4048.00   -4050.00   -4070.00   -4070.00   
-3968.00   -3992.00   -4012.00   -4034.00   -4034.00   -4050.00   -4060.00   -4066.00   -4074.00   -4072.00   
-3976.00   -3988.00   -4004.00   -4002.00   -4016.00   -4036.00   -4058.00   -4058.00   -4070.00   -4072.00   
-3978.00   -3984.00   -4012.00   -4032.00   -4042.00   -4046.00   -4040.00   -4062.00   -4070.00   -4068.00   
-3970.00   -4000.00   -4012.00   -4044.00   -4036.00   -4034.00   -4040.00   -4064.00   -4070.00   -4076.00   
-3954.00   -3998.00   -4010.00   -4024.00   -4024.00   -4046.00   -4050.00   -4064.00   -4064.00   -4070.00   
-3984.00   -3996.00   -3996.00   -4014.00   -4018.00   -4034.00   -4054.00   -4068.00   -4062.00   -4068.00   
-3974.00   -3988.00   -4008.00   -4034.00   -4030.00   -4030.00   -4062.00   -4064.00   -4066.00   -4078.00   
-3980.00   -3988.00   -4018.00   -4036.00   -4042.00   -4048.00   -4062.00   -4064.00   -4066.00   -4074.00   
-3978.00   -4000.00   -4016.00   -4028.00   -4040.00   -4046.00   -4058.00   -4058.00   -4064.00   -4074.00   
-3966.00   -3998.00   -4002.00   -4020.00   -4026.00   -4048.00   -4058.00   -4064.00   -4066.00   -4072.00   
-3966.00   -3980.00   -4022.00   -4024.00   -4022.00   -4048.00   -4050.00   -4070.00   -4076.00   -4072.00   
-3974.00   -3962.00   -4006.00   -4018.00   -4028.00   -4034.00   -4054.00   -4068.00   -4070.00   -4068.00   
-3970.00   -3976.00   -4016.00   -4022.00   -4044.00   -4044.00   -4058.00   -4060.00   -4068.00   -4074.00   
-3974.00   -3990.00   -4014.00   -4022.00   -4032.00   -4042.00   -4054.00   -4062.00   -4068.00   -4066.00   
-3972.00   -4002.00   -4002.00   -4022.00   -4046.00   -4034.00   -4058.00   -4060.00   -4064.00   -4066.00   
-3966.00   -3996.00   -4004.00   -4022.00   -4042.00   -4048.00   -4050.00   -4068.00   -4066.00   -4078.00   
-3978.00   -3980.00   -4010.00   -4002.00   -4034.00   -4036.00   -4058.00   -4060.00   -4078.00   -4078.00   
-3974.00   -4008.00   -3998.00   -4022.00   -4040.00   -4040.00   -4064.00   -4066.00   -4080.00   -4074.00   
-3960.00   -3984.00   -3998.00   -4028.00   -4030.00   -4062.00   -4044.00   -4052.00   -4076.00   -4074.00   
-3984.00   -3982.00   -3986.00   -4036.00   -4030.00   -4052.00   -4050.00   -4058.00   -4072.00   -4074.00   
-3950.00   -3984.00   -4020.00   -4006.00   -4022.00   -4044.00   -4052.00   -4066.00   -4064.00   -4062.00   
-3966.00   -3996.00   -4004.00   -4018.00   -4042.00   -4032.00   -4052.00   -4058.00   -4068.00   -4074.00   
-3976.00   -3976.00   -4022.00   -4020.00   -4016.00   -4054.00   -4050.00   -4054.00   -4072.00   -4072.00   
-3980.00   -3990.00   -4016.00   -4002.00   -4036.00   -4048.00   -4052.00   -4064.00   -4060.00   -4074.00   
-3948.00   -3986.00   -4008.00   -4014.00   -4036.00   -4048.00   -4060.00   -4058.00   -4070.00   -4062.00   
-3950.00   -3978.00   -4018.00   -4040.00   -4032.00   -4034.00   -4060.00   -4062.00   -4068.00   -4074.00   
-3982.00   -3980.00   -4008.00   -4024.00   -4032.00   -4048.00   -4052.00   -4052.00   -4068.00   -4076.00   
-3986.00   -3994.00   -4000.00   -4010.00   -4040.00   -4050.00   -4048.00   -4066.00   -4058.00   -4066.00   
-3968.00   -4012.00   -3984.00   -4026.00   -4038.00   -4042.00   -4046.00   -4064.00   -4066.00   -4066.00   
-3972.00   -3994.00   -4004.00   -4016.00   -4030.00   -4036.00   -4058.00   -4060.00   -4068.00   -4072.00   
-3966.00   -3986.00   -4012.00   -4028.00   -4034.00   -4046.00   -4064.00   -4060.00   -4074.00   -4074.00   
-3970.00   -3976.00   -4000.00   -4026.00   -4034.00   -4036.00   -4040.00   -4064.00   -4068.00   -4066.00   
-3984.00   -4000.00   -4000.00   -4010.00   -4028.00   -4050.00   -4052.00   -4064.00   -4080.00   -4084.00   
-3964.00   -4006.00   -4026.00   -4016.00   -4040.00   -4042.00   -4056.00   -4064.00   -4050.00   -4054.00   
-3978.00   -3996.00   -4010.00   -4032.00   -4036.00   -4056.00   -4046.00   -4064.00   -4060.00   -4074.00   
-3960.00   -3990.00   -4026.00   -4022.00   -4044.00   -4048.00   -4044.00   -4066.00   -4076.00   -4064.00   
-3964.00   -3998.00   -4010.00   -4022.00   -4028.00   -4048.00   -4054.00   -4062.00   -4056.00   -4074.00   
-3970.00   -3986.00   -4008.00   -4028.00   -4016.00   -4048.00   -4050.00   -4064.00   -4070.00   -4068.00   
-3974.00   -3972.00   -4018.00   -4026.00   -4036.00   -4038.00   -4048.00   -4072.00   -4080.00   -4070.00   
-3970.00   -4004.00   -4018.00   -4028.00   -4032.00   -4040.00   -4062.00   -4064.00   -4072.00   -4060.00   
-3990.00   -4002.00   -3998.00   -4024.00   -4040.00   -4050.00   -4066.00   -4052.00   -4068.00   -4062.00   
-3978.00   -4010.00   -4004.00   -4020.00   -4036.00   -4052.00   -4046.00   -4060.00   -4062.00   -4078.00   
-3972.00   -3986.00   -4008.00   -4036.00   -4022.00   -4052.00   -4060.00   -4072.00   -4062.00   -4068.00   
-3960.00   -3996.00   -4014.00   -4022.00   -4032.00   -4042.00   -4056.00   -4062.00   -4066.00   -4066.00   
-3964.00   -3994.00   -4020.00   -4026.00   -4028.00   -4052.00   -4056.00   -4050.00   -4062.00   -4068.00   
-3964.00   -3972.00   -4000.00   -4040.00   -4050.00   -4056.00   -4062.00   -4060.00   -4064.00   -4064.00   
-3984.00   -3986.00   -4002.00   -4028.00   -4026.00   -4048.00   -4056.00   -4052.00   -4074.00   -4066.00   
-3992.00   -3990.00   -4002.00   -4028.00   -4034.00   -4058.00   -4058.00   -4056.00   -4070.00   -4070.00   
-3984.00   -3984.00   -3992.00   -4018.00   -4044.00   -4036.00   -4050.00   -4062.00   -4072.00   -4066.00   
-3960.00   -3978.00   -4024.00   -4018.00   -4028.00   -4050.00   -4044.00   -4064.00   -4072.00   -4072.00   
-3974.00   -3984.00   -4002.00   -4010.00   -4042.00   -4032.00   -4054.00   -4056.00   -4066.00   -4072.00   
-3966.00   -3990.00   -4020.00   -4012.00   -4030.00   -4046.00   -4054.00   -4070.00   -4066.00   -4070.00   
-3964.00   -3988.00   -3996.00   -4022.00   -4044.00   -4056.00   -4038.00   -4058.00   -4064.00   -4058.00   
-3968.00   -4012.00   -4004.00   -4024.00   -4032.00   -4040.00   -4060.00   -4064.00   -4064.00   -4070.00   
-3974.00   -3992.00   -4002.00   -4018.00   -4048.00   -4046.00   -4052.00   -4062.00   -4074.00   -4070.00   
-3972.00   -3996.00   -4004.00   -4038.00   -4032.00   -4052.00   -4044.00   -4058.00   -4064.00   -4074.00   
-3978.00   -3996.00   -4008.00   -4036.00   -4026.00   -4038.00   -4058.00   -4054.00   -4066.00   -4070.00   
-3970.00   -3976.00   -4008.00   -4046.00   -4038.00   -4038.00   -4048.00   -4064.00   -4068.00   -4080.00   
-3958.00   -4006.00   -4012.00   -4022.00   -4020.00   -4044.00   -4066.00   -4054.00   -4064.00   -4076.00   
-3964.00   -3998.00   -4010.00   -4022.00   -4030.00   -4052.00   -4044.00   -4054.00   -4060.00   -4070.00   
-3964.00   -3990.00   -3994.00   -4018.00   -4044.00   -4056.00   -4052.00   -4058.00   -4064.00   -4062.00   
-3994.00   -3992.00   -4024.00   -4010.00   -4032.00   -4046.00   -4058.00   -4058.00   -4072.00   -4074.00   
-3978.00   -3982.00   -4016.00   -4038.00   -4026.00   -4050.00   -4050.00   -4064.00   -4066.00   -4068.00   
-3958.00   -4002.00   -4014.00   -4018.00   -4036.00   -4046.00   -4064.00   -4060.00   -4058.00   -4056.00   
-3968.00   -3990.00   -3998.00   -4026.00   -4042.00   -4048.00   -4068.00   -4070.00   -4074.00   -4078.00   
-3950.00   -3988.00   -4022.00   -4026.00   -4044.00   -4034.00   -4054.00   -4060.00   -4064.00   -4070.00   
-3950.00   -3992.00   -3998.00   -4040.00   -4028.00   -4046.00   -4054.00   -4054.00   -4064.00   -4072.00   
-3968.00   -4008.00   -4024.00   -4020.00   -4034.00   -4034.00   -4054.00   -4060.00   -4062.00   -4076.00   
-3972.00   -4000.00   -4016.00   -4014.00   -4036.00   -4044.00   -4062.00   -4056.00   -4074.00   -4074.00   
-3970.00   -4000.00   -4002.00   -4018.00   -4026.00   -4044.00   -4058.00   -4064.00   -4060.00   -4074.00   
-3958.00   -4000.00   -4020.00   -4022.00   -4022.00   -4056.00   -4058.00   -4066.00   -4066.00   -4068.00   
-3984.00   -4008.00   -4018.00   -4010.00   -4040.00   -4044.00   -4048.00   -4066.00   -4070.00   -4072.00   
-3970.00   -4000.00   -4008.00   -4022.00   -4030.00   -4052.00   -4052.00   -4058.00   -4054.00   -4070.00   
-3972.00   -3994.00   -4004.00   -4018.00   -4042.00   -4036.00   -4054.00   -4068.00   -4068.00   -4076.00   
-3990.00   -4000.00   -4000.00   -4022.00   -4040.00   -4048.00   -4052.00   -4064.00   -4068.00   -4066.00   
-3986.00   -3990.00   -4024.00   -4044.00   -4038.00   -4040.00   -4052.00   -4064.00   -4070.00   -4078.00   
-3970.00   -4002.00   -4032.00   -4030.00   -4040.00   -4038.00   -4044.00   -4056.00   -4072.00   -4070.00   
-3984.00   -3968.00   -4010.00   -4020.00   -4040.00   -4032.00   -4050.00   -4066.00   -4058.00   -4074.00   
-3980.00   -3980.00   -4020.00   -4038.00   -4032.00   -4044.00   -4056.00   -4072.00   -4072.00   -4072.00   
-3972.00   -3998.00   -3986.00   -4032.00   -4036.00   -4050.00   -4048.00   -4056.00   -4074.00   -4076.00   
-3982.00   -3994.00   -4014.00   -4026.00   -4028.00   -4046.00   -4062.00   -4058.00   -4074.00   -4068.00   
-3958.00   -3982.00   -4014.00   -4018.00   -4028.00   -4022.00   -4058.00   -4058.00   -4058.00   -4070.00   
-3978.00   -4014.00   -4008.00   -4036.00   -4036.00   -4040.00   -4062.00   -4054.00   -4066.00   -4066.00   
-3978.00   -4000.00   -4000.00   -4036.00   -4026.00   -4042.00   -4052.00   -4066.00   -4068.00   -4068.00   
-3976.00   -4008.00   -3996.00   -4010.00   -4040.00   -4054.00   -4052.00   -4064.00   -4066.00   -4076.00   
-3980.00   -3988.00   -3996.00   -4022.00   -4048.00   -4038.00   -4056.00   -4066.00   -4070.00   -4070.00   
-3984.00   -4000.00   -4012.00   -4026.00   -4028.00   -4042.00   -4058.00   -4060.00   -4064.00   -4074.00   
-3948.00   -3988.00   -4014.00   -4032.00   -4030.00   -4046.00   -4044.00   -4070.00   -4056.00   -4072.00   
-3970.00   -4014.00   -3994.00   -4000.00   -4032.00   -4048.00   -4054.00   -4070.00   -4066.00   -4070.00   
-3974.00   -4002.00   -4022.00   -4022.00   -4028.00   -4038.00   -4056.00   -4062.00   -4068.00   -4070.00   
-3962.00   -4010.00   -4012.00   -4002.00   -4034.00   -4054.00   -4050.00   -4048.00   -4068.00   -4070.00   
-3982.00   -3992.00   -4010.00   -4024.00   -4028.00   -4044.00   -4050.00   -4062.00   -4066.00   -4076.00   
-3962.00   -4006.00   -4010.00   -4014.00   -4034.00   -4052.00   -4048.00   -4062.00   -4068.00   -4072.00   
-3980.00   -4000.00   -4010.00   -4020.00   -4034.00   -4040.00   -4056.00   -4058.00   -4064.00   -4070.00   
-3968.00   -3984.00   -3992.00   -4012.00   -4046.00   -4050.00   -4048.00   -4054.00   -4066.00   -4068.00   
-3972.00   -3996.00   -3994.00   -4006.00   -4044.00   -4044.00   -4066.00   -4066.00   -4064.00   -4072.00   
-3972.00   -3992.00   -4000.00   -4016.00   -4028.00   -4054.00   -4054.00   -4060.00   -4072.00   -4068.00   
-3964.00   -3988.00   -4004.00   -4032.00   -4040.00   -4046.00   -4048.00   -4068.00   -4066.00   -4068.00   
-3992.00   -3986.00   -4008.00   -4028.00   -4024.00   -4042.00   -4068.00   -4068.00   -4062.00   -4070.00   
-3990.00   -3992.00   -4012.00   -4020.00   -4038.00   -4058.00   -4050.00   -4058.00   -4070.00   -4074.00   
-3968.00   -3998.00   -4010.00   -4032.00   -4036.00   -4056.00   -4054.00   -4056.00   -4060.00   -4068.00   
-3968.00   -3990.00   -4016.00   -4016.00   -4028.00   -4054.00   -4040.00   -4066.00   -4066.00   -4064.00   
-3956.00   -3980.00   -4004.00   -4010.00   -4026.00   -4040.00   -4050.00   -4066.00   -4066.00   -4078.00   
-3984.00   -3982.00   -4008.00   -4024.00   -4038.00   -4044.00   -4056.00   -4056.00   -4066.00   -4074.00   
-3974.00   -3986.00   -4016.00   -4026.00   -4036.00   -4036.00   -4046.00   -4056.00   -4060.00   -4078.00   
-3972.00   -3980.00   -3996.00   -4008.00   -4034.00   -4044.00   -4054.00   -4062.00   -4070.00   -4076.00   
-3958.00   -4000.00   -4004.00   -4016.00   -4020.00   -4044.00   -4058.00   -4074.00   -4068.00   -4066.00   
-3976.00   -3990.00   -3998.00   -4026.00   -4032.00   -4040.00   -4062.00   -4060.00   -4074.00   -4070.00   
-3988.00   -3990.00   -4012.00   -4018.00   -4036.00   -4038.00   -4050.00   -4070.00   -4062.00   -4074.00   
-3970.00   -3998.00   -4002.00   -4028.00   -4046.00   -4050.00   -4050.00   -4050.00   -4070.00   -4080.00   
-3982.00   -3992.00   -3990.00   -4012.00   -4040.00   -4052.00   -4056.00   -4058.00   -4064.00   -4060.00   
-3960.00   -3988.00   -4008.00   -4026.00   -4034.00   -4046.00   -4068.00   -4060.00   -4066.00   -4078.00   
-3990.00   -3974.00   -4014.00   -4010.00   -4024.00   -4052.00   -4056.00   -4068.00   -4068.00   -4074.00   
-3978.00   -3976.00   -4018.00   -4006.00   -4030.00   -4038.00   -4040.00   -4066.00   -4056.00   -4068.00   
-3970.00   -3986.00   -4012.00   -4016.00   -4028.00   -4036.00   -4056.00   -4064.00   -4066.00   -4076.00   
-3984.00   -3984.00   -4012.00   -4024.00   -4030.00   -4046.00   -4056.00   -4060.00   -4070.00   -4068.00   
-3974.00   -3994.00   -4012.00   -4012.00   -4030.00   -4046.00   -4052.00   -4040.00   -4064.00   -4068.00   
-3974.00   -3980.00   -4020.00   -4016.00   -4042.00   -4042.00   -4062.00   -4064.00   -4058.00   -4080.00   
-3966.00   -4010.00   -4000.00   -4024.00   -4030.00   -4040.00   -4052.00   -4050.00   -4060.00   -4070.00   
-3974.00   -3998.00   -4016.00   -4014.00   -4022.00   -4038.00   -4060.00   -4066.00   -4058.00   -4070.00   
-3964.00   -3994.00   -4002.00   -4008.00   -4036.00   -4054.00   -4050.00   -4068.00   -4072.00   -4076.00   
-3978.00   -4016.00   -4000.00   -4028.00   -4040.00   -4042.00   -4066.00   -4064.00   -4068.00   -4076.00   
-3976.00   -3992.00   -4004.00   -4018.00   -4036.00   -4050.00   -4054.00   -4060.00   -4064.00   -4072.00   
-3974.00   -3984.00   -4010.00   -4006.00   -4040.00   -4042.00   -4046.00   -4066.00   -4070.00   -4076.00   
-3974.00   -3994.00   -4018.00   -4006.00   -4020.00   -4040.00   -4054.00   -4060.00   -4072.00   -4062.00   
-3986.00   -3992.00   -3998.00   -4010.00   -4018.00   -4042.00   -4042.00   -4074.00   -4074.00   -4076.00   
-3948.00   -3984.00   -4012.00   -4018.00   -4036.00   -4038.00   -4050.00   -4054.00   -4072.00   -4072.00   
-3970.00   -4012.00   -3990.00   -4016.00   -4026.00   -4048.00   -4054.00   -4054.00   -4066.00   -4076.00   
-3978.00   -3978.00   -3998.00   -4024.00   -4032.00   -4058.00   -4048.00   -4060.00   -4062.00   -4072.00   
-3982.00   -3998.00   -4016.00   -4038.00   -4040.00   -4038.00   -4052.00   -4058.00   -4064.00   -4066.00   
-3972.00   -3988.00   -4012.00   -4014.00   -4026.00   -4044.00   -4042.00   -4066.00   -4070.00   -4070.00   
-3972.00   -4000.00   -4004.00   -4018.00   -4028.00   -4040.00   -4048.00   -4066.00   -4062.00   -4066.00   
-3966.00   -3992.00   -4016.00   -4012.00   -4030.00   -4036.00   -4044.00   -4062.00   -4068.00   -4078.00   
-3962.00   -4006.00   -4018.00   -4028.00   -4038.00   -4044.00   -4052.00   -4058.00   -4068.00   -4066.00   
-3970.00   -4016.00   -4024.00   -4024.00   -4036.00   -4046.00   -4052.00   -4066.00   -4068.00   -4066.00   
-3972.00   -3994.00   -4018.00   -4000.00   -4026.00   -4042.00   -4048.00   -4052.00   -4070.00   -4066.00   
-3968.00   -3994.00   -4004.00   -4040.00   -4034.00   -4046.00   -4054.00   -4056.00   -4066.00   -4064.00   
-3956.00   -3996.00   -4020.00   -4022.00   -4022.00   -4046.00   -4060.00   -4060.00   -4066.00   -4068.00   
-3974.00   -3998.00   -4012.00   -4034.00   -4032.00   -4042.00   -4066.00   -4068.00   -4066.00   -4078.00   
-3966.00   -3966.00   -4006.00   -4028.00   -4048.00   -4050.00   -4060.00   -4064.00   -4058.00   -4068.00   
-3964.00   -3998.00   -3992.00   -4028.00   -4030.00   -4048.00   -4052.00   -4064.00   -4070.00   -4076.00   
-3972.00   -3988.00   -4024.00   -4022.00   -4032.00   -4050.00   -4046.00   -4056.00   -4076.00   -4070.00   
-3960.00   -3994.00   -4016.00   -4028.00   -4024.00   -4052.00   -4058.00   -4066.00   -4068.00   -4076.00   
-3976.00   -3986.00   -4006.00   -4022.00   -4028.00   -4048.00   -4056.00   -4062.00   -4060.00   -4064.00   
-3960.00   -3972.00   -4028.00   -4014.00   -4032.00   -4034.00   -4064.00   -4068.00   -4064.00   -4066.00   
-3974.00   -3990.00   -4006.00   -4032.00   -4020.00   -4036.00   -4042.00   -4062.00   -4066.00   -4076.00   
-3962.00   -3996.00   -4018.00   -4028.00   -4036.00   -4048.00   -4060.00   -4058.00   -4070.00   -4072.00   
-3994.00   -3972.00   -3996.00   -4044.00   -4044.00   -4048.00   -4058.00   -4062.00   -4060.00   -4074.00   
-3950.00   -4006.00   -4014.00   -4034.00   -4036.00   -4044.00   -4050.00   -4072.00   -4064.00   -4068.00   
-3960.00   -3990.00   -4000.00   -4032.00   -4050.00   -4038.00   -4056.00   -4054.00   -4054.00   -4072.00   
-3974.00   -4004.00   -4018.00   -4032.00   -4038.00   -4050.00   -4050.00   -4068.00   -4064.00   -4072.00   
-3964.00   -4014.00   -4002.00   -4026.00   -4024.00   -4042.00   -4054.00   -4060.00   -4076.00   -4072.00   
-3966.00   -4004.00   -4000.00   -4002.00   -4046.00   -4040.00   -4060.00   -4072.00   -4072.00   -4070.00   
-3966.00   -3986.00   -4010.00   -4022.00   -4036.00   -4042.00   -4042.00   -4042.00   -4070.00   -4076.00   
-3970.00   -4002.00   -4016.00   -4016.00   -4034.00   -4036.00   -4060.00   -4056.00   -4072.00   -4076.00   
-3972.00   -3980.00   -4004.00   -4024.00   -4034.00   -4068.00   -4050.00   -4052.00   -4076.00   -4070.00   
-3968.00   -4000.00   -4002.00   -4020.00   -4024.00   -4032.00   -4046.00   -4058.00   -4062.00   -4078.00   
-3962.00   -3990.00   -3996.00   -4014.00   -4036.00   -4036.00   -4050.00   -4062.00   -4064.00   -4072.00   
-3990.00   -3998.00   -4010.00   -4024.00   -4034.00   -4056.00   -4054.00   -4068.00   -4076.00   -4076.00   
-3984.00   -3988.00   -4008.00   -4012.00   -4038.00   -4040.00   -4062.00   -4060.00   -4050.00   -4072.00   
-3956.00   -3998.00   -3998.00   -4012.00   -4020.00   -4052.00   -4048.00   -4054.00   -4058.00   -4074.00   
-3960.00   -3994.00   -3998.00   -4022.00   -4040.00   -4046.00   -4052.00   -4054.00   -4072.00   -4072.00   
-3970.00   -4008.00   -4000.00   -4030.00   -4044.00   -4050.00   -4062.00   -4058.00   -4064.00   -4068.00   
-3968.00   -3994.00   -4006.00   -4022.00   -4030.00   -4038.00   -4046.00   -4064.00   -4078.00   -4078.00   
-3966.00   -4002.00   -3986.00   -4012.00   -4046.00   -4042.00   -4046.00   -4062.00   -4062.00   -4070.00   
-3964.00   -3976.00   -4018.00   -3996.00   -4034.00   -4040.00   -4050.00   -4056.00   -4070.00   -4064.00   
-3978.00   -3998.00   -4030.00   -4038.00   -4018.00   -4052.00   -4056.00   -4052.00   -4072.00   -4066.00   
-3970.00   -3982.00   -4006.00   -4022.00   -4032.00   -4042.00   -4060.00   -4062.00   -4060.00   -4076.00   
-3968.00   -3986.00   -4008.00   -4018.00   -4026.00   -4058.00   -4058.00   -4060.00   -4062.00   -4080.00   
-3982.00   -3994.00   -4016.00   -4032.00   -4048.00   -4032.00   -4038.00   -4060.00   -4060.00   -4068.00   
-3964.00   -3988.00   -4020.00   -4016.00   -4034.00   -4038.00   -4048.00   -4058.00   -4072.00   -4084.00   
-3978.00   -4002.00   -4012.00   -4026.00   -4044.00   -4042.00   -4046.00   -4052.00   -4074.00   -4072.00   
-3954.00   -3966.00   -4002.00   -4020.00   -4052.00   -4054.00   -4052.00   -4054.00   -4074.00   -4082.00   
-3952.00   -3988.00   -4012.00   -4028.00   -4036.00   -4024.00   -4062.00   -4068.00   -4066.00   -4064.00   
-3946.00   -3992.00   -4012.00   -4024.00   -4044.00   -4034.00   -4068.00   -4056.00   -4066.00   -4078.00   
-3952.00   -3988.00   -4002.00   -4012.00   -4026.00   -4046.00   -4050.00   -4058.00   -4066.00   -4078.00   
-3978.00   -3998.00   -4008.00   -4032.00   -4036.00   -4040.00   -4058.00   -4052.00   -4076.00   -4080.00   
-3970.00   -3976.00   -4008.00   -4036.00   -4042.00   -4044.00   -4046.00   -4066.00   -4068.00   -4078.00   
-3960.00   -3988.00   -4000.00   -4030.00   -4032.00   -4044.00   -4060.00   -4070.00   -4066.00   -4068.00   
-3970.00   -3998.00   -4000.00   -4006.00   -4040.00   -4064.00   -4056.00   -4060.00   -4064.00   -4072.00   
-3968.00   -3970.00   -3982.00   -4016.00   -4024.00   -4050.00   -4042.00   -4068.00   -4070.00   -4070.00   
-3970.00   -3990.00   -4008.00   -4024.00   -4032.00   -4054.00   -4034.00   -4066.00   -4078.00   -4078.00   
-3946.00   -3988.00   -4000.00   -4032.00   -4042.00   -4046.00   -4052.00   -4056.00   -4074.00   -4074.00   
-3966.00   -4002.00   -4016.00   -4012.00   -4026.00   -4048.00   -4058.00   -4064.00   -4072.00   -4082.00   
-3972.00   -3988.00   -4014.00   -4044.00   -4028.00   -4044.00   -4038.00   -4060.00   -4060.00   -4068.00   
-3970.00   -3982.00   -4018.00   -4012.00   -4018.00   -4038.00   -4056.00   -4066.00   -4070.00   -4076.00   
-3962.00   -3988.00   -4004.00   -4018.00   -4038.00   -4030.00   -4048.00   -4066.00   -4062.00   -4074.00   
-3960.00   -3998.00   -3994.00   -4012.00   -4038.00   -4054.00   -4044.00   -4052.00   -4070.00   -4070.00   
-3972.00   -3988.00   -4004.00   -4020.00   -4026.00   -4046.00   -4050.00   -4074.00   -4058.00   -4068.00   
-3978.00   -3972.00   -3990.00   -4034.00   -4038.00   -4060.00   -4056.00   -4054.00   -4070.00   -4066.00   
-3966.00   -3980.00   -4002.00   -4010.00   -4042.00   -4050.00   -4052.00   -4058.00   -4056.00   -4076.00   
-3970.00   -3976.00   -4018.00   -4018.00   -4026.00   -4052.00   -4054.00   -4060.00   -4068.00   -4070.00   
-3958.00   -3988.00   -4014.00   -4022.00   -4046.00   -4044.00   -4050.00   -4064.00   -4074.00   -4068.00   
-3942.00   -3974.00   -4000.00   -4044.00   -4024.00   -4034.00   -4054.00   -4068.00   -4070.00   -4068.00   
-3948.00   -3992.00   -4002.00   -4032.00   -4046.00   -4054.00   -4048.00   -4058.00   -4072.00   -4074.00   
-3966.00   -3984.00   -4012.00   -4030.00   -4032.00   -4056.00   -4054.00   -4060.00   -4070.00   -4070.00   
-3968.00   -4008.00   -4018.00   -4036.00   -4032.00   -4034.00   -4056.00   -4044.00   -4066.00   -4076.00   
-3976.00   -3998.00   -4004.00   -4020.00   -4034.00   -4040.00   -4050.00   -4066.00   -4066.00   -4074.00   
-3942.00   -3998.00   -4014.00   -4034.00   -4032.00   -4054.00   -4050.00   -4062.00   -4062.00   -4074.00   
-3974.00   -3972.00   -4022.00   -4020.00   -4034.00   -4046.00   -4064.00   -4062.00   -4076.00   -4070.00   
-3978.00   -3980.00   -4012.00   -4030.00   -4044.00   -4044.00   -4052.00   -4074.00   -4064.00   -4070.00   
-3976.00   -3996.00   -4024.00   -4030.00   -4012.00   -4042.00   -4056.00   -4054.00   -4064.00   -4072.00   
-3974.00   -3974.00   -4012.00   -4020.00   -4032.00   -4046.00   -4048.00   -4058.00   -4058.00   -4068.00   
-3970.00   -3966.00   -3998.00   -4012.00   -4038.00   -4054.00   -4052.00   -4064.00   -4066.00   -4068.00   
-3978.00   -3972.00   -4000.00   -4036.00   -4044.00   -4050.00   -4040.00   -4064.00   -4064.00   -4068.00   
-3970.00   -3996.00   -4006.00   -4026.00   -4030.00   -4042.00   -4060.00   -4064.00   -4066.00   -4060.00   
-3962.00   -4000.00   -4016.00   -4024.00   -4032.00   -4034.00   -4056.00   -4062.00   -4066.00   -4062.00   
-3968.00   -3978.00   -4000.00   -4018.00   -4030.00   -4038.00   -4058.00   -4062.00   -4064.00   -4068.00   
-3976.00   -4010.00   -4008.00   -4022.00   -4048.00   -4036.00   -4046.00   -4064.00   -4070.00   -4072.00   
-3952.00   -3998.00   -4004.00   -4016.00   -4032.00   -4050.00   -4058.00   -4060.00   -4068.00   -4082.00   
-3964.00   -3968.00   -4028.00   -4000.00   -4042.00   -4052.00   -4048.00   -4058.00   -4064.00   -4072.00   
-3966.00   -3998.00   -4004.00   -4022.00   -4024.00   -4034.00   -4050.00   -4056.00   -4072.00   -4076.00   
-3962.00   -3992.00   -4004.00   -4036.00   -4026.00   -4042.00   -4042.00   -4060.00   -4064.00   -4074.00   
-3976.00   -3972.00   -4010.00   -4012.00   -4046.00   -4048.00   -4056.00   -4056.00   -4054.00   -4078.00   
-3984.00   -3982.00   -4006.00   -4030.00   -4036.00   -4040.00   -4058.00   -4064.00   -4062.00   -4070.00   
-3972.00   -4004.00   -3998.00   -4026.00   -4038.00   -4048.00   -4050.00   -4062.00   -4064.00   -4062.00   
-3976.00   -3978.00   -4010.00   -4004.00   -4024.00   -4034.00   -4060.00   -4060.00   -4070.00   -4068.00   
-3982.00   -3992.00   -4020.00   -4010.00   -4032.00   -4042.00   -4050.00   -4054.00   -4056.00   -4078.00   
-3932.00   -3976.00   -4006.00   -4028.00   -4040.00   -4042.00   -4056.00   -4056.00   -4062.00   -4072.00   
-3982.00   -3996.00   -4002.00   -4020.00   -4032.00   -4048.00   -4052.00   -4070.00   -4064.00   -4064.00   
-3976.00   -4004.00   -3994.00   -4024.00   -4034.00   -4046.00   -4044.00   -4056.00   -4074.00   -4066.00   
-3966.00   -3984.00   -4010.00   -4018.00   -4026.00   -4038.00   -4048.00   -4066.00   -4064.00   -4068.00   
-3960.00   -3988.00   -4012.00   -4016.00   -4024.00   -4040.00   -4062.00   -4066.00   -4078.00   -4074.00   
-3978.00   -3988.00   -3992.00   -4024.00   -4034.00   -4052.00   -4046.00   -4068.00   -4068.00   -4062.00   
-3972.00   -3980.00   -4006.00   -4030.00   -4030.00   -4040.00   -4058.00   -4064.00   -4074.00   -4082.00   
-3954.00   -3992.00   -4010.00   -4006.00   -4036.00   -4028.00   -4052.00   -4058.00   -4070.00   -4070.00   
-3962.00   -3990.00   -4016.00   -4024.00   -4040.00   -4038.00   -4054.00   -4050.00   -4070.00   -4074.00   
-3966.00   -4000.00   -4024.00   -4024.00   -4032.00   -4042.00   -4052.00   -4062.00   -4082.00   -4070.00   
-3982.00   -3994.00   -4016.00   -4028.00   -4036.00   -4044.00   -4062.00   -4058.00   -4070.00   -4070.00   
-3982.00   -3992.00   -3998.00   -4020.00   -4044.00   -4034.00   -4054.00   -4060.00   -4064.00   -4070.00   
-3982.00   -3984.00   -4012.00   -4022.00   -4046.00   -4048.00   -4054.00   -4058.00   -4060.00   -4076.00   
-3972.00   -3978.00   -4004.00   -4034.00   -4040.00   -4050.00   -4060.00   -4068.00   -4070.00   -4070.00   
-3966.00   -3984.00   -4012.00   -4038.00   -4052.00   -4042.00   -4064.00   -4058.00   -4072.00   -4064.00   
-3960.00   -3974.00   -4014.00   -4032.00   -4024.00   -4042.00   -4058.00   -4060.00   -4064.00   -4072.00   
-3968.00   -3998.00   -3992.00   -4024.00   -4034.00   -4046.00   -4054.00   -4052.00   -4064.00   -4078.00   
-3958.00   -3982.00   -3998.00   -4012.00   -4034.00   -4042.00   -4046.00   -4066.00   -4066.00   -4068.00   
-3966.00   -3998.00   -4016.00   -4036.00   -4040.00   -4046.00   -4058.00   -4062.00   -4058.00   -4066.00   
-3988.00   -3982.00   -3994.00   -4014.00   -4032.00   -4056.00   -4044.00   -4074.00   -4060.00   -4072.00   
-3944.00   -3976.00   -4022.00   -4006.00   -4036.00   -4054.00   -4050.00   -4058.00   -4066.00   -4074.00   
-3966.00   -3994.00   -4002.00   -4008.00   -4034.00   -4044.00   -4048.00   -4060.00   -4074.00   -4072.00   
-3968.00   -3990.00   -3994.00   -4032.00   -4034.00   -4050.00   -4040.00   -4056.00   -4076.00   -4070.00   
-3984.00   -3994.00   -4008.00   -4010.00   -4032.00   -4040.00   -4050.00   -4058.00   -4058.00   -4072.00   
-3982.00   -3994.00   -4024.00   -4022.00   -4026.00   -4038.00   -4056.00   -4058.00   -4078.00   -4076.00   
-3980.00   -3996.00   -4010.00   -4022.00   -4042.00   -4046.00   -4054.00   -4060.00   -4068.00   -4072.00   
-3994.00   -3986.00   -4004.00   -4024.00   -4032.00   -4042.00   -4058.00   -4058.00   -4056.00   -4074.00   
-3972.00   -3992.00   -4002.00   -4020.00   -4036.00   -4044.00   -4044.00   -4062.00   -4064.00   -4070.00   
-3990.00   -3966.00   -3996.00   -4006.00   -4038.00   -4042.00   -4046.00   -4068.00   -4058.00   -4080.00   
-3962.00   -4002.00   -3992.00   -4014.00   -4046.00   -4052.00   -4046.00   -4068.00   -4068.00   -4068.00   
