192      0.69314718        
186      5.93297829        
184      6.91500097        
182      8.12242853        
180      10.75483867       
178      12.35070160       
176      13.83477573       
174      15.66037814       
172      17.34011359       
170      18.91905010       
168      20.53539173       
166      22.12569170       
164      23.67035796       
162      25.19666695       
160      26.70695571       
158      28.18546553       
156      29.64449030       
154      31.08421117       
152      32.50210085       
150      33.89436003       
148      35.26828192       
146      36.61714622       
144      37.94685034       
142      39.25693546       
140      40.54785682       
138      41.81576398       
136      43.06344440       
134      44.29487511       
132      45.50996335       
130      46.70133224       
128      47.87212167       
126      49.02770690       
124      50.16132141       
122      51.27723877       
120      52.37563287       
118      53.45972906       
116      54.52029230       
114      55.56397560       
112      56.59083283       
110      57.59921245       
108      58.59292982       
106      59.56412720       
104      60.51982653       
102      61.45789221       
100      62.37718047       
98       63.28040679       
96       64.16688062       
94       65.03401862       
92       65.88509263       
90       66.71875711       
88       67.53600375       
86       68.33400979       
84       69.11478761       
82       69.88008456       
80       70.62695154       
78       71.35815419       
76       72.07091781       
74       72.76552307       
72       73.44440357       
70       74.10307018       
68       74.74557388       
66       75.37338963       
64       75.98257278       
62       76.57435678       
60       77.14653501       
58       77.70261770       
56       78.23938986       
54       78.75972314       
52       79.26336610       
50       79.74936625       
48       80.21650734       
46       80.66623868       
44       81.09853729       
42       81.51221686       
40       81.90574829       
38       82.28455612       
36       82.64479975       
34       82.98684934       
32       83.31003025       
30       83.61465740       
28       83.90163702       
26       84.17058420       
24       84.42065580       
22       84.65189607       
20       84.86383454       
18       85.05690513       
16       85.23012765       
14       85.38492766       
12       85.52097745       
10       85.63558912       
8        85.73111144       
6        85.80754454       
4        85.86396676       
2        85.89827083       
0        85.91413419       
-2       85.90978865       
-4       85.88379189       
-6       85.83759260       
-8       85.76965035       
-10      85.67997536       
-12      85.56843984       
-14      85.43486316       
-16      85.27785802       
-18      85.09909281       
-20      84.89777617       
-22      84.67302477       
-24      84.42440790       
-26      84.15115171       
-28      83.85355079       
-30      83.53212020       
-32      83.18482758       
-34      82.80975915       
-36      82.40945583       
-38      81.98415443       
-40      81.53012195       
-42      81.04827414       
-44      80.53618498       
-46      79.99409705       
-48      79.42410947       
-50      78.82149352       
-52      78.18878293       
-54      77.52109620       
-56      76.82041170       
-58      76.08565688       
-60      75.31637555       
-62      74.51061314       
-64      73.66545608       
-66      72.78214730       
-68      71.85910517       
-70      70.89244836       
-72      69.88374513       
-74      68.83276617       
-76      67.73486078       
-78      66.59102873       
-80      65.39797637       
-82      64.15328850       
-84      62.85224363       
-86      61.49214329       
-88      60.07357545       
-90      58.59159656       
-92      57.04483937       
-94      55.42813174       
-96      53.73974129       
-98      51.97124436       
-100     50.11808319       
-102     48.17645535       
-104     46.14484897       
-106     44.00376931       
-108     41.74831462       
-110     39.37323125       
-112     36.86683829       
-114     34.20689469       
-116     31.38765661       
-118     28.37272523       
-120     25.13628647       
-122     21.62353192       
-124     17.74898813       
-126     13.41056898       
-128     8.39142914        
