24       0.69314718        
18       3.78765927        
16       4.52706618        
14       5.22404861        
12       6.49339355        
10       7.34997360        
8        7.93738454        
6        8.48789203        
4        8.90932260        
2        9.13877938        
0        9.24509786        
-2       9.23197146        
-4       9.03115579        
-6       8.61841632        
-8       8.00024631        
-10      7.11659641        
-12      5.82350325        
-14      3.95551248        
-16      1.39319935        
