-126952.00 -127634.00 -128214.00 -128740.00 -129086.00 -129436.00 -129650.00 -129942.00 -130160.00 -130282.00 
-127080.00 -127660.00 -128168.00 -128710.00 -129064.00 -129426.00 -129722.00 -129962.00 -130184.00 -130370.00 
-127080.00 -127682.00 -128228.00 -128734.00 -129062.00 -129416.00 -129740.00 -129966.00 -130162.00 -130308.00 
-127044.00 -127658.00 -128192.00 -128784.00 -129086.00 -129388.00 -129700.00 -129954.00 -130170.00 -130302.00 
-127046.00 -127644.00 -128244.00 -128688.00 -128982.00 -129350.00 -129762.00 -129974.00 -130184.00 -130286.00 
-127052.00 -127652.00 -128244.00 -128674.00 -129130.00 -129390.00 -129732.00 -129960.00 -130118.00 -130274.00 
-126952.00 -127680.00 -128250.00 -128730.00 -129064.00 -129436.00 -129674.00 -129920.00 -130134.00 -130290.00 
-126968.00 -127668.00 -128136.00 -128666.00 -129058.00 -129408.00 -129656.00 -129894.00 -130162.00 -130288.00 
-126930.00 -127684.00 -128204.00 -128666.00 -129042.00 -129398.00 -129690.00 -129962.00 -130180.00 -130266.00 
-127016.00 -127592.00 -128156.00 -128630.00 -129118.00 -129476.00 -129702.00 -129978.00 -130176.00 -130318.00 
