0.00     -2.00    -2.00    4.00     -4.00    -2.00    -2.00    -2.00    0.00     0.00     
0.00     0.00     4.00     0.00     6.00     2.00     -4.00    -2.00    0.00     -2.00    
-4.00    -4.00    -2.00    6.00     4.00     2.00     0.00     -2.00    0.00     2.00     
0.00     -2.00    -2.00    6.00     2.00     2.00     0.00     2.00     0.00     0.00     
-2.00    0.00     0.00     -2.00    4.00     2.00     0.00     0.00     0.00     -2.00    
8.00     2.00     0.00     0.00     -4.00    -2.00    -2.00    0.00     -4.00    0.00     
2.00     6.00     0.00     4.00     0.00     -2.00    2.00     2.00     -2.00    0.00     
0.00     4.00     0.00     2.00     0.00     -2.00    2.00     2.00     2.00     0.00     
4.00     -2.00    -2.00    2.00     -4.00    2.00     2.00     0.00     0.00     2.00     
-8.00    -2.00    2.00     2.00     2.00     4.00     0.00     2.00     0.00     0.00     
6.00     0.00     0.00     2.00     -2.00    -2.00    -2.00    0.00     4.00     0.00     
0.00     -2.00    6.00     4.00     2.00     -4.00    0.00     2.00     -2.00    0.00     
-6.00    -6.00    0.00     0.00     -2.00    0.00     -2.00    0.00     2.00     -2.00    
0.00     2.00     -2.00    2.00     2.00     4.00     -2.00    -2.00    -2.00    -2.00    
2.00     0.00     -2.00    -2.00    2.00     -2.00    -2.00    0.00     2.00     0.00     
2.00     -2.00    2.00     0.00     6.00     2.00     0.00     2.00     0.00     0.00     
-4.00    -6.00    0.00     0.00     0.00     0.00     -2.00    -2.00    -4.00    4.00     
-2.00    0.00     4.00     2.00     -2.00    2.00     2.00     -2.00    -2.00    -4.00    
-2.00    4.00     0.00     0.00     -2.00    2.00     -2.00    0.00     0.00     2.00     
2.00     0.00     0.00     -2.00    2.00     2.00     -2.00    0.00     -2.00    -2.00    
4.00     -6.00    -6.00    4.00     -2.00    0.00     -2.00    2.00     -2.00    0.00     
-4.00    2.00     0.00     -2.00    -6.00    -4.00    -2.00    4.00     0.00     -2.00    
2.00     -4.00    2.00     2.00     -4.00    -2.00    -2.00    4.00     -2.00    0.00     
0.00     0.00     2.00     4.00     0.00     -2.00    2.00     4.00     0.00     0.00     
2.00     4.00     -2.00    -2.00    0.00     0.00     -2.00    2.00     2.00     2.00     
-4.00    4.00     2.00     2.00     -2.00    2.00     -2.00    0.00     0.00     0.00     
-6.00    -4.00    -2.00    0.00     2.00     -2.00    -2.00    0.00     0.00     0.00     
2.00     0.00     8.00     -2.00    4.00     -2.00    2.00     -2.00    0.00     0.00     
-4.00    0.00     4.00     -4.00    0.00     4.00     2.00     2.00     2.00     0.00     
0.00     0.00     -4.00    -4.00    -2.00    -2.00    2.00     -2.00    2.00     -2.00    
6.00     4.00     -4.00    -6.00    0.00     2.00     -2.00    0.00     0.00     2.00     
0.00     6.00     2.00     2.00     2.00     0.00     -2.00    -2.00    -2.00    -2.00    
-2.00    0.00     0.00     0.00     4.00     2.00     -2.00    -2.00    0.00     -4.00    
-6.00    6.00     0.00     -2.00    2.00     2.00     0.00     0.00     2.00     4.00     
-6.00    0.00     4.00     0.00     2.00     0.00     -2.00    -2.00    0.00     0.00     
2.00     8.00     -4.00    2.00     2.00     2.00     2.00     0.00     -2.00    0.00     
6.00     0.00     2.00     0.00     -4.00    2.00     -4.00    2.00     0.00     0.00     
0.00     -2.00    -2.00    -4.00    0.00     -2.00    2.00     -2.00    -2.00    2.00     
0.00     0.00     0.00     0.00     0.00     2.00     0.00     0.00     4.00     4.00     
-4.00    -2.00    -2.00    -2.00    -2.00    4.00     -2.00    2.00     2.00     0.00     
0.00     2.00     -2.00    -2.00    -2.00    2.00     4.00     0.00     0.00     2.00     
8.00     -2.00    0.00     -2.00    2.00     2.00     2.00     2.00     0.00     0.00     
-4.00    0.00     4.00     0.00     0.00     2.00     0.00     0.00     0.00     0.00     
2.00     4.00     -2.00    0.00     0.00     0.00     -2.00    0.00     2.00     -2.00    
0.00     0.00     -2.00    -2.00    -2.00    -4.00    0.00     2.00     2.00     0.00     
-8.00    2.00     4.00     4.00     0.00     -2.00    -2.00    -2.00    0.00     2.00     
-2.00    0.00     2.00     2.00     0.00     0.00     2.00     0.00     2.00     0.00     
-6.00    -6.00    -4.00    -6.00    -2.00    2.00     2.00     -2.00    -4.00    2.00     
4.00     -2.00    0.00     0.00     4.00     2.00     2.00     -2.00    2.00     -2.00    
2.00     2.00     -4.00    0.00     0.00     2.00     -2.00    -2.00    2.00     2.00     
-2.00    0.00     -6.00    2.00     -4.00    8.00     2.00     0.00     -2.00    0.00     
2.00     -2.00    2.00     2.00     4.00     -2.00    2.00     0.00     -2.00    0.00     
2.00     -4.00    2.00     0.00     -2.00    0.00     0.00     0.00     0.00     -2.00    
2.00     -2.00    0.00     -4.00    0.00     0.00     0.00     -4.00    -4.00    0.00     
6.00     -2.00    -2.00    0.00     2.00     0.00     -2.00    0.00     -2.00    0.00     
4.00     -4.00    4.00     -4.00    2.00     0.00     0.00     0.00     -2.00    4.00     
2.00     0.00     0.00     0.00     0.00     -4.00    0.00     0.00     0.00     -2.00    
6.00     4.00     4.00     0.00     0.00     -2.00    0.00     0.00     -2.00    2.00     
2.00     6.00     -2.00    0.00     0.00     -2.00    0.00     4.00     -2.00    -4.00    
0.00     -2.00    -2.00    2.00     -2.00    -2.00    -4.00    -2.00    0.00     2.00     
-4.00    -2.00    0.00     -2.00    0.00     4.00     -4.00    0.00     -4.00    -2.00    
2.00     0.00     0.00     0.00     2.00     -4.00    2.00     0.00     0.00     0.00     
-2.00    2.00     6.00     4.00     0.00     4.00     2.00     0.00     0.00     0.00     
4.00     -4.00    -6.00    0.00     0.00     -2.00    2.00     0.00     -4.00    0.00     
2.00     -2.00    0.00     2.00     2.00     -4.00    2.00     0.00     0.00     0.00     
-6.00    -2.00    0.00     -2.00    0.00     -2.00    -2.00    0.00     -2.00    2.00     
0.00     6.00     4.00     -4.00    2.00     -2.00    2.00     -6.00    -2.00    -2.00    
0.00     -6.00    0.00     -2.00    4.00     2.00     -2.00    0.00     2.00     0.00     
6.00     2.00     2.00     2.00     4.00     0.00     2.00     0.00     0.00     -2.00    
-2.00    -4.00    -2.00    2.00     2.00     -2.00    -2.00    4.00     4.00     0.00     
0.00     -2.00    2.00     -2.00    2.00     4.00     2.00     2.00     0.00     2.00     
0.00     -4.00    4.00     -6.00    -2.00    2.00     2.00     4.00     0.00     -2.00    
4.00     -2.00    2.00     2.00     -4.00    -2.00    2.00     0.00     2.00     2.00     
6.00     -2.00    2.00     0.00     0.00     2.00     0.00     4.00     0.00     0.00     
-6.00    8.00     -2.00    0.00     0.00     -2.00    2.00     -2.00    0.00     2.00     
0.00     2.00     0.00     0.00     2.00     0.00     0.00     2.00     4.00     2.00     
-6.00    2.00     4.00     -8.00    2.00     -2.00    0.00     0.00     -2.00    0.00     
-2.00    6.00     0.00     4.00     -2.00    0.00     0.00     4.00     0.00     -2.00    
2.00     0.00     10.00    -4.00    4.00     2.00     0.00     0.00     4.00     -2.00    
-6.00    6.00     4.00     2.00     2.00     0.00     0.00     0.00     -4.00    0.00     
2.00     -4.00    4.00     -2.00    2.00     2.00     4.00     -2.00    2.00     -4.00    
-2.00    -2.00    0.00     6.00     -2.00    0.00     2.00     2.00     0.00     0.00     
2.00     -2.00    2.00     -2.00    -2.00    4.00     -2.00    -4.00    0.00     2.00     
-6.00    2.00     2.00     -6.00    0.00     0.00     -2.00    -4.00    2.00     0.00     
-2.00    -6.00    -2.00    2.00     0.00     -4.00    2.00     -2.00    0.00     2.00     
0.00     0.00     4.00     -4.00    0.00     -2.00    4.00     2.00     -2.00    2.00     
0.00     -6.00    4.00     0.00     -4.00    0.00     0.00     4.00     -2.00    2.00     
8.00     -2.00    0.00     2.00     0.00     0.00     0.00     -4.00    2.00     -2.00    
0.00     0.00     -2.00    0.00     2.00     2.00     2.00     -2.00    0.00     0.00     
2.00     -2.00    -6.00    2.00     2.00     -2.00    0.00     0.00     0.00     0.00     
2.00     -4.00    -6.00    2.00     -2.00    -2.00    0.00     -2.00    2.00     -2.00    
4.00     -6.00    0.00     -2.00    2.00     4.00     0.00     -2.00    -2.00    0.00     
-2.00    0.00     0.00     -4.00    -2.00    2.00     -2.00    2.00     -2.00    0.00     
4.00     -2.00    2.00     -2.00    2.00     0.00     0.00     -2.00    0.00     0.00     
2.00     0.00     6.00     2.00     2.00     -2.00    -4.00    -2.00    -4.00    0.00     
6.00     -2.00    -2.00    2.00     2.00     -4.00    -2.00    0.00     0.00     0.00     
2.00     -2.00    0.00     2.00     -2.00    2.00     2.00     0.00     2.00     0.00     
0.00     2.00     2.00     -4.00    -2.00    0.00     -4.00    0.00     2.00     0.00     
-6.00    4.00     4.00     -2.00    2.00     0.00     0.00     -2.00    0.00     0.00     
-2.00    6.00     2.00     6.00     -4.00    4.00     2.00     2.00     -2.00    0.00     
4.00     0.00     0.00     0.00     2.00     -2.00    -2.00    0.00     0.00     0.00     
-2.00    -2.00    4.00     2.00     -6.00    -2.00    2.00     -2.00    2.00     0.00     
0.00     4.00     -2.00    0.00     2.00     2.00     -2.00    -2.00    0.00     -2.00    
-2.00    2.00     2.00     0.00     -4.00    0.00     -2.00    2.00     0.00     0.00     
-4.00    0.00     2.00     -4.00    -2.00    4.00     0.00     -2.00    0.00     0.00     
0.00     -6.00    -6.00    2.00     0.00     -2.00    0.00     -2.00    -2.00    0.00     
2.00     -2.00    2.00     -2.00    0.00     0.00     -2.00    0.00     2.00     -2.00    
-2.00    6.00     -4.00    -2.00    -2.00    2.00     -2.00    0.00     -2.00    -2.00    
2.00     -8.00    -2.00    -6.00    2.00     -4.00    -2.00    0.00     -2.00    2.00     
0.00     -4.00    0.00     -4.00    0.00     4.00     0.00     2.00     -2.00    -2.00    
8.00     4.00     2.00     0.00     2.00     0.00     -2.00    0.00     0.00     -2.00    
-6.00    2.00     2.00     6.00     -2.00    0.00     0.00     0.00     0.00     -2.00    
-2.00    2.00     -4.00    4.00     -2.00    2.00     0.00     2.00     -2.00    0.00     
-2.00    4.00     -4.00    0.00     0.00     2.00     0.00     -2.00    0.00     -2.00    
-4.00    4.00     -6.00    -2.00    -2.00    -8.00    -4.00    -2.00    0.00     -2.00    
-4.00    0.00     -2.00    2.00     2.00     6.00     -4.00    0.00     2.00     0.00     
0.00     2.00     0.00     -6.00    4.00     2.00     -2.00    -2.00    2.00     0.00     
-2.00    -4.00    -4.00    -2.00    -2.00    0.00     2.00     -2.00    0.00     0.00     
0.00     -2.00    -2.00    0.00     0.00     2.00     -2.00    2.00     -2.00    0.00     
-2.00    6.00     -4.00    -2.00    -2.00    2.00     2.00     0.00     2.00     0.00     
2.00     8.00     2.00     -2.00    4.00     2.00     2.00     2.00     2.00     2.00     
-4.00    6.00     0.00     2.00     0.00     6.00     -2.00    6.00     0.00     2.00     
2.00     -4.00    4.00     0.00     0.00     -4.00    2.00     0.00     4.00     0.00     
-2.00    -2.00    0.00     -2.00    2.00     0.00     -2.00    2.00     2.00     2.00     
-2.00    -2.00    0.00     -4.00    -2.00    -4.00    0.00     0.00     0.00     4.00     
-8.00    0.00     -4.00    -2.00    2.00     2.00     -4.00    0.00     0.00     2.00     
2.00     -4.00    2.00     -4.00    0.00     -4.00    4.00     -2.00    0.00     2.00     
4.00     -4.00    2.00     4.00     -2.00    -2.00    0.00     0.00     0.00     2.00     
-4.00    -4.00    -4.00    0.00     2.00     0.00     0.00     -2.00    0.00     2.00     
2.00     -4.00    -2.00    2.00     -2.00    2.00     0.00     -2.00    2.00     0.00     
2.00     -2.00    2.00     -4.00    0.00     0.00     2.00     0.00     0.00     2.00     
0.00     4.00     0.00     -2.00    2.00     2.00     0.00     2.00     -4.00    2.00     
2.00     -4.00    0.00     2.00     -2.00    0.00     0.00     2.00     2.00     0.00     
2.00     6.00     2.00     0.00     2.00     -2.00    0.00     -2.00    0.00     0.00     
-6.00    0.00     -2.00    0.00     0.00     -2.00    0.00     0.00     0.00     0.00     
-2.00    -4.00    0.00     0.00     -2.00    2.00     -4.00    2.00     0.00     0.00     
-4.00    0.00     -4.00    4.00     2.00     -2.00    -2.00    -2.00    2.00     2.00     
6.00     2.00     0.00     2.00     0.00     0.00     0.00     -2.00    -2.00    0.00     
0.00     0.00     -6.00    2.00     4.00     4.00     6.00     -8.00    -2.00    2.00     
8.00     -6.00    0.00     2.00     2.00     0.00     0.00     -2.00    0.00     0.00     
0.00     2.00     -2.00    -2.00    0.00     0.00     4.00     4.00     0.00     0.00     
-2.00    0.00     -2.00    2.00     -4.00    0.00     2.00     4.00     -2.00    0.00     
0.00     0.00     0.00     -2.00    2.00     -2.00    -2.00    2.00     0.00     0.00     
0.00     0.00     0.00     -2.00    2.00     2.00     2.00     -2.00    2.00     0.00     
-2.00    0.00     -2.00    -8.00    -2.00    2.00     0.00     -2.00    0.00     -6.00    
6.00     -2.00    4.00     4.00     2.00     0.00     -6.00    2.00     2.00     0.00     
6.00     0.00     -4.00    0.00     -2.00    2.00     2.00     0.00     0.00     -2.00    
0.00     2.00     2.00     0.00     0.00     0.00     -4.00    -2.00    0.00     2.00     
0.00     2.00     4.00     0.00     -4.00    -6.00    -2.00    0.00     0.00     0.00     
0.00     0.00     -6.00    0.00     0.00     0.00     -4.00    -2.00    -2.00    0.00     
4.00     2.00     2.00     0.00     -4.00    0.00     -2.00    4.00     0.00     0.00     
-2.00    2.00     2.00     0.00     -2.00    0.00     0.00     0.00     0.00     -2.00    
-2.00    2.00     4.00     -4.00    -2.00    2.00     0.00     -2.00    -2.00    -2.00    
0.00     0.00     -2.00    0.00     2.00     -4.00    2.00     0.00     -4.00    0.00     
-2.00    0.00     10.00    -2.00    4.00     -2.00    -6.00    -4.00    0.00     2.00     
-2.00    8.00     -2.00    2.00     -2.00    -2.00    2.00     0.00     0.00     0.00     
-4.00    2.00     0.00     2.00     -2.00    -2.00    -2.00    2.00     0.00     0.00     
-4.00    0.00     -4.00    -2.00    -2.00    0.00     0.00     -2.00    2.00     -2.00    
4.00     -2.00    0.00     4.00     4.00     4.00     2.00     -2.00    2.00     0.00     
-2.00    0.00     -2.00    -2.00    -2.00    0.00     2.00     2.00     0.00     2.00     
0.00     0.00     0.00     -6.00    2.00     2.00     0.00     -4.00    0.00     -2.00    
6.00     4.00     2.00     2.00     2.00     -2.00    -2.00    0.00     2.00     -2.00    
0.00     2.00     -2.00    2.00     4.00     2.00     -2.00    2.00     0.00     0.00     
2.00     0.00     0.00     0.00     -6.00    4.00     -2.00    -4.00    0.00     -2.00    
0.00     0.00     -2.00    2.00     0.00     -2.00    0.00     2.00     -2.00    0.00     
-2.00    4.00     2.00     2.00     -2.00    0.00     -2.00    2.00     -2.00    -2.00    
8.00     0.00     -4.00    -2.00    2.00     -2.00    -2.00    0.00     -2.00    2.00     
2.00     -6.00    -4.00    2.00     -2.00    -2.00    0.00     2.00     -4.00    2.00     
2.00     -2.00    -2.00    4.00     -2.00    2.00     -2.00    2.00     2.00     0.00     
-2.00    4.00     -2.00    2.00     0.00     -6.00    0.00     2.00     2.00     0.00     
0.00     4.00     -8.00    6.00     -2.00    0.00     2.00     0.00     -2.00    0.00     
-2.00    0.00     2.00     4.00     -6.00    0.00     0.00     4.00     0.00     2.00     
4.00     -2.00    -6.00    -2.00    0.00     2.00     2.00     -2.00    2.00     0.00     
-4.00    -2.00    -2.00    2.00     -2.00    -2.00    0.00     -2.00    0.00     -2.00    
-6.00    -2.00    -6.00    2.00     -4.00    0.00     -4.00    -2.00    -2.00    0.00     
0.00     -2.00    2.00     -4.00    0.00     0.00     0.00     -2.00    0.00     2.00     
0.00     -4.00    -2.00    2.00     2.00     0.00     0.00     -2.00    2.00     2.00     
-4.00    0.00     0.00     -2.00    4.00     4.00     0.00     0.00     -2.00    -2.00    
0.00     0.00     -2.00    2.00     0.00     0.00     -2.00    2.00     -2.00    0.00     
2.00     -4.00    2.00     0.00     -2.00    -2.00    0.00     -2.00    2.00     0.00     
4.00     2.00     4.00     6.00     2.00     0.00     0.00     -2.00    -2.00    2.00     
-2.00    8.00     2.00     0.00     4.00     -4.00    6.00     0.00     0.00     0.00     
4.00     -2.00    -10.00   2.00     0.00     -2.00    2.00     -2.00    0.00     2.00     
2.00     12.00    -4.00    2.00     0.00     -6.00    6.00     0.00     2.00     0.00     
-4.00    0.00     -6.00    0.00     0.00     2.00     2.00     4.00     0.00     0.00     
-2.00    -2.00    0.00     0.00     4.00     0.00     2.00     -2.00    2.00     2.00     
0.00     2.00     4.00     4.00     0.00     -6.00    0.00     0.00     2.00     4.00     
-4.00    4.00     2.00     2.00     2.00     0.00     -4.00    0.00     -2.00    2.00     
-4.00    2.00     2.00     -6.00    2.00     0.00     -2.00    -2.00    0.00     0.00     
4.00     2.00     -2.00    -2.00    -4.00    0.00     2.00     -2.00    2.00     2.00     
2.00     -4.00    -2.00    -4.00    2.00     2.00     -2.00    -4.00    4.00     0.00     
6.00     6.00     0.00     2.00     0.00     2.00     2.00     0.00     0.00     0.00     
-4.00    2.00     2.00     4.00     4.00     0.00     -4.00    0.00     0.00     2.00     
-6.00    0.00     2.00     0.00     0.00     0.00     2.00     2.00     2.00     0.00     
-4.00    8.00     0.00     2.00     2.00     0.00     2.00     -2.00    2.00     2.00     
2.00     0.00     0.00     0.00     0.00     0.00     0.00     2.00     0.00     2.00     
-4.00    -2.00    -6.00    -4.00    -2.00    0.00     0.00     -4.00    0.00     0.00     
-4.00    2.00     2.00     0.00     -6.00    -2.00    4.00     0.00     2.00     -2.00    
8.00     -2.00    -2.00    0.00     2.00     2.00     2.00     0.00     0.00     -2.00    
0.00     -4.00    6.00     4.00     -2.00    0.00     0.00     0.00     -2.00    2.00     
-4.00    -4.00    0.00     2.00     2.00     -2.00    -4.00    0.00     2.00     0.00     
2.00     -4.00    -6.00    -2.00    0.00     0.00     0.00     0.00     0.00     2.00     
-6.00    -4.00    4.00     2.00     2.00     2.00     -2.00    2.00     -2.00    0.00     
6.00     -2.00    2.00     2.00     2.00     -4.00    -4.00    -2.00    -2.00    -2.00    
2.00     2.00     0.00     2.00     0.00     2.00     2.00     0.00     -2.00    -2.00    
0.00     -2.00    -2.00    0.00     0.00     2.00     -4.00    -4.00    -2.00    2.00     
0.00     2.00     2.00     0.00     2.00     -2.00    2.00     -2.00    0.00     -2.00    
0.00     2.00     -2.00    -2.00    0.00     -4.00    -2.00    -2.00    0.00     0.00     
-2.00    -6.00    2.00     -2.00    2.00     0.00     -2.00    0.00     0.00     0.00     
2.00     -6.00    2.00     -2.00    2.00     2.00     -2.00    4.00     -2.00    0.00     
2.00     -2.00    -2.00    2.00     2.00     2.00     -2.00    2.00     0.00     0.00     
0.00     -4.00    2.00     -2.00    0.00     6.00     2.00     -4.00    -2.00    2.00     
-4.00    6.00     4.00     0.00     -4.00    0.00     -2.00    -2.00    2.00     -2.00    
0.00     -4.00    0.00     4.00     -2.00    2.00     0.00     2.00     0.00     4.00     
-8.00    0.00     4.00     -2.00    0.00     4.00     0.00     -2.00    -2.00    0.00     
4.00     -2.00    0.00     0.00     0.00     2.00     4.00     0.00     0.00     0.00     
8.00     -2.00    -2.00    0.00     0.00     0.00     -2.00    0.00     -2.00    0.00     
4.00     4.00     0.00     2.00     0.00     0.00     0.00     -4.00    4.00     0.00     
8.00     -4.00    -4.00    4.00     0.00     -4.00    0.00     -2.00    0.00     0.00     
4.00     -10.00   0.00     2.00     -6.00    -2.00    0.00     0.00     2.00     -2.00    
0.00     0.00     6.00     -2.00    2.00     2.00     -4.00    0.00     -2.00    -2.00    
2.00     -2.00    -4.00    0.00     0.00     0.00     0.00     -2.00    -2.00    2.00     
-2.00    -4.00    -2.00    0.00     2.00     2.00     2.00     2.00     4.00     -2.00    
6.00     4.00     2.00     0.00     -2.00    0.00     -2.00    0.00     0.00     2.00     
-2.00    -4.00    2.00     2.00     -2.00    -4.00    -4.00    0.00     -2.00    0.00     
-2.00    -4.00    -4.00    2.00     0.00     2.00     2.00     -2.00    2.00     2.00     
-4.00    0.00     0.00     -2.00    -2.00    2.00     -2.00    0.00     -2.00    -2.00    
2.00     -8.00    -2.00    0.00     0.00     2.00     2.00     2.00     -2.00    2.00     
-2.00    2.00     2.00     -4.00    -4.00    0.00     0.00     2.00     0.00     0.00     
0.00     0.00     6.00     0.00     2.00     2.00     -6.00    0.00     4.00     2.00     
2.00     -4.00    2.00     2.00     2.00     0.00     0.00     2.00     2.00     0.00     
0.00     2.00     0.00     -2.00    2.00     -2.00    0.00     2.00     -2.00    0.00     
2.00     0.00     -2.00    0.00     0.00     0.00     0.00     0.00     2.00     -2.00    
6.00     0.00     4.00     2.00     6.00     0.00     -2.00    0.00     0.00     -2.00    
-4.00    0.00     4.00     -2.00    2.00     4.00     0.00     -2.00    -2.00    0.00     
-2.00    0.00     -2.00    -4.00    -2.00    -2.00    0.00     -4.00    2.00     -2.00    
6.00     8.00     -2.00    0.00     4.00     0.00     2.00     -2.00    2.00     0.00     
4.00     2.00     -4.00    -2.00    4.00     4.00     0.00     0.00     2.00     -4.00    
-8.00    -4.00    0.00     4.00     4.00     0.00     -2.00    2.00     -2.00    0.00     
0.00     0.00     4.00     0.00     -2.00    2.00     0.00     0.00     -2.00    2.00     
4.00     6.00     0.00     0.00     -2.00    2.00     -4.00    0.00     0.00     0.00     
4.00     0.00     10.00    -6.00    -2.00    4.00     0.00     0.00     0.00     4.00     
2.00     4.00     -2.00    -4.00    0.00     0.00     0.00     2.00     -2.00    -4.00    
-6.00    -2.00    4.00     -6.00    6.00     2.00     2.00     2.00     0.00     2.00     
-2.00    2.00     2.00     2.00     -6.00    4.00     2.00     0.00     0.00     0.00     
0.00     0.00     -2.00    -2.00    0.00     8.00     2.00     -2.00    -2.00    0.00     
6.00     -2.00    4.00     -2.00    2.00     0.00     2.00     0.00     2.00     0.00     
-2.00    -4.00    -2.00    2.00     2.00     2.00     -2.00    0.00     2.00     -2.00    
-8.00    4.00     -2.00    0.00     2.00     2.00     0.00     -2.00    4.00     -2.00    
2.00     -2.00    0.00     4.00     -4.00    2.00     -4.00    0.00     -2.00    2.00     
0.00     0.00     2.00     0.00     2.00     4.00     -4.00    -2.00    -2.00    0.00     
2.00     4.00     -6.00    2.00     -4.00    4.00     0.00     0.00     0.00     2.00     
-4.00    4.00     0.00     -2.00    0.00     0.00     0.00     2.00     -2.00    0.00     
0.00     4.00     6.00     -2.00    2.00     -2.00    0.00     -2.00    0.00     2.00     
2.00     -4.00    2.00     4.00     0.00     2.00     2.00     0.00     -6.00    2.00     
-6.00    2.00     -2.00    -2.00    4.00     0.00     0.00     -2.00    0.00     0.00     
-4.00    -2.00    0.00     -4.00    0.00     -2.00    4.00     -2.00    2.00     2.00     
-2.00    6.00     2.00     -6.00    -4.00    0.00     6.00     -2.00    2.00     0.00     
2.00     -4.00    4.00     0.00     4.00     4.00     4.00     2.00     0.00     0.00     
-2.00    2.00     -2.00    4.00     -4.00    2.00     2.00     0.00     -2.00    2.00     
0.00     6.00     2.00     0.00     0.00     0.00     2.00     0.00     0.00     2.00     
2.00     8.00     10.00    -2.00    0.00     -2.00    2.00     2.00     0.00     0.00     
0.00     6.00     0.00     -2.00    -2.00    4.00     -6.00    0.00     -2.00    -2.00    
0.00     -4.00    -2.00    -4.00    2.00     0.00     2.00     -2.00    2.00     -2.00    
-2.00    2.00     6.00     2.00     -2.00    -2.00    0.00     -4.00    -2.00    -2.00    
2.00     0.00     -6.00    -2.00    0.00     -2.00    2.00     2.00     0.00     0.00     
4.00     -4.00    6.00     2.00     -2.00    2.00     0.00     -2.00    0.00     2.00     
2.00     -4.00    -4.00    6.00     2.00     0.00     0.00     2.00     -2.00    0.00     
8.00     -2.00    2.00     0.00     6.00     -2.00    -2.00    2.00     0.00     -2.00    
2.00     0.00     -2.00    -4.00    4.00     -2.00    -2.00    2.00     0.00     0.00     
-4.00    0.00     -4.00    6.00     0.00     2.00     -2.00    0.00     -2.00    -2.00    
2.00     0.00     6.00     -6.00    -2.00    0.00     4.00     0.00     0.00     0.00     
-2.00    4.00     -2.00    2.00     -2.00    -2.00    2.00     0.00     2.00     0.00     
0.00     0.00     -4.00    -2.00    0.00     0.00     0.00     0.00     0.00     0.00     
-2.00    0.00     4.00     0.00     2.00     -2.00    0.00     2.00     0.00     2.00     
0.00     0.00     -6.00    -2.00    -2.00    -2.00    -2.00    -2.00    2.00     0.00     
0.00     0.00     4.00     -2.00    -4.00    0.00     2.00     0.00     0.00     0.00     
0.00     -2.00    -2.00    2.00     0.00     2.00     -2.00    0.00     0.00     0.00     
-4.00    0.00     2.00     0.00     2.00     0.00     0.00     2.00     2.00     4.00     
0.00     -2.00    -2.00    0.00     2.00     -2.00    0.00     -2.00    -2.00    -2.00    
0.00     -2.00    0.00     2.00     2.00     -4.00    0.00     2.00     -2.00    -2.00    
-2.00    0.00     10.00    -4.00    -2.00    -2.00    2.00     2.00     4.00     -2.00    
-6.00    2.00     2.00     -2.00    0.00     -2.00    2.00     0.00     0.00     0.00     
-2.00    0.00     -4.00    -2.00    2.00     0.00     -4.00    0.00     0.00     0.00     
2.00     -4.00    0.00     0.00     -4.00    2.00     -2.00    -2.00    -2.00    0.00     
-2.00    6.00     -6.00    2.00     -2.00    2.00     0.00     2.00     0.00     -2.00    
-2.00    -4.00    0.00     4.00     4.00     0.00     0.00     0.00     2.00     0.00     
0.00     -2.00    6.00     6.00     2.00     2.00     2.00     0.00     2.00     0.00     
-6.00    4.00     0.00     0.00     2.00     0.00     4.00     0.00     0.00     0.00     
-2.00    -10.00   -2.00    2.00     0.00     -2.00    0.00     -2.00    4.00     -4.00    
-2.00    0.00     0.00     -4.00    -2.00    -2.00    0.00     0.00     0.00     0.00     
-2.00    0.00     6.00     0.00     2.00     0.00     0.00     -2.00    -2.00    0.00     
2.00     4.00     6.00     -4.00    4.00     -4.00    2.00     0.00     0.00     -4.00    
-2.00    0.00     -2.00    6.00     2.00     -4.00    0.00     -2.00    0.00     0.00     
-4.00    0.00     -4.00    -2.00    -2.00    -4.00    2.00     0.00     2.00     -2.00    
0.00     0.00     0.00     0.00     0.00     -2.00    -2.00    -2.00    0.00     0.00     
-4.00    -4.00    -2.00    2.00     0.00     2.00     -2.00    2.00     -2.00    -2.00    
-6.00    -4.00    2.00     2.00     -2.00    -2.00    -4.00    4.00     2.00     2.00     
4.00     6.00     0.00     -2.00    -2.00    0.00     0.00     2.00     -2.00    -2.00    
-4.00    0.00     0.00     0.00     -2.00    2.00     0.00     4.00     0.00     -2.00    
-4.00    -4.00    0.00     4.00     2.00     2.00     2.00     0.00     0.00     -2.00    
2.00     0.00     4.00     4.00     -2.00    -2.00    0.00     -2.00    4.00     2.00     
6.00     4.00     2.00     2.00     -2.00    -4.00    2.00     0.00     0.00     0.00     
-4.00    -4.00    4.00     0.00     -4.00    -2.00    0.00     2.00     2.00     0.00     
4.00     4.00     -4.00    2.00     2.00     2.00     0.00     -6.00    -2.00    2.00     
-2.00    -4.00    -8.00    -6.00    0.00     0.00     4.00     -4.00    -2.00    0.00     
-2.00    0.00     -2.00    -2.00    0.00     0.00     -2.00    2.00     -4.00    0.00     
0.00     -2.00    6.00     2.00     2.00     0.00     -2.00    2.00     0.00     0.00     
4.00     2.00     0.00     2.00     4.00     0.00     4.00     2.00     2.00     0.00     
-2.00    2.00     -4.00    -2.00    0.00     -2.00    -2.00    0.00     2.00     4.00     
2.00     -4.00    -2.00    2.00     8.00     0.00     0.00     2.00     0.00     -2.00    
-4.00    -2.00    0.00     0.00     0.00     -2.00    0.00     0.00     2.00     0.00     
-4.00    -2.00    2.00     -2.00    2.00     0.00     0.00     -2.00    2.00     2.00     
4.00     4.00     0.00     4.00     0.00     4.00     0.00     0.00     0.00     0.00     
-2.00    2.00     -2.00    0.00     0.00     6.00     -2.00    0.00     2.00     0.00     
-4.00    4.00     4.00     2.00     0.00     2.00     2.00     -2.00    2.00     0.00     
2.00     2.00     0.00     0.00     -2.00    2.00     0.00     0.00     0.00     0.00     
0.00     6.00     2.00     -8.00    -2.00    2.00     0.00     2.00     0.00     2.00     
8.00     4.00     0.00     -2.00    2.00     2.00     0.00     -2.00    -2.00    2.00     
-2.00    0.00     -4.00    -2.00    0.00     -4.00    4.00     2.00     0.00     2.00     
0.00     4.00     -2.00    -2.00    -2.00    0.00     2.00     0.00     -2.00    0.00     
0.00     -10.00   -2.00    -4.00    0.00     -2.00    2.00     4.00     0.00     2.00     
2.00     0.00     2.00     -2.00    2.00     0.00     -2.00    -2.00    2.00     -2.00    
0.00     -4.00    -6.00    4.00     -4.00    -2.00    2.00     0.00     -2.00    0.00     
-2.00    0.00     0.00     0.00     2.00     0.00     2.00     4.00     -4.00    0.00     
2.00     2.00     0.00     0.00     4.00     -2.00    2.00     -2.00    0.00     4.00     
2.00     0.00     -2.00    2.00     -4.00    0.00     2.00     2.00     2.00     0.00     
4.00     0.00     -4.00    2.00     2.00     -6.00    0.00     -2.00    -2.00    0.00     
-6.00    0.00     -2.00    0.00     2.00     -2.00    0.00     -2.00    -2.00    0.00     
2.00     0.00     -4.00    2.00     0.00     -2.00    0.00     2.00     -2.00    0.00     
-4.00    -2.00    -2.00    -2.00    2.00     0.00     2.00     0.00     0.00     -2.00    
-6.00    0.00     0.00     -6.00    4.00     4.00     2.00     -2.00    2.00     0.00     
-2.00    -4.00    2.00     -2.00    4.00     0.00     2.00     0.00     -2.00    0.00     
0.00     0.00     4.00     2.00     2.00     8.00     0.00     -2.00    -4.00    0.00     
0.00     2.00     4.00     0.00     -2.00    -2.00    0.00     2.00     -2.00    0.00     
2.00     0.00     0.00     4.00     -2.00    -6.00    0.00     -4.00    -2.00    2.00     
0.00     2.00     -4.00    -4.00    -4.00    4.00     -2.00    2.00     0.00     -2.00    
0.00     0.00     -2.00    0.00     0.00     -2.00    -2.00    2.00     0.00     0.00     
-2.00    -2.00    2.00     2.00     -2.00    -2.00    0.00     0.00     2.00     0.00     
8.00     4.00     0.00     -4.00    6.00     4.00     4.00     2.00     -2.00    2.00     
0.00     -6.00    2.00     -2.00    -4.00    -4.00    0.00     0.00     2.00     -2.00    
0.00     -2.00    6.00     -2.00    6.00     0.00     2.00     0.00     0.00     0.00     
6.00     0.00     -2.00    4.00     0.00     -2.00    2.00     -2.00    2.00     -2.00    
0.00     6.00     4.00     6.00     -2.00    4.00     0.00     2.00     4.00     -2.00    
0.00     2.00     2.00     2.00     -2.00    2.00     -2.00    2.00     0.00     -2.00    
4.00     2.00     -2.00    0.00     0.00     0.00     -4.00    0.00     0.00     0.00     
6.00     4.00     4.00     -6.00    0.00     0.00     0.00     0.00     0.00     -4.00    
8.00     2.00     -2.00    0.00     -2.00    -2.00    -4.00    0.00     0.00     2.00     
0.00     -4.00    4.00     4.00     -2.00    0.00     0.00     4.00     0.00     0.00     
-4.00    4.00     0.00     0.00     4.00     0.00     2.00     0.00     -2.00    2.00     
2.00     -4.00    0.00     -4.00    4.00     2.00     0.00     -4.00    0.00     0.00     
-2.00    4.00     2.00     -2.00    -2.00    -2.00    4.00     -4.00    2.00     0.00     
-4.00    -2.00    -2.00    -2.00    2.00     2.00     -4.00    2.00     2.00     0.00     
-6.00    -2.00    0.00     2.00     4.00     4.00     -2.00    0.00     2.00     -4.00    
-4.00    -2.00    0.00     0.00     0.00     2.00     0.00     0.00     0.00     0.00     
4.00     6.00     2.00     0.00     0.00     0.00     -2.00    -2.00    0.00     -2.00    
-2.00    2.00     -6.00    2.00     -4.00    -2.00    -4.00    0.00     -2.00    0.00     
-4.00    2.00     2.00     -2.00    0.00     0.00     4.00     -2.00    2.00     0.00     
2.00     -2.00    -2.00    0.00     2.00     -2.00    4.00     -2.00    0.00     -2.00    
-6.00    0.00     2.00     0.00     -2.00    2.00     4.00     2.00     4.00     0.00     
-4.00    8.00     -6.00    0.00     4.00     -2.00    -2.00    0.00     2.00     -2.00    
4.00     -2.00    0.00     -2.00    4.00     0.00     -2.00    -2.00    -4.00    -2.00    
2.00     -2.00    4.00     -2.00    2.00     0.00     0.00     2.00     0.00     0.00     
4.00     -4.00    -4.00    0.00     0.00     -2.00    4.00     0.00     -4.00    -6.00    
0.00     2.00     2.00     0.00     2.00     0.00     -4.00    -4.00    4.00     -4.00    
-2.00    -6.00    0.00     2.00     0.00     -2.00    -2.00    0.00     0.00     -6.00    
4.00     -4.00    -2.00    -6.00    2.00     -2.00    2.00     2.00     0.00     4.00     
4.00     2.00     4.00     0.00     0.00     2.00     0.00     2.00     0.00     0.00     
-4.00    2.00     -2.00    -2.00    2.00     0.00     2.00     2.00     -2.00    2.00     
0.00     0.00     -6.00    -4.00    -2.00    -2.00    2.00     0.00     -2.00    -2.00    
0.00     2.00     6.00     -4.00    2.00     -2.00    -2.00    0.00     4.00     0.00     
2.00     -4.00    4.00     -2.00    -4.00    -4.00    0.00     0.00     0.00     0.00     
-4.00    6.00     2.00     2.00     -4.00    -2.00    4.00     -2.00    0.00     0.00     
-2.00    6.00     0.00     0.00     0.00     0.00     4.00     -2.00    -2.00    0.00     
8.00     0.00     0.00     -2.00    -2.00    0.00     2.00     4.00     2.00     0.00     
-2.00    -4.00    0.00     4.00     0.00     0.00     0.00     0.00     0.00     -2.00    
-2.00    -6.00    2.00     -2.00    -2.00    2.00     -2.00    -2.00    0.00     0.00     
-6.00    -4.00    2.00     4.00     0.00     2.00     0.00     0.00     -2.00    0.00     
0.00     4.00     -2.00    4.00     -2.00    2.00     0.00     2.00     -4.00    0.00     
0.00     4.00     -4.00    -2.00    -2.00    -4.00    2.00     -2.00    2.00     4.00     
-4.00    -2.00    0.00     -2.00    2.00     4.00     0.00     -2.00    -2.00    0.00     
2.00     -2.00    0.00     2.00     0.00     4.00     2.00     2.00     0.00     2.00     
-4.00    4.00     4.00     -2.00    -4.00    0.00     4.00     0.00     0.00     -2.00    
-2.00    0.00     -2.00    -2.00    0.00     -2.00    0.00     2.00     -2.00    -2.00    
2.00     2.00     2.00     2.00     0.00     2.00     0.00     -4.00    4.00     0.00     
2.00     -2.00    -2.00    2.00     -4.00    0.00     2.00     -2.00    0.00     0.00     
2.00     2.00     -6.00    -2.00    2.00     2.00     -2.00    2.00     0.00     -2.00    
-2.00    2.00     4.00     0.00     -2.00    -2.00    2.00     2.00     -2.00    0.00     
4.00     4.00     2.00     -6.00    0.00     -2.00    -2.00    2.00     0.00     0.00     
0.00     4.00     -2.00    2.00     4.00     -4.00    2.00     2.00     2.00     0.00     
-2.00    -6.00    0.00     2.00     0.00     2.00     -2.00    -2.00    -2.00    2.00     
0.00     0.00     0.00     0.00     2.00     2.00     2.00     0.00     0.00     2.00     
2.00     4.00     -10.00   4.00     2.00     0.00     -2.00    -2.00    2.00     0.00     
6.00     -2.00    -2.00    0.00     0.00     0.00     0.00     0.00     0.00     0.00     
0.00     2.00     6.00     -2.00    -2.00    4.00     0.00     -2.00    0.00     2.00     
2.00     -2.00    0.00     2.00     -4.00    2.00     -4.00    2.00     2.00     -2.00    
4.00     4.00     2.00     -2.00    0.00     -2.00    0.00     0.00     2.00     2.00     
6.00     -2.00    2.00     0.00     0.00     0.00     0.00     4.00     0.00     4.00     
2.00     -2.00    -2.00    2.00     4.00     4.00     -4.00    2.00     -2.00    -2.00    
-6.00    -4.00    -2.00    0.00     2.00     -2.00    -2.00    -2.00    2.00     -2.00    
0.00     -4.00    -2.00    2.00     0.00     -2.00    2.00     -2.00    -2.00    -2.00    
-8.00    4.00     2.00     0.00     -4.00    4.00     -2.00    0.00     0.00     0.00     
0.00     -2.00    0.00     4.00     -2.00    6.00     0.00     0.00     0.00     0.00     
2.00     2.00     0.00     -2.00    4.00     0.00     2.00     0.00     -2.00    -2.00    
-4.00    4.00     -2.00    0.00     2.00     0.00     2.00     2.00     -2.00    0.00     
2.00     2.00     2.00     4.00     2.00     2.00     2.00     0.00     0.00     0.00     
-2.00    2.00     2.00     0.00     4.00     2.00     2.00     -4.00    0.00     0.00     
-2.00    -2.00    2.00     0.00     2.00     0.00     4.00     0.00     0.00     0.00     
4.00     4.00     -2.00    4.00     0.00     -4.00    2.00     -8.00    0.00     0.00     
0.00     0.00     4.00     -4.00    -2.00    -2.00    -2.00    -4.00    -2.00    0.00     
0.00     0.00     2.00     4.00     -2.00    -4.00    0.00     2.00     0.00     2.00     
-2.00    6.00     4.00     0.00     0.00     2.00     0.00     0.00     0.00     -2.00    
-4.00    0.00     -2.00    2.00     0.00     2.00     0.00     0.00     -2.00    -2.00    
2.00     2.00     -2.00    -8.00    -2.00    2.00     2.00     0.00     0.00     0.00     
0.00     2.00     2.00     0.00     0.00     2.00     0.00     0.00     0.00     0.00     
6.00     0.00     0.00     -4.00    0.00     2.00     -2.00    -2.00    2.00     2.00     
0.00     -2.00    2.00     6.00     2.00     2.00     0.00     0.00     -2.00    -2.00    
2.00     0.00     2.00     -2.00    -2.00    0.00     -4.00    -2.00    2.00     -2.00    
0.00     4.00     -2.00    -2.00    0.00     4.00     4.00     0.00     2.00     0.00     
2.00     0.00     0.00     2.00     -6.00    -2.00    -2.00    -2.00    0.00     -2.00    
-4.00    -2.00    -2.00    -2.00    -2.00    -4.00    -2.00    2.00     0.00     0.00     
6.00     -4.00    -4.00    2.00     -2.00    2.00     -2.00    2.00     0.00     0.00     
0.00     4.00     2.00     -4.00    -2.00    2.00     -4.00    0.00     -4.00    0.00     
2.00     0.00     2.00     4.00     2.00     4.00     4.00     0.00     2.00     -4.00    
0.00     0.00     0.00     4.00     2.00     0.00     -2.00    0.00     0.00     -2.00    
-4.00    -2.00    -6.00    2.00     -6.00    0.00     0.00     0.00     -2.00    2.00     
2.00     -2.00    0.00     0.00     0.00     -4.00    0.00     -2.00    2.00     2.00     
-6.00    -2.00    -2.00    -2.00    2.00     2.00     2.00     0.00     0.00     0.00     
2.00     2.00     -2.00    -4.00    -2.00    -2.00    0.00     0.00     4.00     2.00     
-6.00    0.00     0.00     -2.00    2.00     -2.00    4.00     4.00     2.00     2.00     
0.00     -4.00    -2.00    -2.00    0.00     0.00     0.00     0.00     -2.00    0.00     
0.00     8.00     0.00     2.00     -6.00    0.00     4.00     2.00     2.00     0.00     
0.00     12.00    2.00     0.00     0.00     -2.00    2.00     -2.00    0.00     0.00     
-10.00   -6.00    0.00     2.00     0.00     -4.00    -4.00    0.00     -4.00    -2.00    
0.00     -8.00    -2.00    6.00     2.00     4.00     -2.00    0.00     0.00     0.00     
2.00     2.00     0.00     0.00     -4.00    0.00     0.00     2.00     0.00     0.00     
0.00     2.00     0.00     -2.00    2.00     0.00     4.00     2.00     -2.00    0.00     
-2.00    2.00     0.00     -4.00    -4.00    0.00     0.00     2.00     2.00     0.00     
0.00     -4.00    -4.00    4.00     2.00     0.00     0.00     0.00     0.00     -2.00    
6.00     2.00     6.00     4.00     4.00     2.00     0.00     0.00     -2.00    0.00     
-8.00    0.00     -2.00    0.00     -2.00    0.00     2.00     -8.00    0.00     0.00     
-4.00    -10.00   8.00     4.00     0.00     2.00     0.00     0.00     2.00     0.00     
4.00     2.00     0.00     2.00     -4.00    -2.00    2.00     2.00     0.00     0.00     
2.00     2.00     -2.00    -4.00    4.00     0.00     2.00     -2.00    2.00     0.00     
6.00     4.00     0.00     -2.00    0.00     -4.00    -4.00    0.00     -2.00    2.00     
0.00     0.00     0.00     -4.00    0.00     2.00     0.00     -2.00    2.00     0.00     
4.00     0.00     4.00     -2.00    -2.00    -4.00    2.00     4.00     0.00     4.00     
2.00     0.00     2.00     -2.00    6.00     2.00     4.00     0.00     -2.00    0.00     
-2.00    0.00     2.00     0.00     -2.00    -4.00    0.00     4.00     2.00     0.00     
0.00     2.00     0.00     -2.00    4.00     -2.00    0.00     -2.00    2.00     2.00     
0.00     2.00     0.00     4.00     0.00     0.00     0.00     2.00     2.00     -2.00    
-4.00    6.00     6.00     2.00     -2.00    6.00     2.00     -4.00    2.00     4.00     
4.00     0.00     2.00     -2.00    2.00     0.00     2.00     0.00     -2.00    0.00     
-2.00    -4.00    -2.00    -4.00    -2.00    0.00     4.00     0.00     2.00     -2.00    
-2.00    -2.00    -4.00    0.00     2.00     0.00     2.00     0.00     0.00     2.00     
-2.00    -6.00    0.00     0.00     6.00     -4.00    2.00     2.00     2.00     0.00     
0.00     2.00     4.00     2.00     0.00     4.00     2.00     0.00     0.00     2.00     
6.00     2.00     0.00     -2.00    2.00     6.00     2.00     4.00     4.00     -2.00    
-4.00    4.00     -2.00    2.00     0.00     -2.00    -2.00    4.00     2.00     -4.00    
0.00     -2.00    -4.00    2.00     0.00     4.00     -2.00    -2.00    2.00     4.00     
-2.00    0.00     -2.00    0.00     0.00     -2.00    2.00     -2.00    -2.00    0.00     
2.00     2.00     0.00     0.00     0.00     4.00     2.00     4.00     -2.00    2.00     
4.00     -2.00    2.00     4.00     -2.00    -2.00    -6.00    0.00     0.00     2.00     
6.00     6.00     -2.00    -2.00    2.00     0.00     -2.00    0.00     -4.00    0.00     
2.00     0.00     0.00     0.00     2.00     -4.00    -4.00    -2.00    -2.00    2.00     
2.00     -2.00    2.00     -2.00    6.00     2.00     0.00     0.00     2.00     0.00     
2.00     -2.00    0.00     8.00     -2.00    -4.00    0.00     0.00     2.00     -2.00    
6.00     0.00     -2.00    4.00     2.00     0.00     0.00     0.00     -2.00    2.00     
6.00     4.00     -4.00    -4.00    -2.00    -2.00    0.00     0.00     0.00     0.00     
0.00     -6.00    2.00     6.00     0.00     -2.00    0.00     -2.00    0.00     -4.00    
6.00     2.00     -2.00    2.00     2.00     4.00     -2.00    0.00     0.00     0.00     
-2.00    2.00     -2.00    0.00     0.00     2.00     0.00     -2.00    2.00     0.00     
4.00     8.00     4.00     -2.00    -2.00    2.00     -2.00    0.00     0.00     2.00     
2.00     -2.00    2.00     0.00     0.00     -2.00    -4.00    -4.00    -2.00    0.00     
-4.00    -2.00    2.00     0.00     2.00     -2.00    2.00     2.00     2.00     2.00     
8.00     2.00     2.00     0.00     0.00     0.00     2.00     0.00     0.00     0.00     
0.00     -4.00    0.00     0.00     -2.00    2.00     -2.00    2.00     0.00     0.00     
4.00     0.00     -4.00    -2.00    -2.00    -2.00    2.00     2.00     0.00     -2.00    
-8.00    2.00     -4.00    -2.00    -2.00    2.00     0.00     4.00     2.00     0.00     
-4.00    0.00     2.00     -4.00    -2.00    2.00     -2.00    -2.00    2.00     -2.00    
-2.00    2.00     -4.00    -2.00    -2.00    4.00     4.00     2.00     -2.00    -2.00    
-4.00    2.00     -2.00    2.00     0.00     0.00     4.00     -2.00    -2.00    -2.00    
0.00     -2.00    -2.00    0.00     0.00     0.00     4.00     2.00     0.00     0.00     
2.00     4.00     -4.00    0.00     -4.00    0.00     0.00     -2.00    -2.00    -2.00    
4.00     -6.00    -6.00    0.00     -2.00    -4.00    -2.00    2.00     2.00     0.00     
-4.00    2.00     -2.00    2.00     -2.00    0.00     4.00     0.00     0.00     2.00     
4.00     0.00     6.00     0.00     0.00     -2.00    0.00     2.00     2.00     0.00     
-6.00    -2.00    0.00     4.00     -2.00    0.00     2.00     -2.00    0.00     -2.00    
2.00     0.00     2.00     0.00     2.00     -4.00    -4.00    -4.00    0.00     0.00     
-4.00    -2.00    6.00     -2.00    -2.00    0.00     -2.00    0.00     2.00     -2.00    
-6.00    -2.00    2.00     0.00     2.00     4.00     0.00     0.00     0.00     0.00     
4.00     -4.00    -4.00    0.00     0.00     0.00     0.00     0.00     2.00     0.00     
0.00     2.00     2.00     -2.00    0.00     0.00     0.00     -2.00    -2.00    -2.00    
2.00     0.00     -2.00    -4.00    4.00     0.00     0.00     -2.00    0.00     0.00     
2.00     -4.00    0.00     2.00     0.00     0.00     -2.00    0.00     2.00     -2.00    
8.00     -2.00    4.00     -2.00    0.00     0.00     4.00     0.00     4.00     0.00     
2.00     -2.00    0.00     2.00     0.00     0.00     -2.00    2.00     0.00     -2.00    
-4.00    -2.00    2.00     -2.00    2.00     0.00     6.00     2.00     -2.00    -2.00    
-2.00    -4.00    0.00     2.00     0.00     0.00     0.00     2.00     4.00     2.00     
-10.00   2.00     2.00     2.00     2.00     0.00     0.00     -2.00    0.00     -2.00    
