96       0.69314718        
90       5.23608778        
88       6.17942187        
86       7.28275856        
84       9.46401678        
82       10.92666030       
80       12.25397304       
78       13.77521288       
76       15.20662047       
74       16.54213200       
72       17.87454156       
70       19.17229400       
68       20.42078343       
66       21.63515012       
64       22.81370383       
62       23.95428125       
60       25.05956697       
58       26.12801011       
56       27.16118119       
54       28.15925914       
52       29.12211984       
50       30.04964582       
48       30.94250126       
46       31.80257074       
44       32.62693225       
42       33.41708830       
40       34.17332333       
38       34.89519642       
36       35.58253346       
34       36.23493901       
32       36.85216409       
30       37.43575206       
28       37.98354466       
26       38.49619458       
24       38.97433604       
22       39.41705410       
20       39.82461270       
18       40.19591896       
16       40.53046523       
14       40.82873471       
12       41.09044018       
10       41.31573316       
8        41.50286467       
6        41.65104706       
4        41.76117436       
2        41.83128691       
0        41.86180407       
-2       41.85188526       
-4       41.79988763       
-6       41.70573632       
-8       41.56774118       
-10      41.38425936       
-12      41.15452584       
-14      40.87829521       
-16      40.55166448       
-18      40.17454892       
-20      39.74385057       
-22      39.25766580       
-24      38.71363337       
-26      38.10769924       
-28      37.43806848       
-30      36.70024839       
-32      35.89029190       
-34      35.00429377       
-36      34.03726546       
-38      32.98083822       
-40      31.83084547       
-42      30.57857905       
-44      29.21395202       
-46      27.72427596       
-48      26.10002443       
-50      24.32267049       
-52      22.37188861       
-54      20.21755811       
-56      17.82630898       
-58      15.14331186       
-60      12.08825239       
-62      8.52986994        
-64      4.17579524        
