-63490.00  -63768.00  -64146.00  -64270.00  -64522.00  -64716.00  -64878.00  -64910.00  -65120.00  -65136.00  
-63536.00  -63850.00  -64052.00  -64386.00  -64552.00  -64762.00  -64868.00  -65012.00  -65068.00  -65140.00  
-63510.00  -63840.00  -64086.00  -64308.00  -64520.00  -64684.00  -64894.00  -65004.00  -65068.00  -65156.00  
-63590.00  -63876.00  -64106.00  -64350.00  -64542.00  -64706.00  -64856.00  -64962.00  -65098.00  -65106.00  
-63516.00  -63770.00  -64078.00  -64356.00  -64560.00  -64722.00  -64810.00  -64912.00  -65074.00  -65114.00  
-63542.00  -63882.00  -64170.00  -64250.00  -64530.00  -64688.00  -64874.00  -64972.00  -65076.00  -65148.00  
-63562.00  -63784.00  -64162.00  -64382.00  -64538.00  -64716.00  -64842.00  -64988.00  -65072.00  -65142.00  
-63480.00  -63822.00  -64210.00  -64318.00  -64556.00  -64734.00  -64848.00  -64964.00  -65040.00  -65168.00  
-63500.00  -63832.00  -64082.00  -64330.00  -64584.00  -64708.00  -64860.00  -65016.00  -65080.00  -65130.00  
-63524.00  -63862.00  -64198.00  -64358.00  -64538.00  -64718.00  -64852.00  -64966.00  -65042.00  -65170.00  
-63528.00  -63872.00  -64160.00  -64382.00  -64488.00  -64676.00  -64844.00  -65000.00  -65088.00  -65128.00  
-63552.00  -63900.00  -64114.00  -64292.00  -64550.00  -64708.00  -64882.00  -64946.00  -65106.00  -65134.00  
-63420.00  -63838.00  -64134.00  -64346.00  -64524.00  -64702.00  -64848.00  -64982.00  -65052.00  -65106.00  
-63486.00  -63872.00  -64170.00  -64340.00  -64530.00  -64720.00  -64858.00  -65016.00  -65066.00  -65138.00  
-63502.00  -63776.00  -64120.00  -64348.00  -64524.00  -64716.00  -64860.00  -64950.00  -65078.00  -65130.00  
-63480.00  -63790.00  -64198.00  -64372.00  -64508.00  -64688.00  -64844.00  -64988.00  -65030.00  -65124.00  
-63532.00  -63738.00  -64110.00  -64320.00  -64588.00  -64722.00  -64858.00  -64964.00  -65040.00  -65134.00  
-63396.00  -63854.00  -64116.00  -64384.00  -64502.00  -64710.00  -64798.00  -64936.00  -65064.00  -65144.00  
-63462.00  -63832.00  -64138.00  -64404.00  -64504.00  -64744.00  -64862.00  -65024.00  -65072.00  -65112.00  
-63530.00  -63836.00  -64142.00  -64356.00  -64548.00  -64678.00  -64858.00  -64948.00  -65054.00  -65178.00  
