50.00    -40.00   10.00    42.00    -38.00   20.00    -30.00   18.00    8.00     8.00     
-12.00   -46.00   -28.00   -18.00   -36.00   -46.00   36.00    -4.00    24.00    -4.00    
-50.00   -44.00   -10.00   -12.00   -32.00   4.00     6.00     -20.00   12.00    8.00     
-42.00   -20.00   -14.00   -38.00   38.00    22.00    20.00    -2.00    -10.00   6.00     
56.00    6.00     -50.00   -4.00    96.00    -34.00   22.00    12.00    6.00     6.00     
-22.00   34.00    10.00    -30.00   30.00    4.00     10.00    -52.00   28.00    -12.00   
18.00    44.00    6.00     30.00    58.00    60.00    -30.00   -40.00   20.00    -6.00    
48.00    -34.00   6.00     -14.00   -12.00   -10.00   20.00    4.00     16.00    16.00    
-28.00   24.00    26.00    -6.00    -8.00    48.00    -16.00   0.00     -8.00    10.00    
-32.00   -54.00   22.00    -70.00   -6.00    14.00    4.00     -2.00    -10.00   -6.00    
-8.00    -4.00    64.00    34.00    20.00    8.00     24.00    -12.00   -4.00    -8.00    
48.00    36.00    10.00    -16.00   -2.00    8.00     -22.00   -30.00   -18.00   -14.00   
-16.00   -54.00   14.00    -18.00   12.00    -14.00   8.00     54.00    -4.00    -2.00    
14.00    44.00    -6.00    28.00    -2.00    12.00    10.00    -12.00   18.00    -2.00    
-66.00   20.00    16.00    -8.00    -4.00    40.00    -16.00   -34.00   -2.00    34.00    
4.00     38.00    -22.00   -16.00   20.00    32.00    -24.00   -8.00    -10.00   16.00    
0.00     70.00    -38.00   64.00    16.00    94.00    18.00    48.00    8.00     -18.00   
-40.00   -38.00   44.00    -8.00    34.00    10.00    22.00    0.00     -12.00   -12.00   
-102.00  -56.00   -18.00   16.00    -16.00   60.00    -6.00    12.00    -16.00   12.00    
22.00    -8.00    -18.00   8.00     8.00     26.00    14.00    20.00    -18.00   -26.00   
