48       0.69314718        
42       4.52672773        
40       5.39916976        
38       6.35512075        
36       8.10592575        
34       9.35046232        
32       10.42367525       
30       11.57439254       
28       12.64675470       
26       13.60945910       
24       14.51452985       
22       15.36087733       
20       16.13366142       
18       16.83754265       
16       17.47518799       
14       18.04356772       
12       18.54100807       
10       18.96905377       
8        19.32575245       
6        19.61061737       
4        19.82165922       
2        19.95792937       
0        20.01736250       
-2       19.99699372       
-4       19.89344144       
-6       19.70230289       
-8       19.41932554       
-10      19.03723633       
-12      18.54573478       
-14      17.93502797       
-16      17.19155706       
-18      16.29745015       
-20      15.23210825       
-22      13.96741637       
-24      12.46823880       
-26      10.69645746       
-28      8.59033702        
-30      6.03843981        
-32      2.77874385        
