-994.00    -992.00    -1004.00   -1004.00   -1006.00   -1006.00   -1022.00   -1014.00   -1018.00   -1022.00   
-994.00    -1002.00   -998.00    -1000.00   -1004.00   -1018.00   -1014.00   -1010.00   -1014.00   -1016.00   
-992.00    -996.00    -1006.00   -1000.00   -1012.00   -1010.00   -1016.00   -1016.00   -1018.00   -1018.00   
-994.00    -996.00    -1008.00   -1006.00   -1000.00   -1018.00   -1012.00   -1012.00   -1018.00   -1022.00   
-1000.00   -994.00    -1000.00   -1002.00   -1006.00   -1010.00   -1010.00   -1018.00   -1016.00   -1018.00   
-986.00    -996.00    -994.00    -992.00    -1006.00   -1012.00   -1014.00   -1016.00   -1014.00   -1022.00   
-994.00    -992.00    -1002.00   -1004.00   -1006.00   -1002.00   -1010.00   -1016.00   -1022.00   -1016.00   
-994.00    -1002.00   -1002.00   -1000.00   -1008.00   -1016.00   -1012.00   -1014.00   -1018.00   -1018.00   
-994.00    -1000.00   -998.00    -1002.00   -1016.00   -1014.00   -1016.00   -1018.00   -1018.00   -1018.00   
-990.00    -998.00    -1002.00   -1010.00   -1006.00   -1008.00   -1010.00   -1008.00   -1016.00   -1018.00   
-992.00    -1004.00   -1004.00   -1010.00   -1006.00   -1010.00   -1012.00   -1016.00   -1016.00   -1018.00   
-1000.00   -1002.00   -1000.00   -1006.00   -1006.00   -1008.00   -1018.00   -1016.00   -1020.00   -1016.00   
-988.00    -1006.00   -996.00    -1000.00   -1008.00   -1010.00   -1014.00   -1018.00   -1016.00   -1020.00   
-996.00    -1000.00   -1002.00   -1012.00   -1014.00   -1008.00   -1012.00   -1010.00   -1018.00   -1018.00   
-990.00    -992.00    -1002.00   -1004.00   -1004.00   -1010.00   -1012.00   -1012.00   -1014.00   -1014.00   
-988.00    -1006.00   -1012.00   -1002.00   -1004.00   -1008.00   -1010.00   -1012.00   -1022.00   -1016.00   
-992.00    -992.00    -996.00    -1004.00   -1012.00   -1010.00   -1010.00   -1018.00   -1018.00   -1018.00   
-994.00    -1000.00   -998.00    -1006.00   -1002.00   -1014.00   -1014.00   -1014.00   -1014.00   -1020.00   
-996.00    -998.00    -994.00    -1010.00   -1010.00   -1016.00   -1016.00   -1018.00   -1018.00   -1016.00   
-996.00    -998.00    -1000.00   -1006.00   -1014.00   -1010.00   -1014.00   -1014.00   -1014.00   -1018.00   
-1000.00   -994.00    -994.00    -1008.00   -1008.00   -1012.00   -1012.00   -1014.00   -1016.00   -1018.00   
-994.00    -1004.00   -1004.00   -1010.00   -1004.00   -1016.00   -1012.00   -1020.00   -1016.00   -1014.00   
-996.00    -998.00    -1004.00   -1002.00   -1004.00   -1006.00   -1014.00   -1018.00   -1016.00   -1018.00   
-992.00    -988.00    -1000.00   -1008.00   -1004.00   -1012.00   -1014.00   -1016.00   -1018.00   -1022.00   
-1000.00   -1002.00   -1004.00   -1004.00   -1006.00   -1010.00   -1018.00   -1018.00   -1018.00   -1020.00   
-982.00    -1000.00   -996.00    -1008.00   -1012.00   -1004.00   -1016.00   -1012.00   -1020.00   -1018.00   
-996.00    -992.00    -994.00    -1004.00   -1012.00   -1008.00   -1012.00   -1016.00   -1016.00   -1016.00   
-986.00    -1002.00   -1004.00   -1010.00   -1006.00   -1014.00   -1014.00   -1014.00   -1020.00   -1020.00   
-990.00    -1000.00   -1006.00   -1000.00   -1004.00   -1012.00   -1008.00   -1020.00   -1018.00   -1016.00   
-988.00    -992.00    -994.00    -1002.00   -1008.00   -1008.00   -1014.00   -1014.00   -1020.00   -1018.00   
-986.00    -996.00    -1002.00   -1002.00   -1006.00   -1008.00   -1014.00   -1018.00   -1016.00   -1020.00   
-1000.00   -996.00    -998.00    -1006.00   -1016.00   -1012.00   -1016.00   -1012.00   -1018.00   -1020.00   
-992.00    -1000.00   -1004.00   -1010.00   -1006.00   -1010.00   -1010.00   -1018.00   -1020.00   -1018.00   
-1004.00   -992.00    -1008.00   -1002.00   -1010.00   -1006.00   -1010.00   -1012.00   -1018.00   -1020.00   
-1006.00   -1002.00   -1002.00   -1008.00   -1016.00   -1006.00   -1014.00   -1016.00   -1018.00   -1016.00   
-990.00    -998.00    -1000.00   -1004.00   -1006.00   -1004.00   -1006.00   -1014.00   -1014.00   -1022.00   
-994.00    -996.00    -1000.00   -1004.00   -1006.00   -1012.00   -1002.00   -1008.00   -1016.00   -1022.00   
-994.00    -998.00    -1004.00   -998.00    -1016.00   -1012.00   -1012.00   -1014.00   -1012.00   -1020.00   
-992.00    -1002.00   -998.00    -1004.00   -1012.00   -1016.00   -1012.00   -1018.00   -1016.00   -1018.00   
-994.00    -1002.00   -1008.00   -1008.00   -1002.00   -1010.00   -1016.00   -1012.00   -1020.00   -1014.00   
-990.00    -996.00    -1000.00   -1002.00   -1008.00   -1016.00   -1014.00   -1018.00   -1012.00   -1020.00   
-996.00    -994.00    -1002.00   -1006.00   -1018.00   -1012.00   -1012.00   -1022.00   -1014.00   -1016.00   
-994.00    -1012.00   -1004.00   -1004.00   -1008.00   -1014.00   -1012.00   -1016.00   -1014.00   -1014.00   
-990.00    -994.00    -1004.00   -998.00    -1008.00   -1010.00   -1006.00   -1016.00   -1016.00   -1018.00   
-984.00    -988.00    -1006.00   -1006.00   -1006.00   -1010.00   -1018.00   -1020.00   -1014.00   -1016.00   
-988.00    -1000.00   -1002.00   -1002.00   -1006.00   -1012.00   -1016.00   -1012.00   -1020.00   -1016.00   
-1002.00   -996.00    -1010.00   -1010.00   -1002.00   -1014.00   -1014.00   -1018.00   -1018.00   -1018.00   
-986.00    -994.00    -1004.00   -998.00    -1006.00   -1010.00   -1014.00   -1002.00   -1022.00   -1020.00   
-992.00    -994.00    -1012.00   -1008.00   -1004.00   -1012.00   -1010.00   -1012.00   -1014.00   -1020.00   
-990.00    -996.00    -1008.00   -1008.00   -1004.00   -1014.00   -1012.00   -1018.00   -1018.00   -1018.00   
-990.00    -1000.00   -994.00    -1010.00   -1012.00   -1012.00   -1014.00   -1014.00   -1020.00   -1016.00   
-994.00    -998.00    -990.00    -1012.00   -1012.00   -1006.00   -1008.00   -1016.00   -1020.00   -1018.00   
-1002.00   -996.00    -1006.00   -1008.00   -1010.00   -1012.00   -1012.00   -1016.00   -1014.00   -1020.00   
-992.00    -1004.00   -998.00    -1008.00   -1012.00   -1012.00   -1016.00   -1012.00   -1012.00   -1016.00   
-986.00    -990.00    -1000.00   -1000.00   -1014.00   -1014.00   -1014.00   -1012.00   -1018.00   -1018.00   
-1000.00   -1000.00   -1000.00   -1000.00   -1004.00   -1012.00   -1008.00   -1014.00   -1020.00   -1018.00   
-988.00    -998.00    -996.00    -1002.00   -1004.00   -1008.00   -1014.00   -1014.00   -1016.00   -1020.00   
-992.00    -998.00    -1000.00   -1004.00   -1006.00   -1012.00   -1012.00   -1018.00   -1018.00   -1020.00   
-996.00    -1010.00   -1000.00   -1014.00   -1012.00   -1008.00   -1014.00   -1014.00   -1016.00   -1018.00   
-994.00    -1006.00   -1000.00   -1008.00   -1006.00   -1010.00   -1012.00   -1010.00   -1012.00   -1016.00   
-1000.00   -996.00    -1004.00   -1004.00   -1010.00   -1006.00   -1018.00   -1016.00   -1014.00   -1018.00   
-990.00    -1002.00   -998.00    -1006.00   -1010.00   -1016.00   -1010.00   -1012.00   -1018.00   -1020.00   
-996.00    -998.00    -1008.00   -1004.00   -1012.00   -1006.00   -1010.00   -1008.00   -1012.00   -1018.00   
-992.00    -1006.00   -1002.00   -1004.00   -1004.00   -1016.00   -1008.00   -1016.00   -1018.00   -1016.00   
-998.00    -1000.00   -1002.00   -1006.00   -1012.00   -1010.00   -1014.00   -1008.00   -1020.00   -1016.00   
-992.00    -998.00    -1006.00   -1002.00   -1010.00   -1010.00   -1008.00   -1010.00   -1012.00   -1022.00   
-990.00    -996.00    -996.00    -1008.00   -1008.00   -1008.00   -1018.00   -1020.00   -1014.00   -1020.00   
-998.00    -994.00    -992.00    -1008.00   -1010.00   -1002.00   -1008.00   -1016.00   -1016.00   -1018.00   
-984.00    -1002.00   -1000.00   -1008.00   -1004.00   -1008.00   -1010.00   -1016.00   -1018.00   -1022.00   
-1000.00   -998.00    -1002.00   -1010.00   -1008.00   -1016.00   -1014.00   -1012.00   -1018.00   -1018.00   
-988.00    -1004.00   -1008.00   -1002.00   -1014.00   -1004.00   -1014.00   -1012.00   -1016.00   -1020.00   
-990.00    -996.00    -1004.00   -1008.00   -1008.00   -1014.00   -1014.00   -1016.00   -1016.00   -1018.00   
-998.00    -994.00    -1002.00   -1006.00   -1002.00   -1010.00   -1018.00   -1014.00   -1018.00   -1020.00   
-1002.00   -996.00    -996.00    -1012.00   -1016.00   -1008.00   -1018.00   -1014.00   -1022.00   -1016.00   
-988.00    -1004.00   -1016.00   -1000.00   -1006.00   -1012.00   -1016.00   -1014.00   -1014.00   -1020.00   
-984.00    -992.00    -1006.00   -1010.00   -1012.00   -1014.00   -1008.00   -1014.00   -1014.00   -1018.00   
-998.00    -992.00    -996.00    -1006.00   -1004.00   -1016.00   -1006.00   -1018.00   -1022.00   -1014.00   
-990.00    -994.00    -1000.00   -1006.00   -1004.00   -1010.00   -1012.00   -1014.00   -1014.00   -1018.00   
-986.00    -998.00    -998.00    -1004.00   -1008.00   -1014.00   -1016.00   -1016.00   -1020.00   -1022.00   
-1002.00   -996.00    -994.00    -1000.00   -1010.00   -1008.00   -1016.00   -1016.00   -1012.00   -1018.00   
-992.00    -1000.00   -998.00    -1008.00   -1008.00   -1010.00   -1014.00   -1008.00   -1018.00   -1016.00   
-978.00    -998.00    -1006.00   -1008.00   -1010.00   -1014.00   -1014.00   -1016.00   -1020.00   -1020.00   
-996.00    -986.00    -998.00    -1008.00   -1004.00   -1012.00   -1014.00   -1020.00   -1012.00   -1018.00   
-988.00    -1006.00   -1004.00   -1006.00   -1006.00   -1014.00   -1010.00   -1014.00   -1008.00   -1018.00   
-988.00    -1000.00   -996.00    -1008.00   -1012.00   -1008.00   -1016.00   -1014.00   -1020.00   -1018.00   
-986.00    -1000.00   -1008.00   -1004.00   -1002.00   -1008.00   -1016.00   -1014.00   -1018.00   -1018.00   
-994.00    -994.00    -1004.00   -1002.00   -1006.00   -1008.00   -1014.00   -1014.00   -1018.00   -1016.00   
-982.00    -996.00    -1006.00   -1010.00   -1002.00   -1010.00   -1016.00   -1016.00   -1012.00   -1018.00   
-992.00    -998.00    -1002.00   -1004.00   -1016.00   -1016.00   -1008.00   -1014.00   -1018.00   -1020.00   
-992.00    -1002.00   -992.00    -1012.00   -1008.00   -1010.00   -1016.00   -1014.00   -1022.00   -1020.00   
-984.00    -1002.00   -996.00    -998.00    -1002.00   -1008.00   -1018.00   -1018.00   -1010.00   -1016.00   
-994.00    -1006.00   -1000.00   -1012.00   -1012.00   -1012.00   -1012.00   -1010.00   -1018.00   -1020.00   
-988.00    -992.00    -988.00    -1008.00   -1000.00   -1014.00   -1012.00   -1014.00   -1012.00   -1020.00   
-982.00    -1002.00   -994.00    -1006.00   -1010.00   -1014.00   -1010.00   -1012.00   -1020.00   -1014.00   
-1006.00   -1004.00   -1006.00   -1010.00   -1014.00   -1016.00   -1018.00   -1016.00   -1016.00   -1016.00   
-1002.00   -988.00    -1008.00   -1006.00   -1006.00   -1018.00   -1020.00   -1014.00   -1014.00   -1020.00   
-994.00    -996.00    -1010.00   -1008.00   -1008.00   -1012.00   -1016.00   -1020.00   -1014.00   -1018.00   
-984.00    -992.00    -996.00    -1006.00   -1008.00   -1000.00   -1018.00   -1014.00   -1010.00   -1018.00   
-986.00    -986.00    -1000.00   -1014.00   -1006.00   -1012.00   -1014.00   -1020.00   -1016.00   -1018.00   
-990.00    -986.00    -996.00    -1012.00   -1010.00   -1012.00   -1018.00   -1014.00   -1014.00   -1018.00   
-988.00    -1002.00   -996.00    -1010.00   -1012.00   -1012.00   -1014.00   -1016.00   -1012.00   -1018.00   
-988.00    -998.00    -994.00    -1004.00   -1008.00   -1012.00   -1020.00   -1016.00   -1018.00   -1020.00   
-994.00    -992.00    -998.00    -1008.00   -1006.00   -1012.00   -1014.00   -1010.00   -1014.00   -1022.00   
-996.00    -998.00    -1002.00   -1012.00   -1014.00   -1004.00   -1012.00   -1016.00   -1016.00   -1018.00   
-990.00    -1004.00   -1004.00   -1006.00   -1014.00   -1014.00   -1020.00   -1014.00   -1016.00   -1016.00   
-994.00    -990.00    -1006.00   -998.00    -1004.00   -1012.00   -1012.00   -1020.00   -1014.00   -1018.00   
-994.00    -992.00    -1006.00   -1004.00   -1010.00   -1016.00   -1014.00   -1012.00   -1018.00   -1012.00   
-994.00    -994.00    -1002.00   -998.00    -1010.00   -1016.00   -1014.00   -1016.00   -1020.00   -1018.00   
-998.00    -994.00    -1012.00   -998.00    -1004.00   -1014.00   -1012.00   -1012.00   -1014.00   -1022.00   
-998.00    -988.00    -998.00    -1010.00   -1018.00   -1010.00   -1012.00   -1018.00   -1012.00   -1020.00   
-998.00    -992.00    -998.00    -1002.00   -1006.00   -1012.00   -1014.00   -1018.00   -1016.00   -1018.00   
-996.00    -1002.00   -998.00    -1006.00   -1008.00   -1016.00   -1014.00   -1012.00   -1018.00   -1014.00   
-998.00    -990.00    -996.00    -1004.00   -1006.00   -1012.00   -1012.00   -1016.00   -1020.00   -1020.00   
-986.00    -994.00    -1008.00   -1006.00   -1012.00   -1018.00   -1014.00   -1016.00   -1006.00   -1020.00   
-986.00    -1004.00   -1000.00   -1004.00   -1010.00   -1010.00   -1016.00   -1012.00   -1012.00   -1016.00   
-988.00    -1002.00   -1004.00   -1008.00   -1006.00   -1012.00   -1010.00   -1016.00   -1018.00   -1020.00   
-992.00    -1000.00   -1004.00   -1002.00   -1010.00   -1010.00   -1014.00   -1016.00   -1020.00   -1014.00   
-990.00    -998.00    -996.00    -994.00    -1008.00   -1010.00   -1006.00   -1018.00   -1016.00   -1020.00   
-990.00    -992.00    -1006.00   -1004.00   -998.00    -1010.00   -1010.00   -1016.00   -1016.00   -1018.00   
-990.00    -994.00    -1000.00   -1004.00   -1008.00   -1008.00   -1014.00   -1016.00   -1008.00   -1018.00   
-984.00    -992.00    -1002.00   -1010.00   -1006.00   -1008.00   -1006.00   -1012.00   -1016.00   -1018.00   
-1004.00   -994.00    -998.00    -1010.00   -1006.00   -1018.00   -1016.00   -1018.00   -1016.00   -1014.00   
-990.00    -996.00    -1002.00   -1002.00   -1008.00   -1016.00   -1012.00   -1016.00   -1016.00   -1018.00   
-1002.00   -1002.00   -1006.00   -1004.00   -1006.00   -1010.00   -1016.00   -1018.00   -1020.00   -1020.00   
-988.00    -996.00    -1008.00   -998.00    -1010.00   -1008.00   -1010.00   -1018.00   -1018.00   -1018.00   
-990.00    -1002.00   -1004.00   -1000.00   -1010.00   -1016.00   -1014.00   -1012.00   -1016.00   -1020.00   
-1004.00   -998.00    -1004.00   -1004.00   -1008.00   -1014.00   -1012.00   -1014.00   -1018.00   -1018.00   
-996.00    -1004.00   -1000.00   -1002.00   -1016.00   -1004.00   -1014.00   -1016.00   -1010.00   -1012.00   
-1000.00   -1002.00   -1002.00   -1004.00   -1010.00   -1010.00   -1014.00   -1014.00   -1010.00   -1018.00   
-996.00    -996.00    -1000.00   -1012.00   -1008.00   -1010.00   -1014.00   -1022.00   -1020.00   -1014.00   
-992.00    -996.00    -996.00    -1008.00   -1010.00   -1004.00   -1014.00   -1014.00   -1022.00   -1020.00   
-986.00    -988.00    -1000.00   -1004.00   -1008.00   -1010.00   -1012.00   -1014.00   -1018.00   -1014.00   
-976.00    -992.00    -1004.00   -1014.00   -1012.00   -1016.00   -1016.00   -1022.00   -1014.00   -1020.00   
-988.00    -1004.00   -1006.00   -1004.00   -1012.00   -1014.00   -1010.00   -1018.00   -1016.00   -1018.00   
-996.00    -996.00    -1000.00   -986.00    -1010.00   -1012.00   -1014.00   -1012.00   -1018.00   -1012.00   
-994.00    -1016.00   -1004.00   -1006.00   -1012.00   -1010.00   -1016.00   -1020.00   -1016.00   -1018.00   
-992.00    -1000.00   -998.00    -1016.00   -1006.00   -1012.00   -1018.00   -1016.00   -1018.00   -1020.00   
-990.00    -996.00    -996.00    -1012.00   -1002.00   -1010.00   -1020.00   -1022.00   -1020.00   -1014.00   
-1000.00   -996.00    -1000.00   -1002.00   -1006.00   -1014.00   -1016.00   -1012.00   -1014.00   -1016.00   
-996.00    -1004.00   -1000.00   -1008.00   -1004.00   -1012.00   -1014.00   -1014.00   -1016.00   -1018.00   
-986.00    -994.00    -1010.00   -1006.00   -1008.00   -1014.00   -1018.00   -1018.00   -1014.00   -1020.00   
-996.00    -986.00    -1006.00   -1004.00   -1002.00   -1016.00   -1010.00   -1012.00   -1020.00   -1020.00   
-994.00    -982.00    -998.00    -1006.00   -1006.00   -1010.00   -1010.00   -1012.00   -1016.00   -1020.00   
-1002.00   -1002.00   -1004.00   -1016.00   -1000.00   -1008.00   -1016.00   -1022.00   -1014.00   -1018.00   
-996.00    -1000.00   -994.00    -1004.00   -1012.00   -1014.00   -1010.00   -1014.00   -1012.00   -1018.00   
-992.00    -986.00    -998.00    -1004.00   -1006.00   -1006.00   -1010.00   -1016.00   -1016.00   -1018.00   
-992.00    -996.00    -1006.00   -1010.00   -1012.00   -1012.00   -1010.00   -1018.00   -1020.00   -1020.00   
-1004.00   -992.00    -1006.00   -1004.00   -1010.00   -1010.00   -1018.00   -1012.00   -1014.00   -1020.00   
-990.00    -1000.00   -996.00    -1012.00   -1012.00   -1002.00   -1022.00   -1012.00   -1020.00   -1020.00   
-996.00    -1010.00   -994.00    -1006.00   -1006.00   -1020.00   -1014.00   -1020.00   -1012.00   -1018.00   
-1002.00   -1004.00   -1004.00   -1002.00   -1008.00   -1018.00   -1010.00   -1016.00   -1024.00   -1024.00   
-990.00    -998.00    -1004.00   -1006.00   -1006.00   -1010.00   -1016.00   -1012.00   -1018.00   -1018.00   
-990.00    -1000.00   -1008.00   -1006.00   -1002.00   -1010.00   -1014.00   -1014.00   -1016.00   -1016.00   
-996.00    -992.00    -996.00    -998.00    -1010.00   -1014.00   -1008.00   -1014.00   -1014.00   -1020.00   
-988.00    -1016.00   -1008.00   -998.00    -1012.00   -1012.00   -1010.00   -1016.00   -1018.00   -1020.00   
-1000.00   -994.00    -998.00    -1002.00   -1002.00   -1016.00   -1018.00   -1014.00   -1018.00   -1020.00   
-996.00    -988.00    -1000.00   -1004.00   -1002.00   -1008.00   -1018.00   -1018.00   -1016.00   -1018.00   
-992.00    -998.00    -1008.00   -1008.00   -1002.00   -1014.00   -1010.00   -1018.00   -1014.00   -1014.00   
-996.00    -992.00    -1008.00   -1010.00   -996.00    -1010.00   -1012.00   -1012.00   -1020.00   -1016.00   
-1000.00   -992.00    -998.00    -1010.00   -1010.00   -1016.00   -1016.00   -1016.00   -1018.00   -1022.00   
-996.00    -1006.00   -994.00    -1004.00   -1008.00   -1016.00   -1012.00   -1018.00   -1016.00   -1016.00   
-982.00    -994.00    -1006.00   -1012.00   -1010.00   -1010.00   -1014.00   -1016.00   -1018.00   -1014.00   
-992.00    -1004.00   -1010.00   -998.00    -1010.00   -1010.00   -1012.00   -1014.00   -1014.00   -1020.00   
-988.00    -998.00    -1002.00   -1004.00   -1004.00   -1014.00   -1016.00   -1014.00   -1014.00   -1016.00   
-996.00    -996.00    -1006.00   -990.00    -1008.00   -1012.00   -1012.00   -1016.00   -1022.00   -1016.00   
-988.00    -994.00    -1004.00   -1006.00   -1000.00   -1008.00   -1012.00   -1018.00   -1018.00   -1016.00   
-994.00    -990.00    -994.00    -1006.00   -1008.00   -1012.00   -1022.00   -1012.00   -1018.00   -1022.00   
-994.00    -992.00    -1004.00   -1006.00   -1010.00   -1008.00   -1008.00   -1014.00   -1014.00   -1016.00   
-996.00    -998.00    -1000.00   -1002.00   -1008.00   -1006.00   -1012.00   -1008.00   -1018.00   -1020.00   
-988.00    -992.00    -1008.00   -1002.00   -1014.00   -1012.00   -1016.00   -1016.00   -1018.00   -1016.00   
-990.00    -992.00    -1000.00   -1006.00   -1010.00   -1012.00   -1014.00   -1010.00   -1012.00   -1016.00   
-988.00    -1000.00   -1010.00   -1004.00   -1006.00   -1012.00   -1012.00   -1012.00   -1012.00   -1020.00   
-996.00    -1006.00   -1002.00   -1004.00   -1008.00   -1010.00   -1012.00   -1008.00   -1012.00   -1010.00   
-996.00    -1004.00   -1000.00   -1006.00   -1014.00   -1010.00   -1008.00   -1016.00   -1020.00   -1020.00   
-988.00    -994.00    -996.00    -1008.00   -1012.00   -1010.00   -1020.00   -1018.00   -1014.00   -1020.00   
-990.00    -1000.00   -1004.00   -1004.00   -1010.00   -1010.00   -1006.00   -1014.00   -1016.00   -1020.00   
-994.00    -970.00    -1008.00   -1010.00   -1004.00   -1012.00   -1012.00   -1014.00   -1016.00   -1018.00   
-998.00    -998.00    -998.00    -1006.00   -1008.00   -1008.00   -1016.00   -1010.00   -1020.00   -1016.00   
-994.00    -1000.00   -1000.00   -1008.00   -1008.00   -1016.00   -1010.00   -1018.00   -1020.00   -1018.00   
-1000.00   -990.00    -1004.00   -1004.00   -1008.00   -1008.00   -1018.00   -1016.00   -1022.00   -1018.00   
-998.00    -996.00    -998.00    -1010.00   -1006.00   -1012.00   -1018.00   -1012.00   -1016.00   -1016.00   
-994.00    -1000.00   -1006.00   -1006.00   -1008.00   -1014.00   -1010.00   -1012.00   -1018.00   -1018.00   
-992.00    -992.00    -998.00    -1008.00   -1008.00   -1006.00   -1012.00   -1014.00   -1016.00   -1020.00   
-996.00    -1000.00   -1010.00   -1014.00   -1004.00   -1016.00   -1016.00   -1016.00   -1018.00   -1018.00   
-992.00    -994.00    -998.00    -1012.00   -1006.00   -1008.00   -1012.00   -1020.00   -1016.00   -1016.00   
-988.00    -1006.00   -996.00    -1012.00   -1006.00   -1014.00   -1010.00   -1014.00   -1016.00   -1022.00   
-994.00    -990.00    -1004.00   -1000.00   -1008.00   -1012.00   -1014.00   -1012.00   -1012.00   -1016.00   
-988.00    -990.00    -996.00    -1002.00   -1004.00   -1014.00   -1012.00   -1018.00   -1018.00   -1018.00   
-998.00    -1000.00   -1004.00   -1006.00   -1006.00   -1012.00   -1014.00   -1018.00   -1020.00   -1022.00   
-996.00    -990.00    -996.00    -1014.00   -1014.00   -1010.00   -1004.00   -1014.00   -1010.00   -1022.00   
-1000.00   -990.00    -1006.00   -1008.00   -1008.00   -1014.00   -1014.00   -1014.00   -1010.00   -1016.00   
-984.00    -1008.00   -1012.00   -1004.00   -1006.00   -1004.00   -1012.00   -1012.00   -1020.00   -1018.00   
-988.00    -1000.00   -1002.00   -1008.00   -1008.00   -1010.00   -1008.00   -1018.00   -1022.00   -1018.00   
-992.00    -994.00    -992.00    -1008.00   -1008.00   -1014.00   -1010.00   -1020.00   -1020.00   -1020.00   
-996.00    -990.00    -1004.00   -1002.00   -1008.00   -1008.00   -1012.00   -1020.00   -1016.00   -1020.00   
-996.00    -992.00    -996.00    -1004.00   -1012.00   -1012.00   -1020.00   -1014.00   -1020.00   -1016.00   
-996.00    -992.00    -988.00    -1002.00   -1002.00   -1006.00   -1010.00   -1016.00   -1016.00   -1012.00   
-996.00    -992.00    -996.00    -1012.00   -1012.00   -1002.00   -1014.00   -1016.00   -1016.00   -1022.00   
-994.00    -1008.00   -1006.00   -1004.00   -1010.00   -1008.00   -1012.00   -1018.00   -1018.00   -1020.00   
-990.00    -986.00    -1004.00   -994.00    -1006.00   -1016.00   -1010.00   -1020.00   -1016.00   -1020.00   
-996.00    -994.00    -1004.00   -994.00    -1014.00   -1012.00   -1014.00   -1018.00   -1012.00   -1020.00   
-990.00    -998.00    -1004.00   -1014.00   -1004.00   -1016.00   -1016.00   -1012.00   -1018.00   -1018.00   
-996.00    -1004.00   -998.00    -1010.00   -1012.00   -1012.00   -1010.00   -1016.00   -1014.00   -1020.00   
-988.00    -998.00    -1004.00   -1004.00   -1010.00   -1010.00   -1008.00   -1016.00   -1018.00   -1020.00   
-992.00    -1006.00   -1000.00   -1010.00   -1010.00   -1018.00   -1012.00   -1020.00   -1012.00   -1018.00   
-990.00    -988.00    -1010.00   -1000.00   -1012.00   -1010.00   -1014.00   -1012.00   -1006.00   -1024.00   
-986.00    -994.00    -1000.00   -1004.00   -1006.00   -1012.00   -1012.00   -1018.00   -1018.00   -1020.00   
-994.00    -998.00    -1002.00   -1008.00   -1010.00   -1006.00   -1018.00   -1016.00   -1018.00   -1016.00   
-994.00    -996.00    -1004.00   -1012.00   -1006.00   -1014.00   -1010.00   -1014.00   -1014.00   -1020.00   
-992.00    -1004.00   -1004.00   -1014.00   -1014.00   -1006.00   -1012.00   -1014.00   -1016.00   -1016.00   
-1000.00   -1002.00   -1000.00   -1006.00   -1008.00   -1010.00   -1014.00   -1012.00   -1014.00   -1022.00   
-1000.00   -996.00    -1008.00   -1010.00   -1012.00   -1012.00   -1012.00   -1012.00   -1014.00   -1014.00   
-990.00    -992.00    -1000.00   -1006.00   -1006.00   -1006.00   -1012.00   -1010.00   -1020.00   -1020.00   
-984.00    -1006.00   -996.00    -1004.00   -1016.00   -1008.00   -1010.00   -1020.00   -1018.00   -1020.00   
-988.00    -1008.00   -1004.00   -1002.00   -1014.00   -1008.00   -1002.00   -1014.00   -1018.00   -1016.00   
-988.00    -992.00    -1006.00   -1006.00   -1006.00   -1014.00   -1018.00   -1010.00   -1022.00   -1020.00   
-992.00    -1000.00   -1004.00   -1004.00   -1016.00   -1020.00   -1016.00   -1012.00   -1014.00   -1018.00   
-992.00    -998.00    -996.00    -1008.00   -1012.00   -1016.00   -1012.00   -1016.00   -1014.00   -1018.00   
-994.00    -1000.00   -1008.00   -1010.00   -1014.00   -1010.00   -1016.00   -1018.00   -1018.00   -1016.00   
-996.00    -994.00    -1006.00   -1010.00   -1002.00   -1012.00   -1018.00   -1020.00   -1018.00   -1016.00   
-996.00    -998.00    -1004.00   -1002.00   -1006.00   -1014.00   -1012.00   -1016.00   -1016.00   -1020.00   
-994.00    -1006.00   -990.00    -1002.00   -1008.00   -1014.00   -1014.00   -1014.00   -1016.00   -1016.00   
-996.00    -998.00    -1004.00   -1012.00   -1012.00   -1014.00   -1014.00   -1020.00   -1016.00   -1022.00   
-984.00    -1008.00   -1000.00   -1008.00   -1006.00   -1010.00   -1012.00   -1018.00   -1016.00   -1016.00   
-996.00    -994.00    -1004.00   -1002.00   -1004.00   -1010.00   -1012.00   -1014.00   -1020.00   -1014.00   
-1000.00   -990.00    -1002.00   -1004.00   -1014.00   -1006.00   -1020.00   -1014.00   -1010.00   -1018.00   
-988.00    -1004.00   -1002.00   -1010.00   -1006.00   -1016.00   -1008.00   -1018.00   -1020.00   -1018.00   
-988.00    -1002.00   -1006.00   -1010.00   -1004.00   -1016.00   -1012.00   -1016.00   -1016.00   -1016.00   
-996.00    -996.00    -994.00    -1002.00   -1012.00   -1014.00   -1012.00   -1016.00   -1016.00   -1020.00   
-996.00    -998.00    -994.00    -1008.00   -1008.00   -1006.00   -1014.00   -1018.00   -1018.00   -1016.00   
-994.00    -998.00    -1002.00   -1006.00   -1008.00   -1016.00   -1008.00   -1014.00   -1018.00   -1016.00   
-994.00    -992.00    -1010.00   -998.00    -1010.00   -1016.00   -1012.00   -1016.00   -1012.00   -1020.00   
-998.00    -988.00    -1006.00   -1006.00   -1014.00   -1014.00   -1016.00   -1010.00   -1020.00   -1018.00   
-990.00    -1006.00   -994.00    -1004.00   -1006.00   -1006.00   -1020.00   -1018.00   -1016.00   -1016.00   
-992.00    -996.00    -1006.00   -1002.00   -1006.00   -1014.00   -1014.00   -1010.00   -1014.00   -1016.00   
-992.00    -994.00    -998.00    -1004.00   -1004.00   -1008.00   -1012.00   -1010.00   -1020.00   -1020.00   
-988.00    -1008.00   -1002.00   -1008.00   -1006.00   -1012.00   -1018.00   -1018.00   -1020.00   -1018.00   
-992.00    -994.00    -1004.00   -998.00    -1008.00   -1008.00   -1014.00   -1014.00   -1014.00   -1016.00   
-992.00    -996.00    -1008.00   -1000.00   -1008.00   -1012.00   -1008.00   -1016.00   -1016.00   -1016.00   
-998.00    -996.00    -998.00    -1010.00   -1006.00   -1016.00   -1010.00   -1018.00   -1016.00   -1018.00   
-1000.00   -998.00    -1012.00   -1010.00   -1008.00   -1012.00   -1014.00   -1018.00   -1016.00   -1016.00   
-1004.00   -998.00    -1002.00   -1012.00   -1012.00   -1018.00   -1012.00   -1018.00   -1016.00   -1020.00   
-1004.00   -1000.00   -996.00    -1006.00   -1006.00   -1008.00   -1012.00   -1018.00   -1018.00   -1020.00   
-992.00    -1004.00   -998.00    -1004.00   -1002.00   -1012.00   -1010.00   -1018.00   -1014.00   -1016.00   
-996.00    -998.00    -1006.00   -1004.00   -1014.00   -1004.00   -1020.00   -1014.00   -1016.00   -1018.00   
-1004.00   -1008.00   -996.00    -1004.00   -1010.00   -1014.00   -1012.00   -1012.00   -1020.00   -1014.00   
-990.00    -996.00    -1000.00   -1010.00   -1010.00   -1012.00   -1018.00   -1016.00   -1018.00   -1020.00   
-992.00    -994.00    -998.00    -1000.00   -1010.00   -1010.00   -1012.00   -1016.00   -1020.00   -1020.00   
-990.00    -1008.00   -1008.00   -1008.00   -1004.00   -1016.00   -1018.00   -1010.00   -1018.00   -1020.00   
-986.00    -1000.00   -1004.00   -1008.00   -1004.00   -1014.00   -1014.00   -1012.00   -1020.00   -1016.00   
-982.00    -996.00    -996.00    -1006.00   -1010.00   -1006.00   -1016.00   -1014.00   -1020.00   -1020.00   
-994.00    -990.00    -996.00    -1006.00   -1006.00   -1010.00   -1012.00   -1014.00   -1016.00   -1022.00   
-992.00    -1002.00   -1006.00   -1002.00   -1006.00   -1016.00   -1014.00   -1016.00   -1018.00   -1024.00   
-994.00    -990.00    -998.00    -1012.00   -1006.00   -1012.00   -1010.00   -1014.00   -1016.00   -1022.00   
-990.00    -992.00    -1006.00   -1000.00   -1018.00   -1006.00   -1018.00   -1018.00   -1018.00   -1016.00   
-994.00    -1002.00   -1004.00   -1012.00   -1012.00   -1012.00   -1016.00   -1014.00   -1016.00   -1018.00   
-988.00    -996.00    -996.00    -1004.00   -1008.00   -1014.00   -1016.00   -1020.00   -1020.00   -1018.00   
-1000.00   -988.00    -1000.00   -1004.00   -1002.00   -1010.00   -1016.00   -1018.00   -1018.00   -1018.00   
-974.00    -1008.00   -1004.00   -1012.00   -1006.00   -1010.00   -1016.00   -1014.00   -1020.00   -1022.00   
-992.00    -1012.00   -988.00    -1008.00   -1006.00   -1016.00   -1014.00   -1008.00   -1010.00   -1016.00   
-992.00    -996.00    -992.00    -1004.00   -1008.00   -1010.00   -1020.00   -1016.00   -1016.00   -1018.00   
-996.00    -1004.00   -1010.00   -1008.00   -1006.00   -1012.00   -1012.00   -1010.00   -1020.00   -1020.00   
-994.00    -1008.00   -1008.00   -1018.00   -1006.00   -1010.00   -1010.00   -1012.00   -1018.00   -1018.00   
-986.00    -992.00    -1004.00   -1010.00   -1010.00   -1008.00   -1018.00   -1016.00   -1020.00   -1016.00   
-994.00    -1002.00   -1000.00   -1002.00   -998.00    -1010.00   -1014.00   -1016.00   -1020.00   -1016.00   
-990.00    -1000.00   -1000.00   -1008.00   -1006.00   -1008.00   -1016.00   -1008.00   -1012.00   -1018.00   
-984.00    -992.00    -1010.00   -1006.00   -1008.00   -1006.00   -1010.00   -1012.00   -1016.00   -1014.00   
-998.00    -1002.00   -996.00    -1012.00   -1008.00   -1010.00   -1014.00   -1016.00   -1016.00   -1016.00   
-998.00    -998.00    -1000.00   -1002.00   -1016.00   -1014.00   -1020.00   -1016.00   -1020.00   -1016.00   
-998.00    -1010.00   -998.00    -1008.00   -1010.00   -1008.00   -1010.00   -1014.00   -1018.00   -1018.00   
-984.00    -1000.00   -1006.00   -1002.00   -1004.00   -1010.00   -1012.00   -1014.00   -1022.00   -1020.00   
-990.00    -1002.00   -1002.00   -1000.00   -1006.00   -1008.00   -1014.00   -1016.00   -1016.00   -1018.00   
-992.00    -998.00    -1004.00   -1010.00   -1006.00   -1010.00   -1014.00   -1014.00   -1020.00   -1014.00   
-988.00    -1000.00   -998.00    -1010.00   -1010.00   -1010.00   -1014.00   -1006.00   -1014.00   -1014.00   
-992.00    -994.00    -1002.00   -1008.00   -1006.00   -1008.00   -1012.00   -1016.00   -1018.00   -1018.00   
-1002.00   -1000.00   -1006.00   -1010.00   -1008.00   -1008.00   -1014.00   -1012.00   -1016.00   -1020.00   
-986.00    -988.00    -1006.00   -1018.00   -1012.00   -1018.00   -1014.00   -1012.00   -1016.00   -1018.00   
-986.00    -998.00    -990.00    -1006.00   -1010.00   -1004.00   -1016.00   -1012.00   -1016.00   -1016.00   
-998.00    -996.00    -1004.00   -1006.00   -1016.00   -1014.00   -1014.00   -1014.00   -1018.00   -1020.00   
-998.00    -998.00    -1000.00   -1004.00   -1008.00   -1008.00   -1008.00   -1020.00   -1012.00   -1018.00   
-982.00    -996.00    -1002.00   -1012.00   -1008.00   -1010.00   -1012.00   -1020.00   -1018.00   -1010.00   
-984.00    -994.00    -1008.00   -1012.00   -1000.00   -1018.00   -1014.00   -1016.00   -1016.00   -1014.00   
-994.00    -1004.00   -996.00    -1012.00   -1004.00   -1012.00   -1008.00   -1016.00   -1020.00   -1016.00   
-994.00    -1008.00   -998.00    -1006.00   -1008.00   -1014.00   -1010.00   -1014.00   -1012.00   -1020.00   
-1000.00   -1000.00   -1006.00   -1006.00   -1006.00   -1008.00   -1014.00   -1016.00   -1016.00   -1018.00   
-982.00    -998.00    -1004.00   -998.00    -1006.00   -1020.00   -1014.00   -1014.00   -1018.00   -1016.00   
-990.00    -998.00    -998.00    -1000.00   -1010.00   -1006.00   -1012.00   -1014.00   -1014.00   -1020.00   
-986.00    -1002.00   -1002.00   -1006.00   -1006.00   -1008.00   -1016.00   -1016.00   -1012.00   -1020.00   
-1002.00   -1002.00   -1006.00   -1004.00   -1004.00   -1010.00   -1012.00   -1014.00   -1020.00   -1018.00   
-988.00    -1006.00   -1004.00   -1006.00   -1006.00   -1010.00   -1010.00   -1016.00   -1014.00   -1018.00   
-984.00    -1000.00   -994.00    -1004.00   -1002.00   -1010.00   -1006.00   -1012.00   -1018.00   -1018.00   
-992.00    -994.00    -1006.00   -1002.00   -1010.00   -1010.00   -1010.00   -1016.00   -1014.00   -1016.00   
-990.00    -1006.00   -1006.00   -1010.00   -1010.00   -1008.00   -1014.00   -1018.00   -1018.00   -1020.00   
-1002.00   -1000.00   -998.00    -1000.00   -1008.00   -1010.00   -1008.00   -1020.00   -1018.00   -1020.00   
-1000.00   -988.00    -1010.00   -1006.00   -1002.00   -1010.00   -1016.00   -1018.00   -1018.00   -1016.00   
-980.00    -996.00    -996.00    -1002.00   -1008.00   -1008.00   -1014.00   -1010.00   -1018.00   -1022.00   
-982.00    -992.00    -992.00    -996.00    -1008.00   -1004.00   -1010.00   -1014.00   -1018.00   -1018.00   
-992.00    -996.00    -1004.00   -1000.00   -1018.00   -1004.00   -1018.00   -1020.00   -1020.00   -1014.00   
-1000.00   -1000.00   -998.00    -996.00    -1006.00   -1012.00   -1016.00   -1018.00   -1020.00   -1020.00   
-990.00    -998.00    -1008.00   -1004.00   -1010.00   -1008.00   -1014.00   -1016.00   -1016.00   -1024.00   
-996.00    -1002.00   -996.00    -1006.00   -1004.00   -1014.00   -1012.00   -1008.00   -1012.00   -1014.00   
-1004.00   -1002.00   -1006.00   -1000.00   -1006.00   -1004.00   -1016.00   -1012.00   -1018.00   -1018.00   
-988.00    -996.00    -1008.00   -1008.00   -1006.00   -1014.00   -1012.00   -1020.00   -1014.00   -1016.00   
-1000.00   -1002.00   -1006.00   -1002.00   -1008.00   -1008.00   -1018.00   -1014.00   -1018.00   -1014.00   
-980.00    -1002.00   -1004.00   -1012.00   -1002.00   -1012.00   -1010.00   -1016.00   -1018.00   -1010.00   
-990.00    -1000.00   -996.00    -1010.00   -1014.00   -1012.00   -1016.00   -1008.00   -1016.00   -1016.00   
-994.00    -996.00    -1002.00   -1002.00   -1014.00   -1010.00   -1012.00   -1006.00   -1018.00   -1018.00   
-996.00    -1002.00   -1006.00   -1000.00   -1010.00   -1016.00   -1012.00   -1014.00   -1020.00   -1020.00   
-990.00    -994.00    -1000.00   -1006.00   -1000.00   -1008.00   -1014.00   -1018.00   -1022.00   -1016.00   
-988.00    -998.00    -1002.00   -1004.00   -1012.00   -1006.00   -1012.00   -1014.00   -1008.00   -1022.00   
-990.00    -998.00    -1002.00   -1004.00   -1004.00   -1014.00   -1016.00   -1018.00   -1014.00   -1018.00   
-996.00    -1000.00   -998.00    -1006.00   -1008.00   -1008.00   -1014.00   -1014.00   -1020.00   -1020.00   
-986.00    -996.00    -994.00    -1006.00   -1010.00   -1014.00   -1014.00   -1002.00   -1016.00   -1020.00   
-996.00    -992.00    -998.00    -1004.00   -1008.00   -1012.00   -1010.00   -1010.00   -1016.00   -1016.00   
-1000.00   -998.00    -994.00    -1002.00   -1008.00   -1006.00   -1014.00   -1016.00   -1020.00   -1020.00   
-990.00    -1004.00   -1002.00   -1014.00   -1008.00   -1010.00   -1022.00   -1014.00   -1018.00   -1018.00   
-994.00    -996.00    -1002.00   -1002.00   -1012.00   -1010.00   -1014.00   -1018.00   -1014.00   -1020.00   
-984.00    -994.00    -1002.00   -1006.00   -1010.00   -1016.00   -1014.00   -1016.00   -1014.00   -1020.00   
-996.00    -994.00    -1008.00   -1002.00   -1014.00   -1016.00   -1016.00   -1014.00   -1016.00   -1016.00   
-990.00    -992.00    -1004.00   -1004.00   -1006.00   -1016.00   -1018.00   -1018.00   -1012.00   -1020.00   
-996.00    -990.00    -996.00    -1014.00   -1000.00   -1016.00   -1010.00   -1010.00   -1014.00   -1020.00   
-988.00    -998.00    -1006.00   -1000.00   -1012.00   -1008.00   -1010.00   -1016.00   -1016.00   -1014.00   
-1000.00   -992.00    -1004.00   -996.00    -1008.00   -1014.00   -1014.00   -1020.00   -1018.00   -1018.00   
-996.00    -1000.00   -1006.00   -1002.00   -1008.00   -1008.00   -1016.00   -1012.00   -1016.00   -1018.00   
-976.00    -988.00    -1004.00   -1006.00   -1010.00   -1014.00   -1016.00   -1014.00   -1016.00   -1016.00   
-998.00    -992.00    -1006.00   -994.00    -1002.00   -1016.00   -1010.00   -1014.00   -1018.00   -1018.00   
-990.00    -998.00    -1000.00   -1008.00   -1008.00   -1010.00   -1010.00   -1016.00   -1014.00   -1016.00   
-984.00    -1002.00   -1002.00   -1008.00   -1006.00   -1014.00   -1010.00   -1014.00   -1018.00   -1016.00   
-986.00    -992.00    -1004.00   -1006.00   -1012.00   -1014.00   -1012.00   -1008.00   -1008.00   -1018.00   
-988.00    -1002.00   -1000.00   -1008.00   -1012.00   -1012.00   -1014.00   -1014.00   -1022.00   -1018.00   
-998.00    -998.00    -1004.00   -1002.00   -1014.00   -1012.00   -1012.00   -1018.00   -1016.00   -1018.00   
-1002.00   -992.00    -1000.00   -1006.00   -998.00    -1004.00   -1010.00   -1018.00   -1014.00   -1018.00   
-988.00    -1002.00   -1008.00   -1002.00   -1010.00   -1014.00   -1006.00   -1016.00   -1014.00   -1018.00   
-1004.00   -1002.00   -1004.00   -1008.00   -1006.00   -1012.00   -1010.00   -1014.00   -1014.00   -1020.00   
-990.00    -992.00    -1008.00   -1002.00   -1002.00   -1004.00   -1016.00   -1018.00   -1016.00   -1016.00   
-988.00    -996.00    -1002.00   -1006.00   -1010.00   -1010.00   -1018.00   -1018.00   -1014.00   -1022.00   
-986.00    -996.00    -994.00    -1004.00   -1006.00   -1018.00   -1014.00   -1012.00   -1018.00   -1020.00   
-1000.00   -996.00    -1000.00   -1012.00   -1006.00   -1018.00   -1014.00   -1014.00   -1018.00   -1014.00   
-988.00    -1000.00   -1004.00   -1006.00   -1006.00   -1010.00   -1014.00   -1014.00   -1012.00   -1020.00   
-994.00    -996.00    -1002.00   -1010.00   -1010.00   -1012.00   -1012.00   -1010.00   -1024.00   -1016.00   
-992.00    -1004.00   -1002.00   -1012.00   -1004.00   -1010.00   -1016.00   -1010.00   -1018.00   -1018.00   
-980.00    -998.00    -1006.00   -1000.00   -1002.00   -1010.00   -1008.00   -1016.00   -1020.00   -1018.00   
-1000.00   -998.00    -1002.00   -1006.00   -1016.00   -1014.00   -1014.00   -1014.00   -1016.00   -1020.00   
-992.00    -996.00    -994.00    -1006.00   -1018.00   -1014.00   -1014.00   -1014.00   -1016.00   -1024.00   
-992.00    -1004.00   -1008.00   -992.00    -1010.00   -1002.00   -1018.00   -1016.00   -1018.00   -1018.00   
-992.00    -1004.00   -1002.00   -1010.00   -1008.00   -1010.00   -1012.00   -1012.00   -1016.00   -1014.00   
-992.00    -994.00    -1004.00   -1000.00   -1002.00   -1020.00   -1014.00   -1018.00   -1012.00   -1018.00   
-982.00    -1002.00   -1000.00   -1014.00   -1016.00   -1008.00   -1014.00   -1016.00   -1018.00   -1014.00   
-998.00    -1006.00   -1006.00   -1002.00   -1000.00   -1012.00   -1018.00   -1022.00   -1014.00   -1018.00   
-1000.00   -990.00    -998.00    -1006.00   -1012.00   -1006.00   -1020.00   -1018.00   -1018.00   -1018.00   
-994.00    -1004.00   -996.00    -998.00    -1008.00   -1010.00   -1020.00   -1016.00   -1016.00   -1020.00   
-994.00    -988.00    -998.00    -1008.00   -998.00    -1012.00   -1010.00   -1012.00   -1016.00   -1018.00   
-988.00    -986.00    -1010.00   -1008.00   -1008.00   -1014.00   -1010.00   -1020.00   -1018.00   -1020.00   
-992.00    -996.00    -1000.00   -1010.00   -1012.00   -1012.00   -1014.00   -1016.00   -1016.00   -1016.00   
-986.00    -992.00    -1002.00   -1008.00   -1012.00   -1012.00   -1018.00   -1014.00   -1016.00   -1016.00   
-998.00    -996.00    -996.00    -1008.00   -1006.00   -1012.00   -1010.00   -1018.00   -1016.00   -1018.00   
-998.00    -992.00    -996.00    -1004.00   -1008.00   -1010.00   -1014.00   -1018.00   -1010.00   -1018.00   
-982.00    -998.00    -1010.00   -1006.00   -1006.00   -1016.00   -1012.00   -1014.00   -1012.00   -1022.00   
-994.00    -986.00    -1000.00   -1010.00   -1014.00   -1010.00   -1012.00   -1018.00   -1020.00   -1022.00   
-992.00    -994.00    -1004.00   -1006.00   -1004.00   -1014.00   -1010.00   -1014.00   -1020.00   -1020.00   
-990.00    -992.00    -994.00    -1000.00   -1010.00   -1016.00   -1016.00   -1014.00   -1020.00   -1018.00   
-998.00    -994.00    -1008.00   -1008.00   -1012.00   -1010.00   -1016.00   -1014.00   -1014.00   -1016.00   
-996.00    -996.00    -992.00    -1004.00   -1012.00   -1014.00   -1008.00   -1016.00   -1022.00   -1018.00   
-998.00    -1002.00   -998.00    -1008.00   -1006.00   -1012.00   -1014.00   -1016.00   -1016.00   -1022.00   
-988.00    -992.00    -992.00    -1004.00   -1012.00   -1012.00   -1014.00   -1016.00   -1010.00   -1020.00   
-990.00    -1004.00   -1006.00   -1004.00   -1014.00   -1014.00   -1020.00   -1016.00   -1014.00   -1016.00   
-1002.00   -998.00    -994.00    -1008.00   -1010.00   -1014.00   -1008.00   -1016.00   -1020.00   -1016.00   
-990.00    -990.00    -998.00    -1004.00   -1010.00   -1010.00   -1012.00   -1018.00   -1016.00   -1018.00   
-998.00    -1000.00   -1002.00   -992.00    -1008.00   -1010.00   -1016.00   -1014.00   -1018.00   -1014.00   
-984.00    -1006.00   -998.00    -1000.00   -1008.00   -1012.00   -1012.00   -1022.00   -1016.00   -1014.00   
-990.00    -998.00    -1002.00   -1000.00   -1008.00   -1010.00   -1012.00   -1014.00   -1014.00   -1018.00   
-988.00    -986.00    -998.00    -1010.00   -1012.00   -998.00    -1016.00   -1020.00   -1016.00   -1018.00   
-992.00    -1000.00   -1002.00   -1008.00   -1010.00   -1008.00   -1010.00   -1018.00   -1016.00   -1020.00   
-994.00    -1002.00   -1004.00   -1012.00   -1006.00   -1010.00   -1016.00   -1018.00   -1018.00   -1020.00   
-988.00    -996.00    -1010.00   -998.00    -1008.00   -1014.00   -1006.00   -1014.00   -1018.00   -1020.00   
-986.00    -998.00    -1000.00   -1008.00   -1014.00   -1010.00   -1018.00   -1010.00   -1018.00   -1020.00   
-1002.00   -996.00    -1002.00   -1016.00   -1006.00   -1014.00   -1016.00   -1016.00   -1016.00   -1020.00   
-1004.00   -996.00    -1006.00   -1008.00   -1006.00   -1012.00   -1014.00   -1020.00   -1020.00   -1018.00   
-996.00    -986.00    -998.00    -1018.00   -1008.00   -1008.00   -1014.00   -1014.00   -1016.00   -1014.00   
-998.00    -1000.00   -1008.00   -1006.00   -1006.00   -1016.00   -1012.00   -1014.00   -1014.00   -1016.00   
-984.00    -990.00    -1004.00   -1006.00   -1006.00   -1004.00   -1018.00   -1014.00   -1016.00   -1016.00   
-992.00    -1000.00   -1002.00   -1010.00   -1002.00   -1008.00   -1008.00   -1014.00   -1014.00   -1020.00   
-994.00    -996.00    -998.00    -998.00    -1008.00   -1012.00   -1016.00   -1018.00   -1016.00   -1016.00   
-982.00    -990.00    -1006.00   -1002.00   -1006.00   -1010.00   -1016.00   -1014.00   -1020.00   -1020.00   
-994.00    -998.00    -1002.00   -1010.00   -1010.00   -1012.00   -1010.00   -1012.00   -1016.00   -1016.00   
-994.00    -1002.00   -994.00    -1010.00   -1008.00   -1012.00   -1014.00   -1014.00   -1016.00   -1020.00   
-990.00    -1002.00   -1002.00   -1000.00   -1004.00   -1010.00   -1008.00   -1014.00   -1016.00   -1022.00   
-990.00    -1004.00   -998.00    -1004.00   -1002.00   -1008.00   -1016.00   -1014.00   -1016.00   -1020.00   
-994.00    -1002.00   -1004.00   -1000.00   -1006.00   -1012.00   -1016.00   -1010.00   -1020.00   -1016.00   
-1002.00   -1006.00   -996.00    -1010.00   -1014.00   -1014.00   -1012.00   -1018.00   -1012.00   -1020.00   
-996.00    -1000.00   -1000.00   -1012.00   -1010.00   -1008.00   -1016.00   -1022.00   -1020.00   -1020.00   
-994.00    -1004.00   -1012.00   -1004.00   -1004.00   -1014.00   -1018.00   -1022.00   -1016.00   -1010.00   
-994.00    -998.00    -1006.00   -1004.00   -1012.00   -1014.00   -1016.00   -1018.00   -1012.00   -1020.00   
-996.00    -1006.00   -1000.00   -1000.00   -1014.00   -1012.00   -1014.00   -1008.00   -1020.00   -1018.00   
-990.00    -1002.00   -998.00    -1004.00   -1010.00   -1012.00   -1010.00   -1016.00   -1018.00   -1018.00   
-998.00    -998.00    -1002.00   -1012.00   -1012.00   -1012.00   -1016.00   -1014.00   -1018.00   -1020.00   
-992.00    -994.00    -1006.00   -1006.00   -1008.00   -1008.00   -1012.00   -1014.00   -1018.00   -1022.00   
-990.00    -996.00    -1004.00   -1000.00   -1006.00   -1014.00   -1016.00   -1016.00   -1016.00   -1018.00   
-994.00    -1000.00   -1000.00   -1010.00   -1012.00   -1008.00   -1012.00   -1016.00   -1012.00   -1020.00   
-996.00    -994.00    -1006.00   -1002.00   -1000.00   -1012.00   -1014.00   -1010.00   -1020.00   -1018.00   
-988.00    -1000.00   -1000.00   -1006.00   -1010.00   -1010.00   -1012.00   -1014.00   -1014.00   -1022.00   
-982.00    -1002.00   -1006.00   -1004.00   -1012.00   -1012.00   -1016.00   -1014.00   -1018.00   -1012.00   
-986.00    -994.00    -1000.00   -1002.00   -1006.00   -1018.00   -1014.00   -1016.00   -1016.00   -1020.00   
-994.00    -992.00    -1008.00   -1008.00   -1008.00   -1008.00   -1010.00   -1016.00   -1016.00   -1018.00   
-990.00    -1000.00   -1006.00   -1004.00   -1008.00   -1010.00   -1012.00   -1020.00   -1020.00   -1020.00   
-990.00    -1000.00   -998.00    -1000.00   -1006.00   -1014.00   -1016.00   -1012.00   -1014.00   -1016.00   
-994.00    -996.00    -1004.00   -1016.00   -1008.00   -1010.00   -1014.00   -1014.00   -1020.00   -1020.00   
-996.00    -998.00    -1008.00   -1002.00   -1004.00   -1010.00   -1016.00   -1014.00   -1016.00   -1018.00   
-996.00    -1004.00   -996.00    -1002.00   -1004.00   -1008.00   -1014.00   -1016.00   -1018.00   -1022.00   
-992.00    -992.00    -1008.00   -1002.00   -1006.00   -1006.00   -1010.00   -1008.00   -1012.00   -1018.00   
-998.00    -1000.00   -1006.00   -1006.00   -1010.00   -1016.00   -1010.00   -1010.00   -1020.00   -1020.00   
-1000.00   -1010.00   -1004.00   -1006.00   -1016.00   -1010.00   -1014.00   -1016.00   -1016.00   -1016.00   
-998.00    -996.00    -998.00    -1010.00   -1008.00   -1012.00   -1012.00   -1016.00   -1020.00   -1020.00   
-992.00    -992.00    -1000.00   -996.00    -1014.00   -1012.00   -1018.00   -1012.00   -1020.00   -1020.00   
-994.00    -998.00    -1004.00   -1006.00   -1006.00   -1012.00   -1018.00   -1014.00   -1018.00   -1020.00   
-1002.00   -998.00    -1010.00   -1012.00   -1006.00   -1012.00   -1010.00   -1018.00   -1014.00   -1010.00   
-996.00    -1000.00   -998.00    -1006.00   -1004.00   -1016.00   -1010.00   -1012.00   -1016.00   -1020.00   
-996.00    -998.00    -994.00    -1014.00   -1010.00   -1004.00   -1014.00   -1014.00   -1018.00   -1020.00   
-994.00    -998.00    -992.00    -1012.00   -1010.00   -1014.00   -1018.00   -1018.00   -1014.00   -1014.00   
-994.00    -998.00    -994.00    -1006.00   -1008.00   -1006.00   -1018.00   -1018.00   -1020.00   -1018.00   
-994.00    -1004.00   -996.00    -1004.00   -1008.00   -1016.00   -1014.00   -1012.00   -1018.00   -1018.00   
-996.00    -994.00    -1002.00   -998.00    -1002.00   -1008.00   -1018.00   -1022.00   -1014.00   -1012.00   
-994.00    -994.00    -998.00    -998.00    -1002.00   -1008.00   -1010.00   -1014.00   -1016.00   -1018.00   
-996.00    -994.00    -1004.00   -1000.00   -1014.00   -1006.00   -1006.00   -1014.00   -1014.00   -1014.00   
-994.00    -1008.00   -1004.00   -1006.00   -1012.00   -1000.00   -1008.00   -1014.00   -1016.00   -1018.00   
-990.00    -1000.00   -1006.00   -1008.00   -1008.00   -1018.00   -1006.00   -1016.00   -1020.00   -1018.00   
-994.00    -990.00    -996.00    -1000.00   -1008.00   -1012.00   -1012.00   -1012.00   -1018.00   -1018.00   
-996.00    -988.00    -1008.00   -1012.00   -1008.00   -1010.00   -1012.00   -1016.00   -1014.00   -1020.00   
-994.00    -988.00    -1002.00   -998.00    -1002.00   -1014.00   -1012.00   -1014.00   -1014.00   -1016.00   
-990.00    -998.00    -1004.00   -1000.00   -1004.00   -1012.00   -1012.00   -1020.00   -1018.00   -1016.00   
-990.00    -998.00    -1000.00   -1004.00   -1010.00   -1000.00   -1014.00   -1010.00   -1016.00   -1020.00   
-996.00    -994.00    -1006.00   -1006.00   -1002.00   -1012.00   -1016.00   -1014.00   -1014.00   -1020.00   
-986.00    -1008.00   -998.00    -1008.00   -1010.00   -1006.00   -1018.00   -1016.00   -1020.00   -1020.00   
-998.00    -996.00    -1002.00   -1006.00   -1000.00   -1010.00   -1014.00   -1008.00   -1014.00   -1018.00   
-990.00    -1008.00   -1002.00   -1012.00   -1008.00   -1010.00   -1006.00   -1018.00   -1014.00   -1014.00   
-992.00    -994.00    -1002.00   -1006.00   -1012.00   -1008.00   -1020.00   -1010.00   -1016.00   -1020.00   
-998.00    -992.00    -1008.00   -1008.00   -1012.00   -1012.00   -1018.00   -1014.00   -1016.00   -1018.00   
-998.00    -994.00    -1000.00   -1014.00   -1008.00   -1016.00   -1008.00   -1010.00   -1020.00   -1020.00   
-990.00    -998.00    -1002.00   -1002.00   -1006.00   -1010.00   -1016.00   -1018.00   -1020.00   -1022.00   
-990.00    -1006.00   -1000.00   -1006.00   -1006.00   -1016.00   -1012.00   -1014.00   -1018.00   -1016.00   
-998.00    -1000.00   -996.00    -1002.00   -1010.00   -1010.00   -1012.00   -1014.00   -1020.00   -1018.00   
-998.00    -988.00    -998.00    -1002.00   -1008.00   -1012.00   -1016.00   -1014.00   -1018.00   -1018.00   
-990.00    -994.00    -998.00    -1008.00   -1006.00   -1012.00   -1016.00   -1020.00   -1014.00   -1012.00   
-996.00    -1000.00   -1006.00   -1012.00   -1006.00   -1002.00   -1006.00   -1022.00   -1018.00   -1018.00   
-1002.00   -984.00    -1000.00   -1002.00   -1012.00   -1010.00   -1014.00   -1018.00   -1016.00   -1016.00   
-990.00    -1000.00   -1000.00   -1010.00   -1006.00   -1008.00   -1016.00   -1016.00   -1012.00   -1020.00   
-990.00    -994.00    -1004.00   -1002.00   -1012.00   -1010.00   -1016.00   -1020.00   -1020.00   -1020.00   
-1006.00   -998.00    -1000.00   -1002.00   -1004.00   -1014.00   -1016.00   -1016.00   -1018.00   -1018.00   
-988.00    -998.00    -1006.00   -1006.00   -1012.00   -1018.00   -1020.00   -1014.00   -1012.00   -1020.00   
-990.00    -994.00    -1006.00   -1002.00   -1008.00   -1014.00   -1010.00   -1016.00   -1018.00   -1016.00   
-990.00    -988.00    -998.00    -1006.00   -1012.00   -1006.00   -1010.00   -1018.00   -1024.00   -1020.00   
-980.00    -1000.00   -1002.00   -1006.00   -1008.00   -1012.00   -1010.00   -1010.00   -1016.00   -1020.00   
-990.00    -998.00    -1004.00   -1002.00   -1002.00   -1012.00   -1012.00   -1014.00   -1018.00   -1020.00   
-994.00    -990.00    -998.00    -1004.00   -1012.00   -1014.00   -1012.00   -1012.00   -1012.00   -1020.00   
-992.00    -998.00    -1000.00   -1004.00   -1010.00   -1008.00   -1014.00   -1020.00   -1022.00   -1020.00   
-990.00    -988.00    -1002.00   -1000.00   -1008.00   -1012.00   -1010.00   -1008.00   -1014.00   -1020.00   
-990.00    -994.00    -1000.00   -1010.00   -1006.00   -1010.00   -1016.00   -1012.00   -1012.00   -1020.00   
-990.00    -1006.00   -1006.00   -1004.00   -1008.00   -1016.00   -1018.00   -1020.00   -1020.00   -1020.00   
-994.00    -992.00    -1008.00   -1000.00   -1006.00   -1012.00   -1014.00   -1014.00   -1022.00   -1020.00   
-984.00    -998.00    -1000.00   -1010.00   -998.00    -1014.00   -1008.00   -1016.00   -1020.00   -1018.00   
-988.00    -1002.00   -1004.00   -1012.00   -1006.00   -1012.00   -1016.00   -1012.00   -1012.00   -1018.00   
-990.00    -998.00    -998.00    -1012.00   -1010.00   -1008.00   -1020.00   -1012.00   -1020.00   -1020.00   
-984.00    -1000.00   -1008.00   -1014.00   -1016.00   -1014.00   -1018.00   -1016.00   -1020.00   -1016.00   
-990.00    -998.00    -1000.00   -1008.00   -1004.00   -1008.00   -1016.00   -1012.00   -1014.00   -1016.00   
-988.00    -996.00    -992.00    -1004.00   -1012.00   -1012.00   -1016.00   -1016.00   -1022.00   -1018.00   
-982.00    -1004.00   -1002.00   -1000.00   -1010.00   -1012.00   -1012.00   -1008.00   -1018.00   -1016.00   
-980.00    -1000.00   -1004.00   -1012.00   -1010.00   -1010.00   -1010.00   -1012.00   -1014.00   -1020.00   
-998.00    -1000.00   -1000.00   -1006.00   -1008.00   -1014.00   -1012.00   -1012.00   -1016.00   -1020.00   
-994.00    -1000.00   -996.00    -1006.00   -1014.00   -1008.00   -1010.00   -1014.00   -1010.00   -1018.00   
-990.00    -994.00    -1004.00   -1012.00   -1012.00   -1010.00   -1014.00   -1014.00   -1018.00   -1020.00   
-996.00    -1004.00   -1004.00   -1008.00   -1012.00   -1014.00   -1016.00   -1016.00   -1018.00   -1018.00   
-990.00    -998.00    -1002.00   -1006.00   -1006.00   -1016.00   -1014.00   -1012.00   -1014.00   -1012.00   
-992.00    -1004.00   -1002.00   -1002.00   -1012.00   -1012.00   -1018.00   -1008.00   -1016.00   -1016.00   
-992.00    -1004.00   -1002.00   -1004.00   -998.00    -1018.00   -1014.00   -1016.00   -1020.00   -1022.00   
-982.00    -1000.00   -1000.00   -1006.00   -1010.00   -1016.00   -1018.00   -1020.00   -1018.00   -1020.00   
-998.00    -1000.00   -994.00    -1012.00   -1006.00   -1002.00   -1002.00   -1014.00   -1020.00   -1016.00   
-994.00    -1000.00   -1010.00   -1008.00   -1006.00   -1008.00   -1016.00   -1008.00   -1010.00   -1020.00   
-986.00    -996.00    -1006.00   -1006.00   -1008.00   -1020.00   -1014.00   -1018.00   -1018.00   -1012.00   
-998.00    -996.00    -1010.00   -1006.00   -1010.00   -1010.00   -1012.00   -1014.00   -1016.00   -1022.00   
-992.00    -1002.00   -994.00    -1006.00   -1012.00   -1012.00   -1014.00   -1016.00   -1014.00   -1020.00   
-990.00    -998.00    -1002.00   -1004.00   -1010.00   -1006.00   -1014.00   -1016.00   -1018.00   -1018.00   
-1002.00   -1000.00   -1002.00   -996.00    -1010.00   -1012.00   -1012.00   -1014.00   -1020.00   -1014.00   
-994.00    -996.00    -1006.00   -1006.00   -1010.00   -1004.00   -1010.00   -1016.00   -1016.00   -1018.00   
-1006.00   -1008.00   -1004.00   -1010.00   -1002.00   -1016.00   -1014.00   -1014.00   -1020.00   -1020.00   
-990.00    -1004.00   -1004.00   -1002.00   -1008.00   -1010.00   -1018.00   -1016.00   -1018.00   -1020.00   
-994.00    -992.00    -1000.00   -1004.00   -1002.00   -1014.00   -1006.00   -1016.00   -1024.00   -1018.00   
-994.00    -990.00    -1002.00   -1010.00   -1010.00   -1014.00   -1010.00   -1012.00   -1016.00   -1018.00   
-990.00    -992.00    -1004.00   -1008.00   -1014.00   -1008.00   -1014.00   -1016.00   -1018.00   -1022.00   
-994.00    -998.00    -1000.00   -1010.00   -1010.00   -1018.00   -1012.00   -1016.00   -1016.00   -1018.00   
-994.00    -992.00    -1000.00   -1012.00   -1008.00   -1016.00   -1010.00   -1016.00   -1018.00   -1018.00   
-988.00    -996.00    -1000.00   -1002.00   -1010.00   -1012.00   -1010.00   -1010.00   -1014.00   -1016.00   
-992.00    -996.00    -1004.00   -1012.00   -1014.00   -1008.00   -1010.00   -1010.00   -1018.00   -1020.00   
-988.00    -998.00    -994.00    -1018.00   -1006.00   -1010.00   -1014.00   -1014.00   -1014.00   -1018.00   
-990.00    -1004.00   -1004.00   -1014.00   -1010.00   -1012.00   -1016.00   -1018.00   -1016.00   -1018.00   
-990.00    -990.00    -1008.00   -1004.00   -1012.00   -1010.00   -1016.00   -1016.00   -1016.00   -1020.00   
-1002.00   -1002.00   -1000.00   -1008.00   -1010.00   -1016.00   -1012.00   -1014.00   -1016.00   -1016.00   
-984.00    -994.00    -998.00    -1000.00   -1010.00   -1014.00   -1018.00   -1016.00   -1020.00   -1020.00   
-988.00    -992.00    -990.00    -1002.00   -1010.00   -1010.00   -1008.00   -1018.00   -1018.00   -1020.00   
-992.00    -992.00    -1002.00   -1004.00   -1004.00   -1014.00   -1016.00   -1016.00   -1014.00   -1016.00   
-996.00    -998.00    -998.00    -1012.00   -1010.00   -1006.00   -1014.00   -1016.00   -1018.00   -1016.00   
