-40.00   22.00    82.00    44.00    -18.00   -4.00    2.00     22.00    44.00    14.00    
48.00    56.00    32.00    38.00    -20.00   -6.00    -18.00   26.00    24.00    6.00     
0.00     -26.00   12.00    14.00    10.00    -52.00   8.00     -74.00   -10.00   12.00    
4.00     -18.00   -56.00   84.00    -34.00   16.00    -36.00   -22.00   26.00    -10.00   
-50.00   40.00    -16.00   24.00    14.00    6.00     -54.00   22.00    -12.00   -54.00   
12.00    -28.00   4.00     -14.00   -42.00   26.00    -28.00   12.00    38.00    6.00     
-32.00   20.00    34.00    -18.00   16.00    36.00    -70.00   56.00    -22.00   -14.00   
52.00    -28.00   68.00    -62.00   78.00    -40.00   48.00    -2.00    -26.00   -4.00    
-42.00   -8.00    12.00    -38.00   -58.00   22.00    -34.00   18.00    24.00    -2.00    
0.00     16.00    80.00    58.00    14.00    68.00    2.00     -46.00   -44.00   18.00    
