-296.00    -294.00    -296.00    -296.00    -296.00    -296.00    -296.00    -296.00    -296.00    -296.00    
-296.00    -294.00    -296.00    -296.00    -296.00    -296.00    -296.00    -296.00    -296.00    -296.00    
-294.00    -296.00    -296.00    -296.00    -296.00    -296.00    -296.00    -296.00    -296.00    -296.00    
-294.00    -296.00    -294.00    -296.00    -296.00    -296.00    -296.00    -296.00    -296.00    -294.00    
-294.00    -294.00    -296.00    -296.00    -296.00    -296.00    -296.00    -296.00    -296.00    -296.00    
-296.00    -296.00    -296.00    -294.00    -296.00    -296.00    -296.00    -296.00    -296.00    -296.00    
-296.00    -294.00    -296.00    -294.00    -296.00    -296.00    -296.00    -296.00    -296.00    -296.00    
-294.00    -294.00    -296.00    -296.00    -296.00    -296.00    -296.00    -296.00    -296.00    -296.00    
-296.00    -296.00    -292.00    -296.00    -296.00    -296.00    -296.00    -296.00    -296.00    -296.00    
-294.00    -294.00    -294.00    -296.00    -296.00    -296.00    -296.00    -296.00    -296.00    -296.00    
-296.00    -296.00    -296.00    -296.00    -296.00    -296.00    -296.00    -296.00    -296.00    -296.00    
-296.00    -296.00    -294.00    -296.00    -296.00    -296.00    -296.00    -296.00    -296.00    -296.00    
-292.00    -296.00    -296.00    -296.00    -296.00    -296.00    -296.00    -296.00    -296.00    -296.00    
-294.00    -296.00    -296.00    -296.00    -296.00    -296.00    -296.00    -296.00    -296.00    -296.00    
-296.00    -296.00    -294.00    -296.00    -296.00    -294.00    -296.00    -296.00    -296.00    -296.00    
-296.00    -296.00    -296.00    -296.00    -296.00    -296.00    -296.00    -296.00    -296.00    -296.00    
-294.00    -296.00    -296.00    -296.00    -296.00    -296.00    -296.00    -296.00    -296.00    -296.00    
-296.00    -296.00    -296.00    -296.00    -296.00    -296.00    -296.00    -296.00    -296.00    -296.00    
-296.00    -294.00    -292.00    -296.00    -296.00    -296.00    -296.00    -296.00    -296.00    -296.00    
-296.00    -296.00    -294.00    -296.00    -296.00    -296.00    -296.00    -296.00    -296.00    -296.00    
-296.00    -296.00    -296.00    -296.00    -294.00    -296.00    -296.00    -296.00    -296.00    -296.00    
-294.00    -296.00    -296.00    -294.00    -296.00    -296.00    -296.00    -296.00    -296.00    -296.00    
-294.00    -296.00    -294.00    -296.00    -296.00    -296.00    -296.00    -296.00    -296.00    -296.00    
-294.00    -294.00    -294.00    -296.00    -296.00    -296.00    -296.00    -296.00    -296.00    -296.00    
-296.00    -290.00    -296.00    -294.00    -296.00    -296.00    -296.00    -296.00    -296.00    -296.00    
-294.00    -296.00    -294.00    -296.00    -296.00    -296.00    -296.00    -296.00    -296.00    -296.00    
-296.00    -294.00    -296.00    -296.00    -296.00    -294.00    -296.00    -296.00    -296.00    -296.00    
-296.00    -296.00    -296.00    -296.00    -296.00    -296.00    -296.00    -296.00    -296.00    -296.00    
-296.00    -296.00    -296.00    -296.00    -296.00    -296.00    -296.00    -296.00    -296.00    -296.00    
-296.00    -296.00    -296.00    -296.00    -294.00    -296.00    -296.00    -296.00    -294.00    -296.00    
-296.00    -296.00    -296.00    -294.00    -296.00    -296.00    -296.00    -296.00    -296.00    -296.00    
-296.00    -296.00    -294.00    -296.00    -296.00    -296.00    -296.00    -294.00    -296.00    -296.00    
-296.00    -296.00    -294.00    -296.00    -296.00    -296.00    -296.00    -296.00    -296.00    -296.00    
-296.00    -296.00    -296.00    -296.00    -296.00    -296.00    -296.00    -296.00    -296.00    -296.00    
-294.00    -296.00    -296.00    -296.00    -296.00    -296.00    -296.00    -296.00    -296.00    -296.00    
-292.00    -296.00    -294.00    -292.00    -296.00    -296.00    -296.00    -296.00    -296.00    -296.00    
-296.00    -294.00    -294.00    -294.00    -296.00    -296.00    -296.00    -296.00    -296.00    -296.00    
-296.00    -294.00    -296.00    -294.00    -296.00    -296.00    -296.00    -296.00    -296.00    -296.00    
-294.00    -292.00    -296.00    -296.00    -296.00    -296.00    -296.00    -296.00    -296.00    -296.00    
-294.00    -290.00    -296.00    -296.00    -296.00    -296.00    -296.00    -296.00    -296.00    -296.00    
-294.00    -294.00    -296.00    -294.00    -296.00    -296.00    -296.00    -296.00    -296.00    -296.00    
-296.00    -294.00    -296.00    -296.00    -296.00    -296.00    -296.00    -296.00    -296.00    -296.00    
-290.00    -294.00    -296.00    -296.00    -296.00    -296.00    -296.00    -296.00    -296.00    -296.00    
-292.00    -294.00    -296.00    -296.00    -296.00    -296.00    -294.00    -296.00    -296.00    -296.00    
-294.00    -296.00    -296.00    -296.00    -296.00    -296.00    -296.00    -296.00    -296.00    -296.00    
-296.00    -296.00    -296.00    -296.00    -296.00    -296.00    -296.00    -296.00    -296.00    -296.00    
-294.00    -296.00    -296.00    -296.00    -296.00    -296.00    -296.00    -296.00    -296.00    -296.00    
-296.00    -296.00    -296.00    -296.00    -296.00    -296.00    -296.00    -296.00    -296.00    -296.00    
-294.00    -294.00    -296.00    -296.00    -296.00    -296.00    -294.00    -296.00    -296.00    -296.00    
-296.00    -292.00    -296.00    -296.00    -296.00    -296.00    -294.00    -296.00    -296.00    -296.00    
-294.00    -296.00    -294.00    -296.00    -296.00    -296.00    -296.00    -296.00    -296.00    -296.00    
-296.00    -296.00    -296.00    -296.00    -296.00    -296.00    -296.00    -296.00    -296.00    -296.00    
-296.00    -292.00    -296.00    -296.00    -296.00    -296.00    -296.00    -296.00    -296.00    -296.00    
-294.00    -294.00    -294.00    -296.00    -296.00    -296.00    -296.00    -296.00    -296.00    -296.00    
-294.00    -296.00    -296.00    -296.00    -294.00    -296.00    -296.00    -296.00    -296.00    -296.00    
-296.00    -296.00    -296.00    -294.00    -296.00    -296.00    -294.00    -296.00    -296.00    -296.00    
-294.00    -294.00    -296.00    -296.00    -296.00    -296.00    -294.00    -296.00    -296.00    -296.00    
-294.00    -296.00    -296.00    -296.00    -296.00    -296.00    -296.00    -296.00    -296.00    -296.00    
-296.00    -294.00    -296.00    -292.00    -296.00    -296.00    -296.00    -296.00    -296.00    -296.00    
-296.00    -294.00    -292.00    -296.00    -296.00    -296.00    -296.00    -296.00    -296.00    -296.00    
-296.00    -296.00    -296.00    -296.00    -296.00    -296.00    -296.00    -296.00    -296.00    -296.00    
-294.00    -292.00    -296.00    -296.00    -296.00    -296.00    -296.00    -296.00    -296.00    -296.00    
-296.00    -294.00    -296.00    -296.00    -296.00    -294.00    -296.00    -296.00    -294.00    -296.00    
-296.00    -292.00    -296.00    -296.00    -296.00    -296.00    -296.00    -296.00    -296.00    -296.00    
-292.00    -290.00    -294.00    -296.00    -296.00    -296.00    -296.00    -296.00    -296.00    -296.00    
-296.00    -296.00    -294.00    -296.00    -296.00    -296.00    -296.00    -296.00    -296.00    -296.00    
-294.00    -296.00    -296.00    -296.00    -296.00    -296.00    -296.00    -296.00    -296.00    -296.00    
-296.00    -296.00    -296.00    -296.00    -296.00    -296.00    -296.00    -296.00    -296.00    -296.00    
-296.00    -296.00    -296.00    -294.00    -296.00    -296.00    -296.00    -296.00    -296.00    -296.00    
-294.00    -296.00    -296.00    -296.00    -296.00    -296.00    -296.00    -296.00    -296.00    -296.00    
-296.00    -296.00    -296.00    -294.00    -296.00    -296.00    -296.00    -296.00    -296.00    -296.00    
-296.00    -294.00    -294.00    -294.00    -296.00    -296.00    -296.00    -296.00    -296.00    -296.00    
-294.00    -296.00    -296.00    -296.00    -296.00    -296.00    -296.00    -296.00    -296.00    -296.00    
-294.00    -292.00    -296.00    -296.00    -296.00    -296.00    -294.00    -296.00    -296.00    -296.00    
-296.00    -296.00    -296.00    -296.00    -296.00    -296.00    -296.00    -296.00    -296.00    -296.00    
-294.00    -296.00    -296.00    -296.00    -296.00    -296.00    -296.00    -296.00    -296.00    -294.00    
-292.00    -296.00    -296.00    -296.00    -296.00    -296.00    -296.00    -296.00    -296.00    -296.00    
-296.00    -294.00    -296.00    -296.00    -294.00    -296.00    -296.00    -296.00    -296.00    -296.00    
-296.00    -292.00    -296.00    -296.00    -296.00    -296.00    -296.00    -296.00    -296.00    -296.00    
-296.00    -296.00    -296.00    -296.00    -296.00    -296.00    -296.00    -296.00    -296.00    -296.00    
-296.00    -296.00    -296.00    -296.00    -296.00    -296.00    -296.00    -296.00    -296.00    -296.00    
-296.00    -296.00    -294.00    -296.00    -296.00    -296.00    -296.00    -296.00    -296.00    -296.00    
-294.00    -296.00    -296.00    -296.00    -296.00    -296.00    -296.00    -296.00    -296.00    -296.00    
-296.00    -296.00    -296.00    -296.00    -296.00    -296.00    -296.00    -296.00    -294.00    -296.00    
-296.00    -296.00    -296.00    -294.00    -296.00    -296.00    -296.00    -296.00    -296.00    -296.00    
-292.00    -294.00    -294.00    -296.00    -296.00    -296.00    -296.00    -296.00    -296.00    -296.00    
-290.00    -296.00    -296.00    -296.00    -296.00    -296.00    -296.00    -296.00    -296.00    -296.00    
-296.00    -296.00    -296.00    -294.00    -296.00    -296.00    -296.00    -296.00    -296.00    -296.00    
-296.00    -296.00    -294.00    -296.00    -296.00    -296.00    -296.00    -296.00    -296.00    -296.00    
-296.00    -296.00    -294.00    -296.00    -296.00    -296.00    -296.00    -296.00    -294.00    -296.00    
-294.00    -296.00    -294.00    -296.00    -296.00    -296.00    -296.00    -296.00    -296.00    -296.00    
-292.00    -294.00    -296.00    -296.00    -296.00    -296.00    -294.00    -296.00    -296.00    -296.00    
-296.00    -296.00    -296.00    -296.00    -296.00    -296.00    -296.00    -296.00    -296.00    -296.00    
-294.00    -296.00    -294.00    -296.00    -296.00    -296.00    -296.00    -296.00    -296.00    -296.00    
-296.00    -296.00    -296.00    -296.00    -296.00    -296.00    -296.00    -296.00    -296.00    -296.00    
-292.00    -296.00    -296.00    -294.00    -296.00    -296.00    -296.00    -296.00    -296.00    -296.00    
-294.00    -296.00    -296.00    -296.00    -296.00    -296.00    -296.00    -296.00    -296.00    -296.00    
-292.00    -294.00    -296.00    -296.00    -296.00    -296.00    -294.00    -296.00    -296.00    -296.00    
-296.00    -296.00    -296.00    -296.00    -296.00    -296.00    -296.00    -296.00    -296.00    -296.00    
-294.00    -296.00    -296.00    -296.00    -296.00    -296.00    -296.00    -296.00    -296.00    -296.00    
-292.00    -292.00    -296.00    -296.00    -296.00    -296.00    -296.00    -296.00    -296.00    -296.00    
-296.00    -294.00    -296.00    -296.00    -296.00    -296.00    -296.00    -296.00    -296.00    -296.00    
-294.00    -296.00    -296.00    -296.00    -296.00    -296.00    -296.00    -296.00    -296.00    -296.00    
-296.00    -296.00    -294.00    -296.00    -296.00    -296.00    -294.00    -294.00    -296.00    -296.00    
-296.00    -296.00    -296.00    -294.00    -296.00    -296.00    -296.00    -296.00    -296.00    -296.00    
-296.00    -296.00    -296.00    -294.00    -296.00    -296.00    -296.00    -296.00    -296.00    -296.00    
-294.00    -296.00    -296.00    -294.00    -296.00    -296.00    -296.00    -296.00    -296.00    -296.00    
-296.00    -294.00    -294.00    -292.00    -296.00    -296.00    -296.00    -296.00    -296.00    -296.00    
-296.00    -294.00    -296.00    -296.00    -294.00    -296.00    -296.00    -296.00    -296.00    -296.00    
-294.00    -296.00    -296.00    -296.00    -294.00    -296.00    -296.00    -296.00    -296.00    -296.00    
-294.00    -296.00    -296.00    -296.00    -296.00    -296.00    -296.00    -296.00    -296.00    -296.00    
-294.00    -294.00    -294.00    -296.00    -296.00    -296.00    -296.00    -296.00    -296.00    -296.00    
-294.00    -294.00    -294.00    -296.00    -294.00    -296.00    -296.00    -296.00    -296.00    -296.00    
-294.00    -294.00    -296.00    -296.00    -296.00    -294.00    -296.00    -296.00    -296.00    -296.00    
-296.00    -294.00    -296.00    -296.00    -296.00    -296.00    -296.00    -296.00    -296.00    -296.00    
-296.00    -294.00    -294.00    -296.00    -296.00    -296.00    -296.00    -296.00    -296.00    -296.00    
-294.00    -296.00    -296.00    -296.00    -296.00    -296.00    -296.00    -296.00    -296.00    -296.00    
-296.00    -296.00    -296.00    -294.00    -296.00    -296.00    -296.00    -296.00    -296.00    -294.00    
-296.00    -294.00    -296.00    -296.00    -296.00    -296.00    -296.00    -296.00    -296.00    -296.00    
-290.00    -296.00    -296.00    -294.00    -296.00    -296.00    -296.00    -296.00    -296.00    -296.00    
-294.00    -292.00    -296.00    -296.00    -296.00    -296.00    -296.00    -296.00    -296.00    -296.00    
-296.00    -294.00    -296.00    -296.00    -296.00    -296.00    -296.00    -296.00    -296.00    -296.00    
-296.00    -294.00    -296.00    -296.00    -296.00    -296.00    -296.00    -296.00    -296.00    -296.00    
-294.00    -290.00    -296.00    -296.00    -296.00    -296.00    -294.00    -296.00    -296.00    -296.00    
-296.00    -296.00    -296.00    -296.00    -296.00    -296.00    -296.00    -296.00    -296.00    -296.00    
-296.00    -294.00    -294.00    -296.00    -296.00    -296.00    -294.00    -296.00    -296.00    -296.00    
-296.00    -292.00    -296.00    -296.00    -296.00    -296.00    -296.00    -296.00    -296.00    -296.00    
-296.00    -296.00    -296.00    -296.00    -296.00    -296.00    -296.00    -296.00    -296.00    -296.00    
-294.00    -292.00    -296.00    -296.00    -296.00    -296.00    -294.00    -296.00    -296.00    -296.00    
-294.00    -296.00    -296.00    -296.00    -296.00    -294.00    -296.00    -296.00    -296.00    -296.00    
-296.00    -296.00    -296.00    -296.00    -296.00    -296.00    -294.00    -296.00    -296.00    -296.00    
-294.00    -296.00    -296.00    -296.00    -296.00    -296.00    -296.00    -296.00    -296.00    -294.00    
-296.00    -296.00    -296.00    -296.00    -296.00    -296.00    -296.00    -296.00    -296.00    -296.00    
-296.00    -296.00    -296.00    -296.00    -294.00    -296.00    -296.00    -296.00    -296.00    -296.00    
-296.00    -294.00    -296.00    -296.00    -296.00    -296.00    -296.00    -296.00    -296.00    -296.00    
-296.00    -296.00    -296.00    -294.00    -296.00    -296.00    -296.00    -296.00    -296.00    -294.00    
-296.00    -294.00    -296.00    -296.00    -296.00    -296.00    -296.00    -296.00    -296.00    -296.00    
-296.00    -294.00    -296.00    -296.00    -296.00    -296.00    -296.00    -296.00    -296.00    -296.00    
-292.00    -294.00    -296.00    -296.00    -296.00    -296.00    -296.00    -296.00    -296.00    -296.00    
-292.00    -296.00    -296.00    -296.00    -296.00    -296.00    -296.00    -296.00    -296.00    -296.00    
-296.00    -296.00    -296.00    -296.00    -296.00    -296.00    -296.00    -294.00    -296.00    -296.00    
-296.00    -296.00    -296.00    -296.00    -296.00    -296.00    -294.00    -296.00    -296.00    -296.00    
-290.00    -296.00    -296.00    -296.00    -296.00    -296.00    -296.00    -294.00    -296.00    -296.00    
-290.00    -294.00    -294.00    -296.00    -296.00    -296.00    -296.00    -296.00    -296.00    -296.00    
-296.00    -294.00    -296.00    -296.00    -296.00    -296.00    -296.00    -296.00    -296.00    -296.00    
-294.00    -296.00    -296.00    -296.00    -296.00    -296.00    -296.00    -296.00    -296.00    -296.00    
-296.00    -294.00    -296.00    -296.00    -296.00    -296.00    -296.00    -296.00    -296.00    -296.00    
-296.00    -296.00    -294.00    -296.00    -296.00    -296.00    -296.00    -296.00    -296.00    -296.00    
-294.00    -296.00    -294.00    -296.00    -296.00    -296.00    -296.00    -296.00    -296.00    -296.00    
-294.00    -296.00    -296.00    -296.00    -296.00    -296.00    -296.00    -296.00    -296.00    -296.00    
-294.00    -296.00    -292.00    -296.00    -296.00    -296.00    -296.00    -296.00    -296.00    -296.00    
-296.00    -296.00    -294.00    -296.00    -294.00    -296.00    -296.00    -296.00    -296.00    -296.00    
-294.00    -296.00    -294.00    -296.00    -296.00    -296.00    -296.00    -296.00    -296.00    -296.00    
-294.00    -294.00    -296.00    -294.00    -296.00    -296.00    -296.00    -296.00    -296.00    -296.00    
-296.00    -296.00    -296.00    -296.00    -294.00    -296.00    -296.00    -296.00    -296.00    -296.00    
-296.00    -296.00    -296.00    -296.00    -296.00    -296.00    -296.00    -296.00    -296.00    -296.00    
-296.00    -296.00    -296.00    -296.00    -296.00    -296.00    -296.00    -296.00    -296.00    -296.00    
-296.00    -296.00    -296.00    -296.00    -296.00    -296.00    -296.00    -296.00    -296.00    -296.00    
-294.00    -296.00    -296.00    -294.00    -296.00    -296.00    -296.00    -296.00    -296.00    -296.00    
-294.00    -294.00    -296.00    -296.00    -294.00    -296.00    -296.00    -296.00    -296.00    -296.00    
-288.00    -296.00    -296.00    -294.00    -296.00    -296.00    -294.00    -296.00    -296.00    -296.00    
-292.00    -296.00    -296.00    -296.00    -296.00    -296.00    -296.00    -296.00    -296.00    -296.00    
-296.00    -296.00    -294.00    -296.00    -296.00    -296.00    -296.00    -296.00    -296.00    -296.00    
-292.00    -296.00    -292.00    -296.00    -296.00    -296.00    -296.00    -296.00    -296.00    -296.00    
-296.00    -294.00    -296.00    -296.00    -296.00    -296.00    -296.00    -296.00    -296.00    -296.00    
-296.00    -296.00    -294.00    -296.00    -296.00    -294.00    -296.00    -296.00    -296.00    -296.00    
-294.00    -294.00    -296.00    -296.00    -296.00    -296.00    -296.00    -296.00    -296.00    -296.00    
-296.00    -294.00    -294.00    -294.00    -296.00    -296.00    -296.00    -296.00    -296.00    -296.00    
-296.00    -290.00    -296.00    -296.00    -294.00    -296.00    -296.00    -296.00    -296.00    -296.00    
-290.00    -296.00    -294.00    -292.00    -296.00    -296.00    -296.00    -296.00    -296.00    -296.00    
-294.00    -294.00    -296.00    -296.00    -294.00    -296.00    -296.00    -296.00    -296.00    -296.00    
-296.00    -296.00    -296.00    -296.00    -296.00    -296.00    -296.00    -296.00    -296.00    -296.00    
-296.00    -296.00    -296.00    -296.00    -296.00    -294.00    -296.00    -296.00    -296.00    -296.00    
-294.00    -292.00    -296.00    -296.00    -296.00    -296.00    -296.00    -296.00    -296.00    -296.00    
-294.00    -292.00    -294.00    -296.00    -296.00    -296.00    -296.00    -296.00    -296.00    -296.00    
-296.00    -296.00    -296.00    -296.00    -294.00    -296.00    -296.00    -296.00    -296.00    -296.00    
-296.00    -296.00    -296.00    -296.00    -296.00    -296.00    -296.00    -296.00    -296.00    -296.00    
-296.00    -296.00    -294.00    -296.00    -292.00    -296.00    -296.00    -296.00    -296.00    -296.00    
-296.00    -296.00    -296.00    -296.00    -296.00    -296.00    -296.00    -296.00    -296.00    -296.00    
-296.00    -294.00    -296.00    -296.00    -294.00    -296.00    -296.00    -296.00    -296.00    -296.00    
-292.00    -294.00    -296.00    -296.00    -294.00    -296.00    -294.00    -296.00    -296.00    -296.00    
-294.00    -296.00    -296.00    -296.00    -296.00    -296.00    -296.00    -296.00    -296.00    -296.00    
-296.00    -296.00    -296.00    -292.00    -296.00    -294.00    -296.00    -296.00    -296.00    -296.00    
-296.00    -296.00    -296.00    -296.00    -296.00    -296.00    -296.00    -296.00    -296.00    -296.00    
-294.00    -296.00    -296.00    -296.00    -296.00    -296.00    -296.00    -296.00    -296.00    -296.00    
-296.00    -296.00    -296.00    -296.00    -294.00    -296.00    -296.00    -296.00    -296.00    -296.00    
-296.00    -296.00    -294.00    -294.00    -296.00    -296.00    -296.00    -296.00    -296.00    -296.00    
-296.00    -296.00    -296.00    -296.00    -296.00    -296.00    -294.00    -296.00    -296.00    -296.00    
-294.00    -294.00    -296.00    -296.00    -296.00    -294.00    -294.00    -296.00    -296.00    -296.00    
-294.00    -294.00    -296.00    -296.00    -296.00    -296.00    -296.00    -296.00    -296.00    -296.00    
-296.00    -296.00    -296.00    -296.00    -296.00    -296.00    -296.00    -296.00    -296.00    -296.00    
-294.00    -296.00    -296.00    -296.00    -296.00    -296.00    -296.00    -296.00    -296.00    -296.00    
-294.00    -294.00    -296.00    -296.00    -296.00    -296.00    -296.00    -296.00    -296.00    -296.00    
-296.00    -292.00    -296.00    -296.00    -296.00    -296.00    -296.00    -296.00    -296.00    -296.00    
-294.00    -296.00    -296.00    -296.00    -296.00    -296.00    -296.00    -296.00    -296.00    -296.00    
-296.00    -296.00    -296.00    -294.00    -294.00    -296.00    -296.00    -296.00    -296.00    -296.00    
-296.00    -296.00    -294.00    -296.00    -294.00    -296.00    -296.00    -296.00    -296.00    -296.00    
-294.00    -296.00    -296.00    -294.00    -296.00    -296.00    -296.00    -296.00    -296.00    -296.00    
-294.00    -296.00    -294.00    -296.00    -296.00    -296.00    -296.00    -296.00    -296.00    -296.00    
-296.00    -296.00    -296.00    -296.00    -296.00    -296.00    -296.00    -296.00    -296.00    -296.00    
-296.00    -294.00    -296.00    -296.00    -294.00    -296.00    -296.00    -296.00    -296.00    -296.00    
-296.00    -296.00    -296.00    -296.00    -296.00    -296.00    -296.00    -296.00    -296.00    -296.00    
-294.00    -296.00    -296.00    -296.00    -296.00    -296.00    -296.00    -296.00    -296.00    -296.00    
-296.00    -296.00    -296.00    -296.00    -296.00    -296.00    -296.00    -296.00    -296.00    -296.00    
-294.00    -294.00    -294.00    -296.00    -294.00    -296.00    -296.00    -296.00    -296.00    -296.00    
-294.00    -296.00    -296.00    -296.00    -296.00    -296.00    -296.00    -296.00    -296.00    -296.00    
-294.00    -292.00    -296.00    -296.00    -296.00    -296.00    -296.00    -296.00    -296.00    -296.00    
-294.00    -294.00    -294.00    -296.00    -296.00    -296.00    -296.00    -296.00    -296.00    -296.00    
-296.00    -292.00    -294.00    -294.00    -296.00    -296.00    -296.00    -296.00    -296.00    -296.00    
-296.00    -294.00    -296.00    -296.00    -296.00    -296.00    -296.00    -296.00    -296.00    -296.00    
-296.00    -296.00    -294.00    -296.00    -296.00    -296.00    -296.00    -296.00    -296.00    -296.00    
-296.00    -294.00    -296.00    -296.00    -296.00    -296.00    -296.00    -296.00    -296.00    -296.00    
-294.00    -292.00    -296.00    -296.00    -296.00    -296.00    -296.00    -296.00    -296.00    -296.00    
-296.00    -294.00    -296.00    -296.00    -296.00    -296.00    -296.00    -296.00    -296.00    -296.00    
-292.00    -296.00    -292.00    -294.00    -296.00    -296.00    -296.00    -296.00    -296.00    -296.00    
-292.00    -296.00    -296.00    -296.00    -296.00    -296.00    -296.00    -296.00    -296.00    -296.00    
-296.00    -296.00    -294.00    -294.00    -296.00    -296.00    -296.00    -292.00    -294.00    -296.00    
-284.00    -296.00    -292.00    -296.00    -296.00    -296.00    -296.00    -296.00    -296.00    -296.00    
-294.00    -296.00    -296.00    -296.00    -294.00    -296.00    -296.00    -296.00    -296.00    -296.00    
-296.00    -296.00    -296.00    -294.00    -296.00    -296.00    -296.00    -296.00    -296.00    -296.00    
-294.00    -292.00    -294.00    -296.00    -296.00    -296.00    -296.00    -296.00    -296.00    -296.00    
-294.00    -294.00    -296.00    -296.00    -296.00    -296.00    -296.00    -296.00    -296.00    -296.00    
-294.00    -296.00    -296.00    -296.00    -296.00    -296.00    -296.00    -296.00    -296.00    -296.00    
-290.00    -296.00    -296.00    -294.00    -296.00    -296.00    -296.00    -296.00    -294.00    -296.00    
-294.00    -296.00    -296.00    -296.00    -296.00    -296.00    -296.00    -296.00    -296.00    -296.00    
-294.00    -294.00    -296.00    -296.00    -296.00    -296.00    -296.00    -296.00    -296.00    -296.00    
-296.00    -294.00    -292.00    -296.00    -296.00    -296.00    -296.00    -296.00    -296.00    -296.00    
-296.00    -294.00    -296.00    -296.00    -296.00    -296.00    -296.00    -296.00    -296.00    -296.00    
-292.00    -294.00    -296.00    -296.00    -296.00    -296.00    -296.00    -296.00    -296.00    -296.00    
-296.00    -296.00    -296.00    -296.00    -296.00    -294.00    -296.00    -296.00    -296.00    -296.00    
-294.00    -294.00    -296.00    -296.00    -296.00    -296.00    -296.00    -296.00    -296.00    -296.00    
-296.00    -294.00    -296.00    -296.00    -296.00    -296.00    -296.00    -296.00    -296.00    -296.00    
-296.00    -294.00    -296.00    -296.00    -296.00    -296.00    -296.00    -296.00    -296.00    -296.00    
-296.00    -292.00    -296.00    -296.00    -296.00    -296.00    -296.00    -296.00    -296.00    -296.00    
-292.00    -292.00    -296.00    -296.00    -296.00    -296.00    -296.00    -296.00    -296.00    -296.00    
-294.00    -294.00    -294.00    -296.00    -296.00    -296.00    -296.00    -296.00    -296.00    -296.00    
-296.00    -294.00    -296.00    -294.00    -294.00    -294.00    -296.00    -296.00    -296.00    -296.00    
-292.00    -294.00    -296.00    -296.00    -296.00    -296.00    -296.00    -296.00    -296.00    -296.00    
-296.00    -292.00    -294.00    -294.00    -296.00    -296.00    -296.00    -296.00    -296.00    -294.00    
-296.00    -296.00    -296.00    -296.00    -296.00    -296.00    -296.00    -296.00    -296.00    -296.00    
-294.00    -296.00    -296.00    -296.00    -296.00    -292.00    -296.00    -296.00    -294.00    -296.00    
-290.00    -296.00    -296.00    -294.00    -296.00    -296.00    -296.00    -296.00    -296.00    -296.00    
-294.00    -294.00    -296.00    -294.00    -296.00    -296.00    -296.00    -296.00    -296.00    -296.00    
-296.00    -296.00    -296.00    -296.00    -296.00    -296.00    -294.00    -296.00    -296.00    -296.00    
-296.00    -296.00    -296.00    -294.00    -296.00    -296.00    -296.00    -296.00    -296.00    -296.00    
-296.00    -294.00    -296.00    -296.00    -296.00    -294.00    -296.00    -296.00    -296.00    -296.00    
-296.00    -296.00    -296.00    -296.00    -296.00    -294.00    -296.00    -296.00    -296.00    -296.00    
-296.00    -296.00    -296.00    -296.00    -294.00    -296.00    -296.00    -296.00    -296.00    -296.00    
-296.00    -294.00    -296.00    -294.00    -296.00    -296.00    -296.00    -296.00    -296.00    -296.00    
-294.00    -296.00    -296.00    -294.00    -296.00    -296.00    -296.00    -296.00    -296.00    -296.00    
-296.00    -294.00    -296.00    -296.00    -294.00    -296.00    -296.00    -296.00    -296.00    -296.00    
-296.00    -296.00    -294.00    -296.00    -296.00    -296.00    -296.00    -296.00    -296.00    -296.00    
-296.00    -296.00    -296.00    -296.00    -296.00    -296.00    -296.00    -296.00    -296.00    -296.00    
-296.00    -294.00    -294.00    -296.00    -294.00    -296.00    -296.00    -296.00    -296.00    -296.00    
-296.00    -292.00    -296.00    -296.00    -296.00    -296.00    -296.00    -296.00    -296.00    -296.00    
-296.00    -294.00    -296.00    -296.00    -294.00    -296.00    -296.00    -296.00    -296.00    -296.00    
-296.00    -296.00    -296.00    -296.00    -294.00    -296.00    -296.00    -296.00    -296.00    -296.00    
-296.00    -296.00    -296.00    -296.00    -296.00    -294.00    -296.00    -296.00    -296.00    -296.00    
-296.00    -294.00    -296.00    -296.00    -296.00    -296.00    -296.00    -296.00    -296.00    -296.00    
-296.00    -296.00    -296.00    -296.00    -296.00    -296.00    -296.00    -296.00    -296.00    -296.00    
-296.00    -296.00    -296.00    -296.00    -294.00    -296.00    -296.00    -296.00    -296.00    -296.00    
-292.00    -296.00    -296.00    -296.00    -296.00    -296.00    -296.00    -296.00    -296.00    -296.00    
-294.00    -296.00    -296.00    -296.00    -296.00    -296.00    -296.00    -296.00    -296.00    -296.00    
-296.00    -296.00    -296.00    -294.00    -296.00    -296.00    -296.00    -296.00    -296.00    -296.00    
-296.00    -296.00    -296.00    -296.00    -294.00    -296.00    -296.00    -296.00    -296.00    -296.00    
-294.00    -296.00    -296.00    -296.00    -296.00    -296.00    -296.00    -296.00    -296.00    -296.00    
-296.00    -294.00    -296.00    -294.00    -296.00    -296.00    -296.00    -296.00    -296.00    -296.00    
-296.00    -296.00    -296.00    -294.00    -294.00    -296.00    -296.00    -296.00    -296.00    -296.00    
-292.00    -296.00    -294.00    -296.00    -296.00    -296.00    -296.00    -296.00    -296.00    -296.00    
-296.00    -294.00    -296.00    -294.00    -296.00    -296.00    -296.00    -296.00    -296.00    -296.00    
-292.00    -294.00    -296.00    -296.00    -296.00    -296.00    -296.00    -296.00    -296.00    -296.00    
-296.00    -296.00    -296.00    -296.00    -296.00    -296.00    -296.00    -296.00    -296.00    -296.00    
-294.00    -294.00    -296.00    -296.00    -296.00    -296.00    -294.00    -296.00    -296.00    -296.00    
-296.00    -294.00    -294.00    -294.00    -296.00    -296.00    -296.00    -296.00    -296.00    -296.00    
-296.00    -296.00    -296.00    -296.00    -294.00    -296.00    -296.00    -296.00    -296.00    -296.00    
-292.00    -296.00    -296.00    -294.00    -296.00    -296.00    -296.00    -296.00    -296.00    -296.00    
-294.00    -294.00    -296.00    -296.00    -296.00    -296.00    -296.00    -296.00    -296.00    -296.00    
-296.00    -294.00    -294.00    -294.00    -296.00    -296.00    -296.00    -296.00    -296.00    -296.00    
-296.00    -296.00    -294.00    -292.00    -296.00    -296.00    -296.00    -296.00    -296.00    -296.00    
-288.00    -296.00    -296.00    -296.00    -296.00    -294.00    -294.00    -296.00    -296.00    -296.00    
-294.00    -296.00    -296.00    -296.00    -294.00    -296.00    -296.00    -296.00    -296.00    -296.00    
-294.00    -296.00    -296.00    -296.00    -296.00    -296.00    -296.00    -296.00    -296.00    -296.00    
-290.00    -296.00    -296.00    -296.00    -296.00    -294.00    -296.00    -296.00    -296.00    -296.00    
-292.00    -296.00    -296.00    -294.00    -296.00    -296.00    -296.00    -296.00    -296.00    -296.00    
-296.00    -296.00    -294.00    -296.00    -296.00    -296.00    -296.00    -296.00    -296.00    -296.00    
-292.00    -294.00    -296.00    -296.00    -296.00    -296.00    -296.00    -296.00    -296.00    -296.00    
-296.00    -296.00    -296.00    -296.00    -296.00    -296.00    -296.00    -296.00    -296.00    -296.00    
-296.00    -296.00    -296.00    -294.00    -294.00    -296.00    -296.00    -296.00    -296.00    -296.00    
-296.00    -296.00    -296.00    -296.00    -296.00    -296.00    -296.00    -296.00    -296.00    -296.00    
-296.00    -294.00    -296.00    -296.00    -296.00    -296.00    -296.00    -296.00    -296.00    -296.00    
-296.00    -294.00    -296.00    -296.00    -296.00    -296.00    -296.00    -296.00    -296.00    -296.00    
-294.00    -296.00    -294.00    -296.00    -296.00    -296.00    -296.00    -296.00    -296.00    -296.00    
-296.00    -296.00    -296.00    -296.00    -296.00    -296.00    -296.00    -296.00    -296.00    -296.00    
-296.00    -294.00    -296.00    -296.00    -296.00    -296.00    -296.00    -296.00    -296.00    -296.00    
-296.00    -296.00    -296.00    -296.00    -296.00    -296.00    -296.00    -296.00    -296.00    -296.00    
-296.00    -296.00    -296.00    -296.00    -296.00    -296.00    -296.00    -296.00    -296.00    -296.00    
-296.00    -296.00    -296.00    -296.00    -296.00    -296.00    -296.00    -296.00    -296.00    -296.00    
-296.00    -294.00    -294.00    -296.00    -296.00    -296.00    -296.00    -296.00    -296.00    -296.00    
-294.00    -296.00    -296.00    -296.00    -296.00    -296.00    -296.00    -296.00    -296.00    -296.00    
-294.00    -294.00    -296.00    -296.00    -296.00    -296.00    -296.00    -296.00    -296.00    -296.00    
-294.00    -294.00    -296.00    -296.00    -296.00    -296.00    -296.00    -296.00    -296.00    -296.00    
-294.00    -296.00    -294.00    -296.00    -296.00    -296.00    -296.00    -296.00    -296.00    -296.00    
-292.00    -294.00    -294.00    -294.00    -296.00    -296.00    -294.00    -296.00    -296.00    -296.00    
-296.00    -294.00    -296.00    -294.00    -296.00    -296.00    -296.00    -296.00    -296.00    -296.00    
-292.00    -296.00    -296.00    -296.00    -296.00    -296.00    -296.00    -296.00    -296.00    -296.00    
-296.00    -294.00    -296.00    -294.00    -294.00    -296.00    -296.00    -296.00    -296.00    -296.00    
-296.00    -292.00    -296.00    -296.00    -296.00    -296.00    -296.00    -296.00    -296.00    -294.00    
-294.00    -296.00    -294.00    -296.00    -294.00    -296.00    -296.00    -296.00    -296.00    -296.00    
-294.00    -296.00    -296.00    -296.00    -296.00    -296.00    -296.00    -296.00    -296.00    -296.00    
-294.00    -296.00    -296.00    -296.00    -296.00    -296.00    -296.00    -296.00    -296.00    -296.00    
-296.00    -294.00    -296.00    -296.00    -296.00    -296.00    -296.00    -296.00    -296.00    -296.00    
-292.00    -296.00    -296.00    -296.00    -296.00    -296.00    -296.00    -296.00    -296.00    -296.00    
-292.00    -296.00    -296.00    -296.00    -294.00    -296.00    -296.00    -296.00    -296.00    -296.00    
-294.00    -294.00    -296.00    -296.00    -294.00    -296.00    -296.00    -296.00    -296.00    -296.00    
-296.00    -296.00    -296.00    -296.00    -296.00    -296.00    -296.00    -296.00    -296.00    -296.00    
-294.00    -296.00    -296.00    -296.00    -296.00    -296.00    -296.00    -296.00    -296.00    -296.00    
-296.00    -296.00    -296.00    -296.00    -290.00    -296.00    -296.00    -296.00    -294.00    -296.00    
-294.00    -296.00    -294.00    -296.00    -296.00    -296.00    -296.00    -296.00    -296.00    -296.00    
-296.00    -296.00    -294.00    -296.00    -296.00    -296.00    -296.00    -296.00    -296.00    -296.00    
-296.00    -296.00    -296.00    -296.00    -296.00    -296.00    -296.00    -296.00    -296.00    -296.00    
-296.00    -296.00    -292.00    -296.00    -296.00    -294.00    -296.00    -294.00    -296.00    -296.00    
-290.00    -294.00    -294.00    -296.00    -296.00    -296.00    -296.00    -296.00    -296.00    -296.00    
-292.00    -294.00    -296.00    -296.00    -296.00    -296.00    -296.00    -296.00    -296.00    -296.00    
-296.00    -294.00    -296.00    -296.00    -296.00    -296.00    -296.00    -296.00    -296.00    -294.00    
-294.00    -296.00    -296.00    -296.00    -296.00    -296.00    -296.00    -296.00    -296.00    -296.00    
-296.00    -296.00    -294.00    -296.00    -296.00    -296.00    -296.00    -296.00    -296.00    -296.00    
-294.00    -294.00    -296.00    -296.00    -296.00    -296.00    -296.00    -296.00    -296.00    -296.00    
-296.00    -296.00    -294.00    -296.00    -294.00    -296.00    -296.00    -296.00    -296.00    -296.00    
-296.00    -296.00    -296.00    -296.00    -296.00    -296.00    -296.00    -296.00    -296.00    -296.00    
-294.00    -294.00    -296.00    -296.00    -296.00    -296.00    -296.00    -296.00    -296.00    -296.00    
-292.00    -290.00    -296.00    -296.00    -296.00    -296.00    -296.00    -296.00    -296.00    -296.00    
-296.00    -296.00    -296.00    -296.00    -296.00    -296.00    -296.00    -296.00    -296.00    -296.00    
-296.00    -296.00    -296.00    -296.00    -296.00    -296.00    -296.00    -296.00    -296.00    -296.00    
-296.00    -294.00    -294.00    -296.00    -296.00    -296.00    -296.00    -296.00    -296.00    -296.00    
-294.00    -294.00    -294.00    -294.00    -296.00    -296.00    -296.00    -296.00    -294.00    -296.00    
-296.00    -292.00    -296.00    -296.00    -296.00    -296.00    -296.00    -296.00    -296.00    -296.00    
-296.00    -294.00    -296.00    -296.00    -296.00    -296.00    -296.00    -296.00    -296.00    -296.00    
-292.00    -296.00    -294.00    -296.00    -296.00    -296.00    -296.00    -296.00    -296.00    -296.00    
-290.00    -294.00    -296.00    -296.00    -296.00    -296.00    -296.00    -296.00    -296.00    -296.00    
-294.00    -294.00    -296.00    -296.00    -296.00    -290.00    -296.00    -296.00    -296.00    -296.00    
-296.00    -296.00    -296.00    -296.00    -296.00    -294.00    -296.00    -296.00    -296.00    -296.00    
-294.00    -296.00    -296.00    -296.00    -296.00    -296.00    -296.00    -296.00    -296.00    -296.00    
-296.00    -292.00    -296.00    -296.00    -296.00    -296.00    -296.00    -296.00    -296.00    -296.00    
-296.00    -296.00    -296.00    -296.00    -294.00    -296.00    -296.00    -296.00    -296.00    -296.00    
-296.00    -294.00    -296.00    -296.00    -296.00    -296.00    -296.00    -296.00    -296.00    -296.00    
-296.00    -296.00    -296.00    -294.00    -296.00    -296.00    -296.00    -296.00    -296.00    -296.00    
-296.00    -294.00    -294.00    -296.00    -296.00    -296.00    -296.00    -294.00    -296.00    -296.00    
-296.00    -296.00    -294.00    -296.00    -294.00    -296.00    -296.00    -296.00    -296.00    -296.00    
-296.00    -296.00    -294.00    -296.00    -296.00    -296.00    -296.00    -296.00    -296.00    -296.00    
-296.00    -296.00    -296.00    -296.00    -296.00    -296.00    -296.00    -296.00    -296.00    -296.00    
-296.00    -296.00    -296.00    -296.00    -296.00    -296.00    -296.00    -296.00    -296.00    -296.00    
-296.00    -296.00    -296.00    -296.00    -296.00    -296.00    -294.00    -296.00    -296.00    -296.00    
-296.00    -294.00    -296.00    -294.00    -296.00    -296.00    -296.00    -296.00    -296.00    -296.00    
-290.00    -296.00    -294.00    -296.00    -294.00    -296.00    -296.00    -296.00    -296.00    -296.00    
-292.00    -296.00    -296.00    -296.00    -296.00    -296.00    -296.00    -296.00    -296.00    -296.00    
-290.00    -294.00    -296.00    -296.00    -296.00    -296.00    -296.00    -296.00    -296.00    -296.00    
-294.00    -294.00    -296.00    -296.00    -296.00    -296.00    -296.00    -296.00    -296.00    -296.00    
-294.00    -294.00    -296.00    -294.00    -296.00    -296.00    -296.00    -296.00    -296.00    -296.00    
-294.00    -296.00    -296.00    -296.00    -296.00    -296.00    -296.00    -296.00    -296.00    -296.00    
-296.00    -294.00    -296.00    -296.00    -294.00    -296.00    -296.00    -296.00    -296.00    -296.00    
-296.00    -296.00    -296.00    -294.00    -296.00    -296.00    -296.00    -296.00    -296.00    -296.00    
-292.00    -296.00    -296.00    -294.00    -296.00    -296.00    -296.00    -296.00    -296.00    -296.00    
-296.00    -296.00    -294.00    -296.00    -296.00    -296.00    -296.00    -294.00    -296.00    -296.00    
-296.00    -296.00    -296.00    -296.00    -296.00    -296.00    -294.00    -296.00    -296.00    -296.00    
-292.00    -296.00    -296.00    -296.00    -294.00    -296.00    -296.00    -296.00    -296.00    -296.00    
-296.00    -294.00    -294.00    -296.00    -296.00    -296.00    -296.00    -296.00    -296.00    -296.00    
-294.00    -296.00    -296.00    -296.00    -296.00    -296.00    -296.00    -296.00    -296.00    -296.00    
-294.00    -296.00    -292.00    -296.00    -296.00    -296.00    -296.00    -296.00    -296.00    -296.00    
-294.00    -294.00    -294.00    -296.00    -296.00    -296.00    -296.00    -296.00    -296.00    -296.00    
-294.00    -296.00    -296.00    -296.00    -296.00    -296.00    -296.00    -296.00    -296.00    -296.00    
-294.00    -296.00    -296.00    -294.00    -296.00    -296.00    -296.00    -296.00    -296.00    -296.00    
-292.00    -296.00    -296.00    -296.00    -296.00    -296.00    -296.00    -296.00    -296.00    -296.00    
-292.00    -294.00    -296.00    -296.00    -296.00    -296.00    -296.00    -296.00    -296.00    -296.00    
-296.00    -296.00    -296.00    -296.00    -296.00    -296.00    -296.00    -296.00    -296.00    -296.00    
-296.00    -294.00    -296.00    -296.00    -294.00    -294.00    -296.00    -296.00    -296.00    -296.00    
-296.00    -296.00    -296.00    -296.00    -296.00    -294.00    -296.00    -296.00    -296.00    -296.00    
-296.00    -296.00    -292.00    -296.00    -296.00    -296.00    -296.00    -296.00    -296.00    -296.00    
-292.00    -296.00    -296.00    -296.00    -296.00    -296.00    -296.00    -296.00    -296.00    -296.00    
-296.00    -294.00    -296.00    -296.00    -296.00    -296.00    -296.00    -296.00    -296.00    -296.00    
-294.00    -294.00    -296.00    -296.00    -296.00    -296.00    -296.00    -296.00    -296.00    -296.00    
-296.00    -294.00    -294.00    -296.00    -296.00    -294.00    -296.00    -296.00    -296.00    -296.00    
-294.00    -294.00    -296.00    -296.00    -296.00    -296.00    -294.00    -296.00    -296.00    -296.00    
-294.00    -294.00    -296.00    -296.00    -296.00    -296.00    -296.00    -296.00    -296.00    -296.00    
-294.00    -296.00    -294.00    -296.00    -296.00    -296.00    -296.00    -294.00    -296.00    -296.00    
-292.00    -292.00    -294.00    -294.00    -292.00    -296.00    -296.00    -296.00    -296.00    -296.00    
-296.00    -296.00    -296.00    -296.00    -296.00    -296.00    -296.00    -296.00    -296.00    -296.00    
-294.00    -296.00    -294.00    -296.00    -296.00    -296.00    -296.00    -296.00    -296.00    -296.00    
-296.00    -294.00    -296.00    -296.00    -296.00    -296.00    -296.00    -296.00    -296.00    -296.00    
-296.00    -296.00    -294.00    -296.00    -296.00    -296.00    -296.00    -296.00    -296.00    -296.00    
-296.00    -290.00    -296.00    -296.00    -296.00    -296.00    -296.00    -296.00    -296.00    -296.00    
-294.00    -296.00    -296.00    -296.00    -296.00    -296.00    -296.00    -296.00    -296.00    -296.00    
-294.00    -296.00    -292.00    -296.00    -296.00    -296.00    -296.00    -296.00    -296.00    -296.00    
-296.00    -296.00    -296.00    -296.00    -296.00    -296.00    -296.00    -294.00    -296.00    -296.00    
-296.00    -296.00    -296.00    -292.00    -296.00    -296.00    -296.00    -296.00    -296.00    -296.00    
-296.00    -296.00    -296.00    -296.00    -296.00    -296.00    -296.00    -296.00    -296.00    -296.00    
-294.00    -296.00    -294.00    -294.00    -294.00    -296.00    -296.00    -294.00    -296.00    -296.00    
-296.00    -296.00    -296.00    -296.00    -296.00    -296.00    -296.00    -296.00    -296.00    -296.00    
-292.00    -294.00    -296.00    -294.00    -296.00    -296.00    -296.00    -296.00    -296.00    -296.00    
-296.00    -296.00    -296.00    -296.00    -296.00    -296.00    -296.00    -296.00    -296.00    -296.00    
-294.00    -296.00    -296.00    -296.00    -294.00    -294.00    -296.00    -296.00    -296.00    -294.00    
-294.00    -296.00    -296.00    -294.00    -296.00    -296.00    -296.00    -296.00    -296.00    -296.00    
-294.00    -296.00    -296.00    -296.00    -296.00    -296.00    -296.00    -294.00    -296.00    -296.00    
-292.00    -296.00    -294.00    -294.00    -296.00    -296.00    -296.00    -296.00    -296.00    -296.00    
-294.00    -296.00    -294.00    -296.00    -296.00    -296.00    -296.00    -296.00    -296.00    -296.00    
-296.00    -296.00    -296.00    -296.00    -296.00    -296.00    -296.00    -294.00    -296.00    -296.00    
-294.00    -292.00    -294.00    -296.00    -296.00    -296.00    -296.00    -296.00    -296.00    -296.00    
-294.00    -294.00    -294.00    -296.00    -296.00    -296.00    -296.00    -296.00    -296.00    -296.00    
-294.00    -296.00    -296.00    -294.00    -296.00    -294.00    -296.00    -296.00    -296.00    -296.00    
-296.00    -296.00    -296.00    -296.00    -296.00    -296.00    -296.00    -296.00    -296.00    -296.00    
-296.00    -296.00    -296.00    -296.00    -296.00    -296.00    -296.00    -296.00    -296.00    -296.00    
-294.00    -294.00    -292.00    -294.00    -296.00    -296.00    -296.00    -296.00    -296.00    -296.00    
-294.00    -296.00    -294.00    -296.00    -296.00    -296.00    -296.00    -296.00    -296.00    -296.00    
-296.00    -294.00    -294.00    -296.00    -296.00    -296.00    -296.00    -296.00    -296.00    -296.00    
-292.00    -296.00    -296.00    -296.00    -296.00    -296.00    -296.00    -296.00    -296.00    -296.00    
-294.00    -296.00    -296.00    -296.00    -296.00    -296.00    -296.00    -296.00    -296.00    -296.00    
-296.00    -296.00    -296.00    -296.00    -296.00    -296.00    -296.00    -296.00    -296.00    -296.00    
-294.00    -294.00    -294.00    -296.00    -296.00    -296.00    -296.00    -296.00    -296.00    -296.00    
-296.00    -294.00    -294.00    -296.00    -296.00    -296.00    -296.00    -296.00    -296.00    -296.00    
-294.00    -296.00    -294.00    -296.00    -296.00    -296.00    -296.00    -296.00    -296.00    -296.00    
-294.00    -296.00    -296.00    -296.00    -296.00    -294.00    -296.00    -296.00    -296.00    -296.00    
-296.00    -296.00    -294.00    -296.00    -292.00    -296.00    -296.00    -296.00    -296.00    -296.00    
-296.00    -294.00    -296.00    -294.00    -296.00    -296.00    -296.00    -296.00    -296.00    -296.00    
-296.00    -296.00    -296.00    -296.00    -296.00    -296.00    -296.00    -296.00    -296.00    -296.00    
-296.00    -296.00    -294.00    -296.00    -296.00    -296.00    -296.00    -296.00    -296.00    -296.00    
-296.00    -296.00    -296.00    -296.00    -296.00    -296.00    -296.00    -296.00    -296.00    -296.00    
-296.00    -296.00    -296.00    -296.00    -296.00    -296.00    -294.00    -296.00    -296.00    -296.00    
-296.00    -296.00    -296.00    -296.00    -292.00    -296.00    -296.00    -296.00    -296.00    -296.00    
-294.00    -296.00    -296.00    -296.00    -296.00    -296.00    -296.00    -296.00    -296.00    -296.00    
-296.00    -296.00    -296.00    -296.00    -294.00    -296.00    -294.00    -296.00    -296.00    -296.00    
-296.00    -296.00    -294.00    -296.00    -296.00    -296.00    -296.00    -296.00    -296.00    -296.00    
-296.00    -296.00    -296.00    -296.00    -296.00    -296.00    -296.00    -296.00    -296.00    -296.00    
-296.00    -296.00    -296.00    -296.00    -296.00    -296.00    -296.00    -296.00    -296.00    -296.00    
-296.00    -296.00    -296.00    -296.00    -296.00    -296.00    -296.00    -296.00    -296.00    -296.00    
-294.00    -296.00    -296.00    -296.00    -294.00    -296.00    -296.00    -294.00    -296.00    -296.00    
-296.00    -296.00    -296.00    -296.00    -294.00    -296.00    -296.00    -296.00    -296.00    -296.00    
-294.00    -294.00    -296.00    -296.00    -296.00    -296.00    -296.00    -296.00    -296.00    -296.00    
-292.00    -296.00    -296.00    -296.00    -296.00    -294.00    -296.00    -296.00    -296.00    -296.00    
-296.00    -296.00    -296.00    -294.00    -296.00    -296.00    -296.00    -296.00    -296.00    -296.00    
-296.00    -294.00    -296.00    -294.00    -296.00    -296.00    -296.00    -296.00    -296.00    -294.00    
-296.00    -296.00    -296.00    -296.00    -296.00    -296.00    -296.00    -296.00    -296.00    -296.00    
-292.00    -294.00    -296.00    -296.00    -296.00    -296.00    -296.00    -296.00    -296.00    -296.00    
-296.00    -296.00    -296.00    -296.00    -296.00    -296.00    -296.00    -296.00    -296.00    -296.00    
-296.00    -294.00    -294.00    -296.00    -296.00    -296.00    -296.00    -296.00    -296.00    -296.00    
-294.00    -296.00    -294.00    -294.00    -296.00    -296.00    -296.00    -296.00    -296.00    -296.00    
-292.00    -296.00    -296.00    -294.00    -296.00    -296.00    -296.00    -296.00    -296.00    -296.00    
-296.00    -296.00    -294.00    -296.00    -296.00    -296.00    -296.00    -296.00    -296.00    -296.00    
-296.00    -296.00    -296.00    -296.00    -296.00    -296.00    -296.00    -296.00    -296.00    -296.00    
-290.00    -296.00    -292.00    -296.00    -296.00    -294.00    -296.00    -296.00    -296.00    -296.00    
-296.00    -294.00    -296.00    -294.00    -294.00    -296.00    -296.00    -294.00    -296.00    -296.00    
-296.00    -296.00    -296.00    -296.00    -296.00    -294.00    -296.00    -296.00    -296.00    -296.00    
-294.00    -296.00    -296.00    -296.00    -294.00    -296.00    -296.00    -296.00    -296.00    -296.00    
-296.00    -296.00    -296.00    -296.00    -296.00    -296.00    -296.00    -294.00    -296.00    -296.00    
-296.00    -296.00    -296.00    -296.00    -296.00    -296.00    -296.00    -296.00    -296.00    -296.00    
-296.00    -296.00    -296.00    -296.00    -296.00    -296.00    -296.00    -296.00    -296.00    -296.00    
-296.00    -292.00    -296.00    -296.00    -296.00    -296.00    -296.00    -296.00    -296.00    -296.00    
-296.00    -292.00    -296.00    -296.00    -296.00    -296.00    -296.00    -296.00    -296.00    -296.00    
-294.00    -296.00    -296.00    -296.00    -296.00    -296.00    -296.00    -296.00    -296.00    -296.00    
-292.00    -296.00    -294.00    -296.00    -296.00    -296.00    -296.00    -296.00    -296.00    -296.00    
-294.00    -292.00    -294.00    -296.00    -296.00    -296.00    -296.00    -296.00    -296.00    -296.00    
-292.00    -296.00    -294.00    -296.00    -296.00    -296.00    -296.00    -296.00    -296.00    -296.00    
-294.00    -296.00    -296.00    -294.00    -294.00    -294.00    -296.00    -296.00    -296.00    -296.00    
-296.00    -294.00    -296.00    -296.00    -296.00    -296.00    -296.00    -296.00    -296.00    -296.00    
-294.00    -296.00    -296.00    -294.00    -296.00    -296.00    -296.00    -296.00    -296.00    -296.00    
-292.00    -296.00    -296.00    -296.00    -296.00    -296.00    -296.00    -296.00    -296.00    -296.00    
-296.00    -296.00    -296.00    -296.00    -294.00    -296.00    -296.00    -296.00    -296.00    -296.00    
-296.00    -296.00    -296.00    -296.00    -296.00    -296.00    -296.00    -296.00    -296.00    -296.00    
-296.00    -296.00    -292.00    -296.00    -296.00    -296.00    -296.00    -296.00    -296.00    -294.00    
-296.00    -296.00    -296.00    -296.00    -296.00    -296.00    -296.00    -296.00    -296.00    -296.00    
-296.00    -296.00    -296.00    -296.00    -296.00    -296.00    -296.00    -296.00    -296.00    -296.00    
-294.00    -294.00    -296.00    -296.00    -296.00    -296.00    -296.00    -296.00    -296.00    -296.00    
-296.00    -294.00    -296.00    -296.00    -294.00    -296.00    -296.00    -296.00    -296.00    -296.00    
-296.00    -296.00    -296.00    -296.00    -296.00    -296.00    -296.00    -296.00    -296.00    -296.00    
-294.00    -296.00    -292.00    -296.00    -296.00    -296.00    -296.00    -296.00    -296.00    -296.00    
-296.00    -296.00    -296.00    -294.00    -294.00    -296.00    -296.00    -296.00    -296.00    -296.00    
-296.00    -294.00    -296.00    -296.00    -296.00    -296.00    -296.00    -296.00    -296.00    -296.00    
-296.00    -294.00    -296.00    -296.00    -296.00    -296.00    -296.00    -296.00    -296.00    -296.00    
-296.00    -296.00    -296.00    -296.00    -296.00    -294.00    -296.00    -296.00    -296.00    -296.00    
-290.00    -296.00    -296.00    -296.00    -296.00    -296.00    -296.00    -296.00    -296.00    -296.00    
-296.00    -296.00    -296.00    -296.00    -296.00    -296.00    -296.00    -296.00    -296.00    -296.00    
-296.00    -296.00    -296.00    -296.00    -294.00    -296.00    -296.00    -296.00    -296.00    -296.00    
-296.00    -294.00    -296.00    -296.00    -296.00    -296.00    -294.00    -296.00    -296.00    -296.00    
-294.00    -292.00    -294.00    -296.00    -296.00    -296.00    -296.00    -294.00    -296.00    -296.00    
-296.00    -296.00    -296.00    -296.00    -296.00    -296.00    -296.00    -296.00    -296.00    -296.00    
-292.00    -294.00    -294.00    -296.00    -296.00    -296.00    -296.00    -296.00    -296.00    -296.00    
-294.00    -296.00    -296.00    -296.00    -294.00    -296.00    -296.00    -296.00    -296.00    -296.00    
-294.00    -296.00    -294.00    -296.00    -296.00    -294.00    -296.00    -296.00    -296.00    -296.00    
-296.00    -292.00    -296.00    -296.00    -296.00    -296.00    -296.00    -296.00    -296.00    -296.00    
-294.00    -296.00    -296.00    -294.00    -296.00    -296.00    -296.00    -296.00    -296.00    -296.00    
-294.00    -296.00    -296.00    -296.00    -296.00    -296.00    -296.00    -296.00    -296.00    -296.00    
-294.00    -294.00    -294.00    -296.00    -294.00    -296.00    -294.00    -296.00    -296.00    -296.00    
-294.00    -296.00    -296.00    -296.00    -296.00    -296.00    -296.00    -296.00    -296.00    -296.00    
-296.00    -294.00    -296.00    -296.00    -296.00    -296.00    -296.00    -296.00    -296.00    -296.00    
-296.00    -296.00    -294.00    -296.00    -296.00    -296.00    -296.00    -296.00    -296.00    -296.00    
-292.00    -296.00    -294.00    -296.00    -296.00    -296.00    -296.00    -296.00    -296.00    -296.00    
-296.00    -294.00    -296.00    -296.00    -296.00    -296.00    -296.00    -296.00    -296.00    -296.00    
-294.00    -296.00    -294.00    -296.00    -296.00    -296.00    -296.00    -296.00    -296.00    -296.00    
-294.00    -296.00    -296.00    -296.00    -296.00    -296.00    -292.00    -296.00    -296.00    -294.00    
-294.00    -292.00    -296.00    -296.00    -296.00    -296.00    -296.00    -296.00    -296.00    -296.00    
-296.00    -296.00    -296.00    -296.00    -294.00    -292.00    -296.00    -294.00    -296.00    -296.00    
-296.00    -296.00    -296.00    -296.00    -296.00    -294.00    -296.00    -296.00    -296.00    -296.00    
