2.00     48.00    0.00     8.00     -12.00   -2.00    -28.00   8.00     -12.00   0.00     
-32.00   -18.00   4.00     -40.00   0.00     2.00     -16.00   10.00    0.00     -6.00    
-16.00   6.00     2.00     8.00     12.00    26.00    -12.00   4.00     6.00     -14.00   
2.00     -34.00   -40.00   12.00    -4.00    18.00    16.00    -2.00    -8.00    -12.00   
34.00    -42.00   24.00    12.00    -22.00   0.00     16.00    10.00    10.00    -8.00    
-52.00   -22.00   8.00     16.00    -8.00    0.00     2.00     8.00     2.00     4.00     
20.00    -6.00    -12.00   -34.00   -8.00    2.00     -16.00   -8.00    -2.00    -14.00   
-44.00   -2.00    -14.00   2.00     32.00    -20.00   -10.00   16.00    -4.00    14.00    
10.00    -20.00   0.00     22.00    10.00    14.00    16.00    14.00    16.00    2.00     
50.00    -40.00   52.00    -36.00   -16.00   12.00    14.00    4.00     -12.00   8.00     
