-10.00   -10.00   -4.00    14.00    -6.00    2.00     -2.00    6.00     -4.00    -2.00    
-18.00   -16.00   -6.00    -22.00   -6.00    4.00     -2.00    -4.00    -10.00   -8.00    
-24.00   -10.00   8.00     26.00    24.00    -2.00    4.00     6.00     -4.00    -4.00    
-52.00   -8.00    -8.00    -10.00   0.00     14.00    18.00    -12.00   -4.00    0.00     
-20.00   -20.00   4.00     -10.00   -18.00   -10.00   8.00     -12.00   -2.00    0.00     
-6.00    12.00    24.00    -16.00   -12.00   6.00     8.00     -4.00    -16.00   4.00     
-6.00    -14.00   -14.00   14.00    -4.00    24.00    12.00    6.00     -4.00    -4.00    
-28.00   2.00     -2.00    8.00     20.00    2.00     4.00     6.00     6.00     -6.00    
56.00    -40.00   -18.00   -4.00    -20.00   -6.00    0.00     12.00    -4.00    -8.00    
-20.00   22.00    -2.00    -26.00   -4.00    -8.00    12.00    12.00    4.00     -6.00    
-6.00    16.00    -18.00   30.00    14.00    -4.00    14.00    -2.00    10.00    -6.00    
-22.00   -6.00    -28.00   16.00    34.00    2.00     -10.00   -6.00    -12.00   -8.00    
-20.00   26.00    -38.00   6.00     -4.00    -2.00    -10.00   8.00     8.00     4.00     
-14.00   0.00     16.00    -2.00    0.00     -8.00    -8.00    6.00     10.00    0.00     
-20.00   -26.00   6.00     12.00    8.00     -10.00   14.00    0.00     4.00     6.00     
-10.00   -40.00   12.00    6.00     16.00    2.00     0.00     -2.00    -4.00    -6.00    
-8.00    34.00    6.00     -12.00   14.00    2.00     0.00     -4.00    -2.00    0.00     
-18.00   2.00     -4.00    -4.00    -12.00   4.00     -6.00    6.00     -6.00    -6.00    
34.00    -10.00   0.00     -14.00   -10.00   8.00     -18.00   -6.00    -2.00    6.00     
-72.00   6.00     18.00    16.00    0.00     -4.00    10.00    -4.00    2.00     -10.00   
