-152010.00 -152276.00 -152480.00 -152616.00 -152672.00 -152770.00 -152804.00 -152848.00 -152852.00 -152876.00 
-151976.00 -152262.00 -152472.00 -152588.00 -152672.00 -152754.00 -152804.00 -152822.00 -152872.00 -152862.00 
-151984.00 -152334.00 -152466.00 -152572.00 -152644.00 -152726.00 -152796.00 -152832.00 -152846.00 -152862.00 
-151994.00 -152306.00 -152424.00 -152584.00 -152700.00 -152730.00 -152832.00 -152842.00 -152864.00 -152868.00 
-152130.00 -152274.00 -152440.00 -152556.00 -152706.00 -152764.00 -152804.00 -152830.00 -152838.00 -152876.00 
-152160.00 -152250.00 -152496.00 -152616.00 -152664.00 -152772.00 -152790.00 -152844.00 -152858.00 -152860.00 
-152072.00 -152314.00 -152436.00 -152594.00 -152684.00 -152786.00 -152764.00 -152852.00 -152858.00 -152858.00 
-152012.00 -152310.00 -152426.00 -152642.00 -152664.00 -152744.00 -152798.00 -152828.00 -152852.00 -152854.00 
-151998.00 -152292.00 -152480.00 -152598.00 -152634.00 -152746.00 -152796.00 -152830.00 -152844.00 -152874.00 
-152054.00 -152264.00 -152400.00 -152548.00 -152656.00 -152740.00 -152786.00 -152824.00 -152828.00 -152872.00 
