-1186.00   -1190.00   -1190.00   -1192.00   -1190.00   -1192.00   -1192.00   -1192.00   -1192.00   -1192.00   
-1188.00   -1192.00   -1190.00   -1184.00   -1188.00   -1188.00   -1192.00   -1192.00   -1192.00   -1192.00   
-1182.00   -1188.00   -1192.00   -1192.00   -1190.00   -1192.00   -1192.00   -1192.00   -1192.00   -1192.00   
-1188.00   -1186.00   -1184.00   -1188.00   -1190.00   -1192.00   -1192.00   -1192.00   -1190.00   -1192.00   
-1182.00   -1180.00   -1190.00   -1190.00   -1192.00   -1192.00   -1192.00   -1190.00   -1192.00   -1192.00   
-1188.00   -1184.00   -1188.00   -1190.00   -1190.00   -1190.00   -1192.00   -1190.00   -1192.00   -1192.00   
-1188.00   -1186.00   -1190.00   -1190.00   -1190.00   -1192.00   -1192.00   -1192.00   -1192.00   -1192.00   
-1186.00   -1192.00   -1188.00   -1192.00   -1190.00   -1192.00   -1192.00   -1192.00   -1192.00   -1192.00   
-1186.00   -1190.00   -1192.00   -1188.00   -1190.00   -1192.00   -1192.00   -1192.00   -1192.00   -1192.00   
-1190.00   -1188.00   -1190.00   -1192.00   -1192.00   -1190.00   -1192.00   -1192.00   -1192.00   -1192.00   
-1184.00   -1188.00   -1190.00   -1188.00   -1190.00   -1188.00   -1190.00   -1192.00   -1192.00   -1192.00   
-1188.00   -1188.00   -1186.00   -1192.00   -1192.00   -1192.00   -1190.00   -1192.00   -1192.00   -1192.00   
-1188.00   -1184.00   -1190.00   -1192.00   -1190.00   -1190.00   -1192.00   -1192.00   -1192.00   -1192.00   
-1184.00   -1184.00   -1190.00   -1192.00   -1190.00   -1192.00   -1192.00   -1190.00   -1192.00   -1192.00   
-1190.00   -1188.00   -1188.00   -1188.00   -1188.00   -1192.00   -1192.00   -1192.00   -1192.00   -1192.00   
-1188.00   -1190.00   -1192.00   -1190.00   -1190.00   -1190.00   -1192.00   -1192.00   -1192.00   -1192.00   
-1188.00   -1188.00   -1190.00   -1192.00   -1190.00   -1192.00   -1192.00   -1192.00   -1192.00   -1192.00   
-1188.00   -1190.00   -1186.00   -1192.00   -1192.00   -1188.00   -1192.00   -1192.00   -1192.00   -1188.00   
-1178.00   -1192.00   -1186.00   -1188.00   -1192.00   -1192.00   -1192.00   -1192.00   -1192.00   -1192.00   
-1184.00   -1186.00   -1186.00   -1192.00   -1190.00   -1192.00   -1192.00   -1190.00   -1190.00   -1192.00   
-1188.00   -1188.00   -1190.00   -1192.00   -1192.00   -1192.00   -1192.00   -1192.00   -1192.00   -1192.00   
-1176.00   -1190.00   -1190.00   -1190.00   -1188.00   -1192.00   -1190.00   -1192.00   -1190.00   -1192.00   
-1188.00   -1184.00   -1190.00   -1190.00   -1192.00   -1192.00   -1192.00   -1192.00   -1190.00   -1192.00   
-1188.00   -1184.00   -1190.00   -1190.00   -1192.00   -1190.00   -1188.00   -1190.00   -1192.00   -1192.00   
-1188.00   -1188.00   -1182.00   -1192.00   -1190.00   -1190.00   -1190.00   -1192.00   -1192.00   -1192.00   
-1184.00   -1186.00   -1188.00   -1190.00   -1190.00   -1192.00   -1192.00   -1190.00   -1192.00   -1192.00   
-1184.00   -1186.00   -1188.00   -1192.00   -1188.00   -1192.00   -1190.00   -1190.00   -1192.00   -1190.00   
-1186.00   -1190.00   -1190.00   -1190.00   -1192.00   -1192.00   -1192.00   -1192.00   -1190.00   -1192.00   
-1188.00   -1190.00   -1190.00   -1190.00   -1192.00   -1188.00   -1190.00   -1192.00   -1192.00   -1190.00   
-1188.00   -1192.00   -1192.00   -1190.00   -1192.00   -1190.00   -1190.00   -1190.00   -1192.00   -1192.00   
-1184.00   -1186.00   -1186.00   -1190.00   -1192.00   -1190.00   -1192.00   -1192.00   -1192.00   -1192.00   
-1190.00   -1186.00   -1192.00   -1188.00   -1192.00   -1192.00   -1192.00   -1192.00   -1192.00   -1192.00   
-1178.00   -1182.00   -1190.00   -1192.00   -1188.00   -1192.00   -1192.00   -1192.00   -1192.00   -1192.00   
-1190.00   -1186.00   -1188.00   -1192.00   -1192.00   -1190.00   -1192.00   -1192.00   -1192.00   -1192.00   
-1184.00   -1184.00   -1188.00   -1190.00   -1190.00   -1192.00   -1192.00   -1192.00   -1192.00   -1192.00   
-1178.00   -1190.00   -1190.00   -1188.00   -1188.00   -1192.00   -1190.00   -1192.00   -1192.00   -1192.00   
-1188.00   -1188.00   -1188.00   -1188.00   -1190.00   -1192.00   -1192.00   -1192.00   -1192.00   -1192.00   
-1184.00   -1182.00   -1188.00   -1190.00   -1186.00   -1192.00   -1192.00   -1190.00   -1192.00   -1190.00   
-1184.00   -1188.00   -1188.00   -1188.00   -1190.00   -1192.00   -1192.00   -1190.00   -1192.00   -1192.00   
-1184.00   -1186.00   -1186.00   -1192.00   -1192.00   -1188.00   -1192.00   -1188.00   -1192.00   -1192.00   
-1182.00   -1190.00   -1184.00   -1190.00   -1190.00   -1192.00   -1190.00   -1192.00   -1192.00   -1192.00   
-1186.00   -1190.00   -1184.00   -1188.00   -1192.00   -1192.00   -1192.00   -1192.00   -1190.00   -1192.00   
-1188.00   -1192.00   -1190.00   -1188.00   -1188.00   -1190.00   -1192.00   -1190.00   -1192.00   -1192.00   
-1190.00   -1188.00   -1188.00   -1192.00   -1190.00   -1192.00   -1190.00   -1190.00   -1192.00   -1192.00   
-1188.00   -1192.00   -1192.00   -1188.00   -1192.00   -1192.00   -1188.00   -1192.00   -1190.00   -1192.00   
-1186.00   -1190.00   -1192.00   -1186.00   -1190.00   -1190.00   -1190.00   -1192.00   -1192.00   -1192.00   
-1188.00   -1188.00   -1190.00   -1192.00   -1190.00   -1192.00   -1192.00   -1190.00   -1190.00   -1192.00   
-1188.00   -1186.00   -1188.00   -1184.00   -1192.00   -1192.00   -1190.00   -1192.00   -1192.00   -1192.00   
-1188.00   -1186.00   -1188.00   -1192.00   -1190.00   -1190.00   -1192.00   -1192.00   -1192.00   -1192.00   
-1188.00   -1190.00   -1188.00   -1190.00   -1188.00   -1190.00   -1192.00   -1192.00   -1192.00   -1192.00   
-1188.00   -1188.00   -1190.00   -1190.00   -1192.00   -1192.00   -1190.00   -1192.00   -1192.00   -1192.00   
-1188.00   -1186.00   -1190.00   -1192.00   -1192.00   -1192.00   -1192.00   -1192.00   -1192.00   -1192.00   
-1188.00   -1190.00   -1190.00   -1186.00   -1188.00   -1192.00   -1192.00   -1192.00   -1192.00   -1192.00   
-1190.00   -1190.00   -1190.00   -1190.00   -1186.00   -1190.00   -1190.00   -1192.00   -1192.00   -1192.00   
-1188.00   -1188.00   -1188.00   -1192.00   -1190.00   -1192.00   -1190.00   -1192.00   -1190.00   -1192.00   
-1184.00   -1192.00   -1190.00   -1190.00   -1192.00   -1192.00   -1192.00   -1192.00   -1192.00   -1192.00   
-1186.00   -1190.00   -1186.00   -1190.00   -1190.00   -1190.00   -1192.00   -1190.00   -1192.00   -1192.00   
-1184.00   -1188.00   -1188.00   -1190.00   -1190.00   -1192.00   -1190.00   -1192.00   -1192.00   -1192.00   
-1188.00   -1188.00   -1184.00   -1192.00   -1192.00   -1190.00   -1192.00   -1188.00   -1190.00   -1192.00   
-1188.00   -1184.00   -1190.00   -1188.00   -1188.00   -1190.00   -1192.00   -1190.00   -1192.00   -1190.00   
-1188.00   -1192.00   -1190.00   -1190.00   -1190.00   -1192.00   -1192.00   -1192.00   -1190.00   -1190.00   
-1186.00   -1188.00   -1188.00   -1192.00   -1190.00   -1190.00   -1190.00   -1192.00   -1188.00   -1190.00   
-1186.00   -1188.00   -1190.00   -1188.00   -1188.00   -1188.00   -1190.00   -1192.00   -1192.00   -1192.00   
-1188.00   -1188.00   -1190.00   -1186.00   -1192.00   -1192.00   -1192.00   -1192.00   -1192.00   -1192.00   
-1190.00   -1192.00   -1192.00   -1190.00   -1192.00   -1190.00   -1192.00   -1192.00   -1190.00   -1192.00   
-1182.00   -1190.00   -1192.00   -1192.00   -1190.00   -1190.00   -1192.00   -1192.00   -1190.00   -1192.00   
-1180.00   -1192.00   -1188.00   -1190.00   -1192.00   -1192.00   -1192.00   -1192.00   -1192.00   -1192.00   
-1188.00   -1184.00   -1188.00   -1190.00   -1190.00   -1192.00   -1192.00   -1190.00   -1192.00   -1192.00   
-1182.00   -1186.00   -1184.00   -1192.00   -1190.00   -1192.00   -1190.00   -1192.00   -1190.00   -1192.00   
-1186.00   -1190.00   -1192.00   -1190.00   -1190.00   -1186.00   -1190.00   -1192.00   -1192.00   -1192.00   
-1174.00   -1192.00   -1192.00   -1190.00   -1184.00   -1192.00   -1190.00   -1192.00   -1192.00   -1192.00   
-1180.00   -1190.00   -1186.00   -1192.00   -1190.00   -1192.00   -1192.00   -1192.00   -1192.00   -1192.00   
-1184.00   -1188.00   -1188.00   -1188.00   -1188.00   -1192.00   -1190.00   -1192.00   -1192.00   -1190.00   
-1186.00   -1186.00   -1188.00   -1190.00   -1192.00   -1188.00   -1190.00   -1192.00   -1192.00   -1192.00   
-1188.00   -1186.00   -1188.00   -1186.00   -1192.00   -1192.00   -1192.00   -1192.00   -1192.00   -1192.00   
-1186.00   -1186.00   -1190.00   -1192.00   -1186.00   -1192.00   -1190.00   -1192.00   -1192.00   -1192.00   
-1192.00   -1182.00   -1190.00   -1190.00   -1190.00   -1192.00   -1192.00   -1192.00   -1192.00   -1190.00   
-1188.00   -1190.00   -1190.00   -1190.00   -1192.00   -1192.00   -1190.00   -1192.00   -1192.00   -1192.00   
-1186.00   -1188.00   -1190.00   -1192.00   -1192.00   -1192.00   -1190.00   -1192.00   -1192.00   -1192.00   
-1184.00   -1188.00   -1190.00   -1186.00   -1190.00   -1192.00   -1190.00   -1192.00   -1190.00   -1192.00   
-1192.00   -1190.00   -1188.00   -1190.00   -1190.00   -1190.00   -1192.00   -1192.00   -1192.00   -1192.00   
-1190.00   -1186.00   -1188.00   -1190.00   -1188.00   -1192.00   -1188.00   -1192.00   -1192.00   -1192.00   
-1186.00   -1186.00   -1188.00   -1190.00   -1192.00   -1192.00   -1192.00   -1192.00   -1192.00   -1192.00   
-1186.00   -1186.00   -1190.00   -1188.00   -1188.00   -1192.00   -1192.00   -1192.00   -1192.00   -1192.00   
-1190.00   -1190.00   -1190.00   -1190.00   -1190.00   -1192.00   -1192.00   -1192.00   -1192.00   -1192.00   
-1180.00   -1184.00   -1186.00   -1186.00   -1190.00   -1192.00   -1192.00   -1192.00   -1192.00   -1190.00   
-1186.00   -1190.00   -1190.00   -1192.00   -1192.00   -1190.00   -1190.00   -1192.00   -1190.00   -1192.00   
-1186.00   -1190.00   -1192.00   -1190.00   -1190.00   -1192.00   -1192.00   -1192.00   -1192.00   -1192.00   
-1190.00   -1188.00   -1188.00   -1186.00   -1190.00   -1190.00   -1192.00   -1190.00   -1192.00   -1192.00   
-1182.00   -1192.00   -1192.00   -1190.00   -1192.00   -1192.00   -1190.00   -1188.00   -1192.00   -1192.00   
-1188.00   -1188.00   -1188.00   -1188.00   -1190.00   -1192.00   -1192.00   -1192.00   -1192.00   -1190.00   
-1190.00   -1190.00   -1190.00   -1188.00   -1190.00   -1192.00   -1192.00   -1192.00   -1192.00   -1192.00   
-1188.00   -1188.00   -1186.00   -1190.00   -1192.00   -1192.00   -1192.00   -1192.00   -1192.00   -1192.00   
-1188.00   -1186.00   -1190.00   -1190.00   -1192.00   -1192.00   -1188.00   -1192.00   -1192.00   -1192.00   
-1186.00   -1184.00   -1186.00   -1190.00   -1190.00   -1192.00   -1192.00   -1192.00   -1192.00   -1192.00   
-1186.00   -1180.00   -1190.00   -1190.00   -1192.00   -1190.00   -1190.00   -1192.00   -1192.00   -1192.00   
-1188.00   -1188.00   -1190.00   -1192.00   -1190.00   -1190.00   -1192.00   -1192.00   -1192.00   -1192.00   
-1186.00   -1188.00   -1190.00   -1192.00   -1192.00   -1190.00   -1192.00   -1192.00   -1192.00   -1192.00   
-1184.00   -1188.00   -1188.00   -1190.00   -1190.00   -1190.00   -1192.00   -1192.00   -1190.00   -1192.00   
-1190.00   -1186.00   -1188.00   -1188.00   -1192.00   -1192.00   -1190.00   -1190.00   -1192.00   -1192.00   
-1192.00   -1190.00   -1190.00   -1192.00   -1192.00   -1190.00   -1192.00   -1190.00   -1190.00   -1190.00   
-1188.00   -1188.00   -1188.00   -1192.00   -1188.00   -1192.00   -1192.00   -1192.00   -1192.00   -1192.00   
-1186.00   -1190.00   -1192.00   -1188.00   -1186.00   -1190.00   -1192.00   -1190.00   -1192.00   -1190.00   
-1190.00   -1186.00   -1186.00   -1192.00   -1188.00   -1190.00   -1192.00   -1190.00   -1192.00   -1190.00   
-1186.00   -1184.00   -1188.00   -1190.00   -1184.00   -1190.00   -1192.00   -1192.00   -1192.00   -1192.00   
-1186.00   -1184.00   -1188.00   -1190.00   -1190.00   -1192.00   -1192.00   -1192.00   -1192.00   -1192.00   
-1190.00   -1192.00   -1188.00   -1188.00   -1192.00   -1190.00   -1190.00   -1192.00   -1192.00   -1192.00   
-1190.00   -1190.00   -1190.00   -1190.00   -1190.00   -1190.00   -1192.00   -1192.00   -1192.00   -1192.00   
-1184.00   -1188.00   -1192.00   -1190.00   -1190.00   -1190.00   -1192.00   -1192.00   -1192.00   -1192.00   
-1188.00   -1186.00   -1188.00   -1190.00   -1192.00   -1188.00   -1192.00   -1192.00   -1192.00   -1192.00   
-1192.00   -1190.00   -1192.00   -1190.00   -1192.00   -1192.00   -1192.00   -1190.00   -1190.00   -1192.00   
-1188.00   -1190.00   -1188.00   -1192.00   -1190.00   -1192.00   -1190.00   -1192.00   -1192.00   -1192.00   
-1186.00   -1188.00   -1188.00   -1192.00   -1192.00   -1192.00   -1192.00   -1192.00   -1192.00   -1192.00   
-1190.00   -1188.00   -1188.00   -1190.00   -1188.00   -1186.00   -1192.00   -1192.00   -1192.00   -1192.00   
-1182.00   -1188.00   -1186.00   -1188.00   -1190.00   -1192.00   -1192.00   -1192.00   -1190.00   -1192.00   
-1188.00   -1186.00   -1190.00   -1190.00   -1192.00   -1190.00   -1188.00   -1192.00   -1192.00   -1192.00   
-1190.00   -1190.00   -1190.00   -1192.00   -1192.00   -1190.00   -1192.00   -1192.00   -1192.00   -1192.00   
-1184.00   -1188.00   -1188.00   -1188.00   -1192.00   -1188.00   -1190.00   -1192.00   -1192.00   -1190.00   
-1190.00   -1184.00   -1190.00   -1192.00   -1190.00   -1192.00   -1192.00   -1192.00   -1190.00   -1192.00   
-1190.00   -1186.00   -1188.00   -1192.00   -1192.00   -1188.00   -1192.00   -1192.00   -1192.00   -1192.00   
-1186.00   -1190.00   -1188.00   -1192.00   -1188.00   -1192.00   -1192.00   -1192.00   -1192.00   -1192.00   
-1184.00   -1190.00   -1186.00   -1190.00   -1192.00   -1190.00   -1192.00   -1192.00   -1192.00   -1192.00   
-1188.00   -1190.00   -1192.00   -1188.00   -1190.00   -1192.00   -1192.00   -1192.00   -1192.00   -1192.00   
-1188.00   -1192.00   -1188.00   -1188.00   -1186.00   -1192.00   -1190.00   -1192.00   -1192.00   -1192.00   
-1182.00   -1184.00   -1188.00   -1192.00   -1192.00   -1192.00   -1192.00   -1192.00   -1192.00   -1192.00   
-1190.00   -1192.00   -1190.00   -1192.00   -1192.00   -1190.00   -1192.00   -1190.00   -1192.00   -1192.00   
-1186.00   -1186.00   -1190.00   -1188.00   -1190.00   -1192.00   -1192.00   -1192.00   -1192.00   -1192.00   
-1190.00   -1190.00   -1192.00   -1192.00   -1192.00   -1192.00   -1192.00   -1190.00   -1192.00   -1192.00   
-1174.00   -1192.00   -1180.00   -1184.00   -1190.00   -1190.00   -1192.00   -1192.00   -1192.00   -1192.00   
-1186.00   -1190.00   -1188.00   -1192.00   -1192.00   -1192.00   -1190.00   -1192.00   -1190.00   -1192.00   
-1188.00   -1190.00   -1192.00   -1184.00   -1190.00   -1192.00   -1192.00   -1192.00   -1192.00   -1192.00   
-1180.00   -1186.00   -1188.00   -1192.00   -1192.00   -1192.00   -1192.00   -1192.00   -1192.00   -1192.00   
-1182.00   -1180.00   -1192.00   -1190.00   -1186.00   -1188.00   -1190.00   -1192.00   -1192.00   -1192.00   
-1186.00   -1186.00   -1188.00   -1190.00   -1192.00   -1192.00   -1190.00   -1190.00   -1192.00   -1192.00   
-1190.00   -1192.00   -1186.00   -1188.00   -1192.00   -1192.00   -1190.00   -1192.00   -1192.00   -1192.00   
-1188.00   -1190.00   -1186.00   -1192.00   -1190.00   -1190.00   -1188.00   -1192.00   -1192.00   -1192.00   
-1184.00   -1186.00   -1192.00   -1188.00   -1192.00   -1190.00   -1192.00   -1192.00   -1192.00   -1192.00   
-1190.00   -1190.00   -1190.00   -1190.00   -1192.00   -1190.00   -1192.00   -1190.00   -1192.00   -1192.00   
-1186.00   -1186.00   -1184.00   -1182.00   -1192.00   -1190.00   -1192.00   -1190.00   -1192.00   -1190.00   
-1186.00   -1190.00   -1188.00   -1192.00   -1188.00   -1190.00   -1192.00   -1192.00   -1192.00   -1192.00   
-1184.00   -1190.00   -1184.00   -1184.00   -1192.00   -1192.00   -1188.00   -1192.00   -1190.00   -1192.00   
-1186.00   -1184.00   -1192.00   -1190.00   -1188.00   -1192.00   -1192.00   -1192.00   -1192.00   -1192.00   
-1188.00   -1188.00   -1192.00   -1190.00   -1192.00   -1192.00   -1192.00   -1192.00   -1192.00   -1192.00   
-1184.00   -1176.00   -1190.00   -1188.00   -1190.00   -1192.00   -1192.00   -1192.00   -1192.00   -1190.00   
-1184.00   -1186.00   -1190.00   -1192.00   -1190.00   -1192.00   -1192.00   -1192.00   -1192.00   -1192.00   
-1188.00   -1186.00   -1186.00   -1190.00   -1192.00   -1192.00   -1192.00   -1192.00   -1192.00   -1192.00   
-1184.00   -1188.00   -1192.00   -1190.00   -1192.00   -1192.00   -1192.00   -1192.00   -1192.00   -1192.00   
-1184.00   -1182.00   -1188.00   -1192.00   -1188.00   -1192.00   -1188.00   -1192.00   -1192.00   -1192.00   
-1190.00   -1186.00   -1186.00   -1192.00   -1190.00   -1190.00   -1188.00   -1190.00   -1192.00   -1192.00   
-1182.00   -1184.00   -1192.00   -1190.00   -1190.00   -1190.00   -1192.00   -1192.00   -1192.00   -1192.00   
-1188.00   -1190.00   -1186.00   -1190.00   -1192.00   -1190.00   -1192.00   -1192.00   -1192.00   -1192.00   
-1188.00   -1186.00   -1190.00   -1192.00   -1190.00   -1188.00   -1192.00   -1190.00   -1192.00   -1192.00   
-1178.00   -1188.00   -1188.00   -1192.00   -1190.00   -1192.00   -1190.00   -1192.00   -1192.00   -1192.00   
-1186.00   -1192.00   -1188.00   -1192.00   -1192.00   -1192.00   -1192.00   -1192.00   -1192.00   -1192.00   
-1190.00   -1192.00   -1186.00   -1190.00   -1186.00   -1192.00   -1192.00   -1192.00   -1192.00   -1192.00   
-1178.00   -1190.00   -1184.00   -1190.00   -1190.00   -1188.00   -1190.00   -1192.00   -1190.00   -1192.00   
-1186.00   -1188.00   -1190.00   -1190.00   -1192.00   -1188.00   -1192.00   -1190.00   -1192.00   -1192.00   
-1180.00   -1188.00   -1188.00   -1190.00   -1188.00   -1190.00   -1192.00   -1192.00   -1192.00   -1192.00   
-1188.00   -1188.00   -1192.00   -1192.00   -1192.00   -1192.00   -1192.00   -1192.00   -1192.00   -1192.00   
-1182.00   -1190.00   -1188.00   -1186.00   -1190.00   -1192.00   -1192.00   -1192.00   -1192.00   -1190.00   
-1188.00   -1190.00   -1184.00   -1192.00   -1190.00   -1192.00   -1192.00   -1192.00   -1192.00   -1192.00   
-1178.00   -1190.00   -1188.00   -1192.00   -1192.00   -1192.00   -1192.00   -1192.00   -1192.00   -1192.00   
-1188.00   -1192.00   -1188.00   -1192.00   -1190.00   -1190.00   -1190.00   -1190.00   -1192.00   -1192.00   
-1184.00   -1184.00   -1190.00   -1190.00   -1190.00   -1192.00   -1192.00   -1192.00   -1192.00   -1192.00   
-1178.00   -1180.00   -1192.00   -1190.00   -1192.00   -1190.00   -1192.00   -1192.00   -1192.00   -1192.00   
-1188.00   -1190.00   -1188.00   -1192.00   -1190.00   -1190.00   -1192.00   -1190.00   -1192.00   -1192.00   
-1188.00   -1190.00   -1192.00   -1192.00   -1188.00   -1192.00   -1192.00   -1190.00   -1190.00   -1192.00   
-1188.00   -1188.00   -1190.00   -1190.00   -1190.00   -1192.00   -1190.00   -1190.00   -1192.00   -1192.00   
-1180.00   -1186.00   -1184.00   -1190.00   -1192.00   -1192.00   -1192.00   -1192.00   -1190.00   -1192.00   
-1186.00   -1188.00   -1190.00   -1192.00   -1192.00   -1188.00   -1190.00   -1192.00   -1192.00   -1192.00   
-1184.00   -1188.00   -1190.00   -1188.00   -1192.00   -1192.00   -1192.00   -1192.00   -1190.00   -1190.00   
-1186.00   -1186.00   -1186.00   -1186.00   -1192.00   -1192.00   -1190.00   -1192.00   -1190.00   -1192.00   
-1190.00   -1186.00   -1190.00   -1190.00   -1192.00   -1192.00   -1192.00   -1192.00   -1192.00   -1192.00   
-1192.00   -1190.00   -1188.00   -1192.00   -1188.00   -1192.00   -1190.00   -1192.00   -1190.00   -1192.00   
-1192.00   -1188.00   -1188.00   -1190.00   -1192.00   -1192.00   -1192.00   -1192.00   -1190.00   -1190.00   
-1182.00   -1186.00   -1186.00   -1192.00   -1190.00   -1192.00   -1188.00   -1192.00   -1192.00   -1192.00   
-1186.00   -1190.00   -1186.00   -1190.00   -1192.00   -1190.00   -1188.00   -1188.00   -1192.00   -1190.00   
-1186.00   -1190.00   -1192.00   -1192.00   -1190.00   -1190.00   -1192.00   -1192.00   -1190.00   -1192.00   
-1184.00   -1188.00   -1186.00   -1190.00   -1192.00   -1190.00   -1192.00   -1192.00   -1192.00   -1192.00   
-1188.00   -1192.00   -1188.00   -1192.00   -1192.00   -1192.00   -1190.00   -1192.00   -1192.00   -1192.00   
-1188.00   -1182.00   -1188.00   -1192.00   -1190.00   -1192.00   -1192.00   -1190.00   -1192.00   -1192.00   
-1182.00   -1188.00   -1190.00   -1192.00   -1186.00   -1192.00   -1192.00   -1192.00   -1190.00   -1192.00   
-1190.00   -1186.00   -1190.00   -1190.00   -1190.00   -1192.00   -1192.00   -1192.00   -1192.00   -1192.00   
-1188.00   -1186.00   -1182.00   -1190.00   -1190.00   -1192.00   -1190.00   -1192.00   -1192.00   -1192.00   
-1182.00   -1186.00   -1190.00   -1192.00   -1192.00   -1192.00   -1190.00   -1192.00   -1192.00   -1192.00   
-1186.00   -1184.00   -1190.00   -1190.00   -1192.00   -1192.00   -1192.00   -1192.00   -1192.00   -1192.00   
-1190.00   -1188.00   -1190.00   -1190.00   -1190.00   -1190.00   -1190.00   -1192.00   -1190.00   -1192.00   
-1184.00   -1186.00   -1190.00   -1190.00   -1190.00   -1190.00   -1190.00   -1190.00   -1192.00   -1192.00   
-1184.00   -1190.00   -1184.00   -1188.00   -1192.00   -1192.00   -1188.00   -1192.00   -1192.00   -1192.00   
-1186.00   -1192.00   -1186.00   -1190.00   -1192.00   -1188.00   -1192.00   -1192.00   -1192.00   -1190.00   
-1182.00   -1182.00   -1186.00   -1184.00   -1190.00   -1190.00   -1192.00   -1192.00   -1192.00   -1192.00   
-1188.00   -1184.00   -1188.00   -1192.00   -1192.00   -1192.00   -1190.00   -1190.00   -1192.00   -1192.00   
-1184.00   -1184.00   -1192.00   -1188.00   -1192.00   -1192.00   -1192.00   -1192.00   -1192.00   -1192.00   
-1182.00   -1190.00   -1188.00   -1188.00   -1190.00   -1192.00   -1192.00   -1192.00   -1192.00   -1192.00   
-1190.00   -1186.00   -1190.00   -1188.00   -1188.00   -1190.00   -1190.00   -1192.00   -1192.00   -1192.00   
-1190.00   -1186.00   -1190.00   -1186.00   -1192.00   -1190.00   -1192.00   -1190.00   -1190.00   -1192.00   
-1184.00   -1190.00   -1190.00   -1186.00   -1192.00   -1190.00   -1192.00   -1190.00   -1192.00   -1190.00   
-1184.00   -1184.00   -1190.00   -1192.00   -1188.00   -1192.00   -1192.00   -1192.00   -1192.00   -1192.00   
-1190.00   -1182.00   -1188.00   -1184.00   -1188.00   -1190.00   -1190.00   -1192.00   -1192.00   -1192.00   
-1188.00   -1186.00   -1188.00   -1192.00   -1190.00   -1192.00   -1192.00   -1192.00   -1192.00   -1192.00   
-1184.00   -1190.00   -1186.00   -1192.00   -1192.00   -1190.00   -1192.00   -1192.00   -1192.00   -1192.00   
-1184.00   -1180.00   -1184.00   -1192.00   -1190.00   -1192.00   -1192.00   -1190.00   -1192.00   -1192.00   
-1190.00   -1190.00   -1192.00   -1190.00   -1192.00   -1190.00   -1192.00   -1192.00   -1192.00   -1192.00   
-1178.00   -1190.00   -1192.00   -1190.00   -1192.00   -1192.00   -1192.00   -1192.00   -1192.00   -1192.00   
-1186.00   -1184.00   -1192.00   -1188.00   -1188.00   -1190.00   -1192.00   -1192.00   -1192.00   -1192.00   
-1184.00   -1190.00   -1192.00   -1186.00   -1184.00   -1192.00   -1192.00   -1192.00   -1190.00   -1192.00   
-1192.00   -1186.00   -1188.00   -1188.00   -1190.00   -1190.00   -1190.00   -1192.00   -1192.00   -1192.00   
-1190.00   -1190.00   -1186.00   -1190.00   -1190.00   -1192.00   -1192.00   -1190.00   -1188.00   -1192.00   
-1184.00   -1188.00   -1188.00   -1192.00   -1188.00   -1188.00   -1192.00   -1190.00   -1192.00   -1192.00   
-1186.00   -1192.00   -1192.00   -1192.00   -1190.00   -1190.00   -1192.00   -1192.00   -1192.00   -1192.00   
-1186.00   -1190.00   -1192.00   -1186.00   -1192.00   -1190.00   -1192.00   -1192.00   -1192.00   -1192.00   
-1190.00   -1180.00   -1184.00   -1190.00   -1192.00   -1192.00   -1192.00   -1190.00   -1190.00   -1192.00   
-1188.00   -1186.00   -1184.00   -1192.00   -1192.00   -1192.00   -1192.00   -1192.00   -1192.00   -1192.00   
-1182.00   -1190.00   -1190.00   -1190.00   -1192.00   -1192.00   -1192.00   -1192.00   -1190.00   -1192.00   
-1184.00   -1184.00   -1190.00   -1188.00   -1188.00   -1192.00   -1192.00   -1192.00   -1192.00   -1190.00   
-1180.00   -1190.00   -1190.00   -1190.00   -1190.00   -1192.00   -1192.00   -1192.00   -1192.00   -1192.00   
-1184.00   -1188.00   -1190.00   -1186.00   -1190.00   -1192.00   -1192.00   -1192.00   -1192.00   -1192.00   
-1192.00   -1182.00   -1190.00   -1190.00   -1188.00   -1188.00   -1190.00   -1192.00   -1192.00   -1192.00   
-1192.00   -1192.00   -1188.00   -1190.00   -1190.00   -1190.00   -1192.00   -1192.00   -1192.00   -1192.00   
-1180.00   -1186.00   -1188.00   -1190.00   -1186.00   -1192.00   -1190.00   -1192.00   -1192.00   -1192.00   
-1188.00   -1188.00   -1190.00   -1192.00   -1192.00   -1190.00   -1192.00   -1192.00   -1192.00   -1190.00   
-1190.00   -1188.00   -1190.00   -1192.00   -1192.00   -1190.00   -1190.00   -1190.00   -1190.00   -1190.00   
-1184.00   -1188.00   -1188.00   -1188.00   -1190.00   -1192.00   -1192.00   -1192.00   -1192.00   -1192.00   
-1188.00   -1188.00   -1192.00   -1192.00   -1192.00   -1192.00   -1190.00   -1192.00   -1192.00   -1192.00   
-1186.00   -1192.00   -1188.00   -1192.00   -1190.00   -1188.00   -1192.00   -1192.00   -1192.00   -1192.00   
-1184.00   -1186.00   -1188.00   -1188.00   -1192.00   -1192.00   -1192.00   -1192.00   -1192.00   -1192.00   
-1184.00   -1188.00   -1192.00   -1188.00   -1186.00   -1192.00   -1192.00   -1190.00   -1192.00   -1188.00   
-1186.00   -1186.00   -1190.00   -1190.00   -1192.00   -1192.00   -1190.00   -1192.00   -1192.00   -1192.00   
-1186.00   -1192.00   -1180.00   -1192.00   -1192.00   -1192.00   -1190.00   -1190.00   -1192.00   -1192.00   
-1188.00   -1188.00   -1190.00   -1192.00   -1188.00   -1192.00   -1190.00   -1192.00   -1192.00   -1192.00   
-1188.00   -1186.00   -1190.00   -1190.00   -1192.00   -1192.00   -1192.00   -1192.00   -1188.00   -1192.00   
-1190.00   -1188.00   -1190.00   -1190.00   -1192.00   -1192.00   -1192.00   -1192.00   -1192.00   -1192.00   
-1188.00   -1184.00   -1186.00   -1192.00   -1192.00   -1192.00   -1192.00   -1192.00   -1192.00   -1192.00   
-1190.00   -1184.00   -1192.00   -1192.00   -1192.00   -1190.00   -1192.00   -1192.00   -1192.00   -1192.00   
-1190.00   -1188.00   -1190.00   -1186.00   -1190.00   -1192.00   -1192.00   -1192.00   -1192.00   -1192.00   
-1186.00   -1188.00   -1192.00   -1190.00   -1192.00   -1190.00   -1192.00   -1192.00   -1192.00   -1192.00   
-1182.00   -1192.00   -1192.00   -1186.00   -1190.00   -1192.00   -1188.00   -1192.00   -1192.00   -1192.00   
-1184.00   -1190.00   -1188.00   -1192.00   -1192.00   -1192.00   -1192.00   -1192.00   -1192.00   -1192.00   
-1182.00   -1182.00   -1190.00   -1192.00   -1190.00   -1190.00   -1192.00   -1192.00   -1192.00   -1192.00   
-1184.00   -1186.00   -1190.00   -1184.00   -1188.00   -1190.00   -1192.00   -1192.00   -1192.00   -1192.00   
-1188.00   -1188.00   -1186.00   -1190.00   -1188.00   -1192.00   -1190.00   -1192.00   -1192.00   -1192.00   
-1184.00   -1188.00   -1184.00   -1192.00   -1188.00   -1190.00   -1192.00   -1192.00   -1192.00   -1190.00   
-1188.00   -1188.00   -1186.00   -1188.00   -1192.00   -1192.00   -1192.00   -1192.00   -1192.00   -1192.00   
-1188.00   -1188.00   -1192.00   -1190.00   -1190.00   -1192.00   -1192.00   -1192.00   -1192.00   -1192.00   
-1186.00   -1190.00   -1192.00   -1190.00   -1188.00   -1192.00   -1192.00   -1192.00   -1192.00   -1192.00   
-1188.00   -1182.00   -1188.00   -1188.00   -1192.00   -1188.00   -1192.00   -1190.00   -1192.00   -1192.00   
-1186.00   -1192.00   -1188.00   -1190.00   -1192.00   -1192.00   -1192.00   -1192.00   -1192.00   -1192.00   
-1192.00   -1186.00   -1186.00   -1188.00   -1192.00   -1192.00   -1192.00   -1190.00   -1192.00   -1192.00   
-1186.00   -1186.00   -1188.00   -1188.00   -1192.00   -1192.00   -1190.00   -1192.00   -1192.00   -1192.00   
-1190.00   -1184.00   -1192.00   -1186.00   -1190.00   -1192.00   -1192.00   -1192.00   -1192.00   -1192.00   
-1186.00   -1190.00   -1190.00   -1190.00   -1192.00   -1190.00   -1192.00   -1190.00   -1192.00   -1192.00   
-1186.00   -1190.00   -1188.00   -1190.00   -1192.00   -1192.00   -1190.00   -1190.00   -1192.00   -1192.00   
-1182.00   -1182.00   -1186.00   -1190.00   -1192.00   -1192.00   -1192.00   -1192.00   -1192.00   -1192.00   
-1184.00   -1190.00   -1186.00   -1190.00   -1190.00   -1192.00   -1192.00   -1192.00   -1192.00   -1192.00   
-1188.00   -1188.00   -1190.00   -1188.00   -1186.00   -1190.00   -1192.00   -1192.00   -1192.00   -1192.00   
-1184.00   -1190.00   -1190.00   -1192.00   -1190.00   -1190.00   -1192.00   -1192.00   -1190.00   -1192.00   
-1192.00   -1192.00   -1188.00   -1188.00   -1192.00   -1190.00   -1190.00   -1192.00   -1190.00   -1192.00   
-1184.00   -1188.00   -1186.00   -1192.00   -1190.00   -1192.00   -1192.00   -1192.00   -1192.00   -1192.00   
-1190.00   -1184.00   -1190.00   -1190.00   -1192.00   -1190.00   -1192.00   -1192.00   -1192.00   -1192.00   
-1174.00   -1190.00   -1188.00   -1190.00   -1190.00   -1192.00   -1190.00   -1190.00   -1192.00   -1192.00   
-1184.00   -1188.00   -1188.00   -1188.00   -1192.00   -1186.00   -1192.00   -1192.00   -1192.00   -1190.00   
-1186.00   -1184.00   -1192.00   -1192.00   -1188.00   -1188.00   -1190.00   -1190.00   -1192.00   -1192.00   
-1184.00   -1184.00   -1190.00   -1190.00   -1188.00   -1190.00   -1190.00   -1192.00   -1192.00   -1192.00   
-1188.00   -1190.00   -1192.00   -1190.00   -1190.00   -1192.00   -1192.00   -1192.00   -1192.00   -1192.00   
-1188.00   -1190.00   -1192.00   -1190.00   -1190.00   -1190.00   -1192.00   -1192.00   -1192.00   -1192.00   
-1190.00   -1186.00   -1186.00   -1188.00   -1190.00   -1192.00   -1192.00   -1192.00   -1192.00   -1192.00   
-1190.00   -1192.00   -1190.00   -1192.00   -1190.00   -1188.00   -1190.00   -1192.00   -1192.00   -1192.00   
-1188.00   -1188.00   -1188.00   -1192.00   -1190.00   -1188.00   -1192.00   -1192.00   -1192.00   -1192.00   
-1188.00   -1190.00   -1188.00   -1190.00   -1192.00   -1192.00   -1192.00   -1192.00   -1192.00   -1192.00   
-1192.00   -1186.00   -1190.00   -1192.00   -1192.00   -1192.00   -1192.00   -1192.00   -1192.00   -1190.00   
-1186.00   -1190.00   -1188.00   -1188.00   -1190.00   -1190.00   -1190.00   -1190.00   -1192.00   -1192.00   
-1182.00   -1190.00   -1188.00   -1190.00   -1190.00   -1192.00   -1190.00   -1190.00   -1192.00   -1192.00   
-1186.00   -1184.00   -1186.00   -1188.00   -1192.00   -1192.00   -1190.00   -1192.00   -1192.00   -1192.00   
-1178.00   -1190.00   -1190.00   -1190.00   -1192.00   -1192.00   -1190.00   -1190.00   -1190.00   -1192.00   
-1188.00   -1182.00   -1186.00   -1192.00   -1190.00   -1190.00   -1190.00   -1192.00   -1192.00   -1192.00   
-1184.00   -1192.00   -1188.00   -1186.00   -1192.00   -1192.00   -1192.00   -1192.00   -1192.00   -1192.00   
-1188.00   -1190.00   -1192.00   -1190.00   -1190.00   -1192.00   -1192.00   -1192.00   -1192.00   -1192.00   
-1188.00   -1188.00   -1192.00   -1186.00   -1192.00   -1192.00   -1192.00   -1192.00   -1192.00   -1192.00   
-1190.00   -1186.00   -1192.00   -1190.00   -1190.00   -1192.00   -1190.00   -1192.00   -1192.00   -1192.00   
-1188.00   -1192.00   -1182.00   -1192.00   -1192.00   -1192.00   -1190.00   -1192.00   -1192.00   -1192.00   
-1184.00   -1188.00   -1190.00   -1190.00   -1192.00   -1190.00   -1192.00   -1192.00   -1192.00   -1190.00   
-1190.00   -1188.00   -1188.00   -1190.00   -1190.00   -1192.00   -1192.00   -1192.00   -1190.00   -1192.00   
-1188.00   -1190.00   -1184.00   -1190.00   -1190.00   -1192.00   -1190.00   -1192.00   -1192.00   -1192.00   
-1190.00   -1188.00   -1192.00   -1184.00   -1190.00   -1188.00   -1190.00   -1192.00   -1192.00   -1192.00   
-1182.00   -1184.00   -1190.00   -1190.00   -1192.00   -1192.00   -1192.00   -1192.00   -1192.00   -1192.00   
-1186.00   -1184.00   -1190.00   -1192.00   -1192.00   -1190.00   -1192.00   -1192.00   -1192.00   -1192.00   
-1190.00   -1192.00   -1190.00   -1190.00   -1186.00   -1192.00   -1188.00   -1190.00   -1192.00   -1192.00   
-1186.00   -1186.00   -1190.00   -1186.00   -1190.00   -1190.00   -1192.00   -1192.00   -1190.00   -1192.00   
-1190.00   -1188.00   -1192.00   -1188.00   -1192.00   -1192.00   -1192.00   -1192.00   -1192.00   -1192.00   
-1190.00   -1182.00   -1190.00   -1192.00   -1190.00   -1192.00   -1190.00   -1192.00   -1192.00   -1192.00   
-1192.00   -1190.00   -1190.00   -1192.00   -1190.00   -1190.00   -1190.00   -1192.00   -1190.00   -1192.00   
-1190.00   -1188.00   -1192.00   -1190.00   -1190.00   -1190.00   -1190.00   -1192.00   -1192.00   -1192.00   
-1186.00   -1186.00   -1182.00   -1190.00   -1188.00   -1190.00   -1192.00   -1192.00   -1192.00   -1192.00   
-1188.00   -1190.00   -1188.00   -1192.00   -1192.00   -1190.00   -1190.00   -1192.00   -1192.00   -1192.00   
-1184.00   -1184.00   -1192.00   -1188.00   -1190.00   -1192.00   -1192.00   -1192.00   -1192.00   -1192.00   
-1192.00   -1188.00   -1192.00   -1186.00   -1192.00   -1192.00   -1190.00   -1192.00   -1192.00   -1192.00   
-1192.00   -1192.00   -1184.00   -1190.00   -1192.00   -1190.00   -1192.00   -1192.00   -1192.00   -1192.00   
-1184.00   -1190.00   -1190.00   -1186.00   -1188.00   -1192.00   -1190.00   -1192.00   -1190.00   -1192.00   
-1184.00   -1188.00   -1188.00   -1190.00   -1190.00   -1192.00   -1188.00   -1192.00   -1192.00   -1192.00   
-1188.00   -1188.00   -1190.00   -1190.00   -1192.00   -1192.00   -1192.00   -1192.00   -1192.00   -1192.00   
-1186.00   -1182.00   -1188.00   -1192.00   -1192.00   -1192.00   -1192.00   -1190.00   -1190.00   -1192.00   
-1180.00   -1190.00   -1192.00   -1188.00   -1190.00   -1192.00   -1190.00   -1192.00   -1192.00   -1190.00   
-1180.00   -1180.00   -1190.00   -1190.00   -1190.00   -1192.00   -1190.00   -1192.00   -1192.00   -1192.00   
-1190.00   -1186.00   -1188.00   -1190.00   -1190.00   -1192.00   -1192.00   -1190.00   -1192.00   -1192.00   
-1182.00   -1190.00   -1186.00   -1192.00   -1192.00   -1192.00   -1192.00   -1192.00   -1192.00   -1192.00   
-1190.00   -1188.00   -1186.00   -1192.00   -1192.00   -1188.00   -1192.00   -1190.00   -1192.00   -1192.00   
-1184.00   -1190.00   -1186.00   -1192.00   -1192.00   -1192.00   -1188.00   -1192.00   -1192.00   -1192.00   
-1186.00   -1186.00   -1188.00   -1192.00   -1192.00   -1192.00   -1192.00   -1192.00   -1190.00   -1192.00   
-1190.00   -1188.00   -1188.00   -1188.00   -1188.00   -1188.00   -1192.00   -1192.00   -1192.00   -1192.00   
-1188.00   -1190.00   -1190.00   -1192.00   -1190.00   -1192.00   -1192.00   -1192.00   -1192.00   -1192.00   
-1186.00   -1190.00   -1190.00   -1192.00   -1190.00   -1192.00   -1192.00   -1192.00   -1192.00   -1192.00   
-1188.00   -1186.00   -1186.00   -1190.00   -1190.00   -1190.00   -1192.00   -1192.00   -1192.00   -1192.00   
-1182.00   -1186.00   -1188.00   -1190.00   -1192.00   -1192.00   -1192.00   -1190.00   -1192.00   -1192.00   
-1188.00   -1190.00   -1186.00   -1188.00   -1192.00   -1190.00   -1190.00   -1192.00   -1192.00   -1192.00   
-1180.00   -1188.00   -1190.00   -1190.00   -1190.00   -1190.00   -1192.00   -1192.00   -1192.00   -1192.00   
-1182.00   -1188.00   -1190.00   -1188.00   -1192.00   -1190.00   -1192.00   -1192.00   -1190.00   -1192.00   
-1184.00   -1186.00   -1190.00   -1190.00   -1190.00   -1190.00   -1190.00   -1190.00   -1190.00   -1192.00   
-1186.00   -1186.00   -1186.00   -1192.00   -1192.00   -1192.00   -1188.00   -1190.00   -1192.00   -1192.00   
-1186.00   -1192.00   -1178.00   -1186.00   -1188.00   -1192.00   -1192.00   -1188.00   -1192.00   -1192.00   
-1178.00   -1188.00   -1192.00   -1192.00   -1192.00   -1192.00   -1192.00   -1192.00   -1192.00   -1192.00   
-1190.00   -1186.00   -1190.00   -1190.00   -1188.00   -1190.00   -1190.00   -1192.00   -1192.00   -1192.00   
-1188.00   -1180.00   -1192.00   -1188.00   -1192.00   -1192.00   -1192.00   -1192.00   -1192.00   -1192.00   
-1190.00   -1186.00   -1186.00   -1192.00   -1190.00   -1192.00   -1190.00   -1192.00   -1190.00   -1192.00   
-1186.00   -1190.00   -1190.00   -1190.00   -1192.00   -1190.00   -1190.00   -1192.00   -1192.00   -1192.00   
-1186.00   -1190.00   -1186.00   -1192.00   -1188.00   -1190.00   -1192.00   -1192.00   -1192.00   -1192.00   
-1188.00   -1188.00   -1190.00   -1192.00   -1190.00   -1188.00   -1192.00   -1190.00   -1192.00   -1192.00   
-1184.00   -1192.00   -1192.00   -1188.00   -1192.00   -1190.00   -1192.00   -1192.00   -1192.00   -1192.00   
-1186.00   -1188.00   -1190.00   -1190.00   -1192.00   -1192.00   -1192.00   -1192.00   -1190.00   -1192.00   
-1186.00   -1190.00   -1188.00   -1186.00   -1190.00   -1192.00   -1192.00   -1190.00   -1192.00   -1192.00   
-1178.00   -1188.00   -1188.00   -1188.00   -1188.00   -1188.00   -1190.00   -1190.00   -1192.00   -1192.00   
-1186.00   -1192.00   -1186.00   -1192.00   -1190.00   -1192.00   -1192.00   -1190.00   -1192.00   -1192.00   
-1186.00   -1188.00   -1190.00   -1188.00   -1192.00   -1192.00   -1192.00   -1190.00   -1192.00   -1192.00   
-1190.00   -1190.00   -1188.00   -1192.00   -1192.00   -1192.00   -1192.00   -1192.00   -1192.00   -1192.00   
-1188.00   -1186.00   -1182.00   -1190.00   -1190.00   -1192.00   -1190.00   -1192.00   -1192.00   -1192.00   
-1188.00   -1192.00   -1188.00   -1188.00   -1192.00   -1192.00   -1192.00   -1192.00   -1192.00   -1192.00   
-1182.00   -1192.00   -1188.00   -1190.00   -1192.00   -1192.00   -1192.00   -1192.00   -1192.00   -1190.00   
-1182.00   -1188.00   -1188.00   -1188.00   -1190.00   -1192.00   -1192.00   -1192.00   -1192.00   -1192.00   
-1192.00   -1186.00   -1190.00   -1188.00   -1192.00   -1192.00   -1192.00   -1192.00   -1192.00   -1190.00   
-1186.00   -1192.00   -1190.00   -1190.00   -1192.00   -1190.00   -1192.00   -1192.00   -1192.00   -1192.00   
-1188.00   -1190.00   -1186.00   -1192.00   -1188.00   -1192.00   -1190.00   -1192.00   -1192.00   -1192.00   
-1192.00   -1190.00   -1190.00   -1192.00   -1190.00   -1190.00   -1192.00   -1190.00   -1192.00   -1192.00   
-1192.00   -1190.00   -1192.00   -1190.00   -1192.00   -1192.00   -1190.00   -1192.00   -1192.00   -1192.00   
-1190.00   -1188.00   -1190.00   -1190.00   -1188.00   -1192.00   -1192.00   -1192.00   -1192.00   -1192.00   
-1188.00   -1186.00   -1188.00   -1188.00   -1192.00   -1192.00   -1192.00   -1192.00   -1192.00   -1192.00   
-1186.00   -1184.00   -1192.00   -1184.00   -1190.00   -1188.00   -1192.00   -1192.00   -1192.00   -1192.00   
-1188.00   -1180.00   -1188.00   -1190.00   -1186.00   -1192.00   -1192.00   -1190.00   -1190.00   -1192.00   
-1180.00   -1190.00   -1188.00   -1192.00   -1190.00   -1188.00   -1190.00   -1192.00   -1192.00   -1192.00   
-1182.00   -1186.00   -1192.00   -1186.00   -1192.00   -1190.00   -1190.00   -1192.00   -1192.00   -1192.00   
-1182.00   -1188.00   -1190.00   -1190.00   -1192.00   -1192.00   -1192.00   -1192.00   -1192.00   -1192.00   
-1188.00   -1186.00   -1188.00   -1190.00   -1190.00   -1192.00   -1192.00   -1192.00   -1192.00   -1192.00   
-1188.00   -1188.00   -1192.00   -1192.00   -1188.00   -1190.00   -1190.00   -1192.00   -1190.00   -1192.00   
-1192.00   -1190.00   -1192.00   -1192.00   -1190.00   -1192.00   -1190.00   -1190.00   -1192.00   -1192.00   
-1186.00   -1190.00   -1186.00   -1192.00   -1192.00   -1192.00   -1190.00   -1192.00   -1192.00   -1192.00   
-1186.00   -1186.00   -1188.00   -1190.00   -1188.00   -1192.00   -1192.00   -1192.00   -1192.00   -1190.00   
-1186.00   -1188.00   -1190.00   -1192.00   -1188.00   -1190.00   -1190.00   -1190.00   -1192.00   -1192.00   
-1184.00   -1192.00   -1192.00   -1186.00   -1190.00   -1190.00   -1192.00   -1192.00   -1192.00   -1192.00   
-1186.00   -1182.00   -1192.00   -1192.00   -1190.00   -1192.00   -1190.00   -1192.00   -1192.00   -1192.00   
-1188.00   -1190.00   -1188.00   -1190.00   -1192.00   -1190.00   -1192.00   -1192.00   -1188.00   -1192.00   
-1188.00   -1188.00   -1190.00   -1190.00   -1190.00   -1192.00   -1188.00   -1192.00   -1192.00   -1192.00   
-1188.00   -1188.00   -1192.00   -1192.00   -1192.00   -1192.00   -1190.00   -1188.00   -1190.00   -1192.00   
-1188.00   -1190.00   -1190.00   -1192.00   -1192.00   -1190.00   -1190.00   -1192.00   -1192.00   -1192.00   
-1188.00   -1190.00   -1188.00   -1190.00   -1188.00   -1190.00   -1192.00   -1192.00   -1192.00   -1192.00   
-1188.00   -1186.00   -1190.00   -1188.00   -1192.00   -1190.00   -1190.00   -1192.00   -1192.00   -1192.00   
-1184.00   -1188.00   -1190.00   -1192.00   -1190.00   -1190.00   -1192.00   -1192.00   -1192.00   -1192.00   
-1182.00   -1186.00   -1188.00   -1192.00   -1190.00   -1192.00   -1190.00   -1192.00   -1192.00   -1192.00   
-1190.00   -1190.00   -1186.00   -1192.00   -1190.00   -1192.00   -1192.00   -1190.00   -1192.00   -1192.00   
-1184.00   -1186.00   -1190.00   -1192.00   -1192.00   -1192.00   -1188.00   -1192.00   -1192.00   -1192.00   
-1190.00   -1190.00   -1188.00   -1190.00   -1190.00   -1192.00   -1192.00   -1192.00   -1192.00   -1192.00   
-1182.00   -1192.00   -1192.00   -1190.00   -1188.00   -1190.00   -1192.00   -1192.00   -1192.00   -1192.00   
-1188.00   -1188.00   -1190.00   -1190.00   -1192.00   -1192.00   -1192.00   -1190.00   -1192.00   -1192.00   
-1184.00   -1190.00   -1188.00   -1190.00   -1190.00   -1190.00   -1190.00   -1192.00   -1192.00   -1190.00   
-1184.00   -1182.00   -1186.00   -1188.00   -1188.00   -1192.00   -1192.00   -1192.00   -1192.00   -1192.00   
-1188.00   -1184.00   -1190.00   -1192.00   -1190.00   -1192.00   -1192.00   -1192.00   -1192.00   -1192.00   
-1192.00   -1184.00   -1192.00   -1192.00   -1192.00   -1192.00   -1186.00   -1190.00   -1192.00   -1192.00   
-1182.00   -1190.00   -1190.00   -1188.00   -1190.00   -1188.00   -1190.00   -1188.00   -1192.00   -1192.00   
-1188.00   -1188.00   -1192.00   -1190.00   -1192.00   -1192.00   -1192.00   -1192.00   -1192.00   -1192.00   
-1190.00   -1184.00   -1188.00   -1186.00   -1192.00   -1188.00   -1192.00   -1192.00   -1190.00   -1192.00   
-1192.00   -1190.00   -1190.00   -1190.00   -1192.00   -1192.00   -1192.00   -1192.00   -1192.00   -1192.00   
-1190.00   -1186.00   -1192.00   -1190.00   -1186.00   -1192.00   -1192.00   -1192.00   -1192.00   -1192.00   
-1184.00   -1182.00   -1184.00   -1190.00   -1192.00   -1192.00   -1190.00   -1192.00   -1192.00   -1192.00   
-1190.00   -1190.00   -1188.00   -1186.00   -1188.00   -1190.00   -1192.00   -1192.00   -1192.00   -1192.00   
-1188.00   -1192.00   -1192.00   -1192.00   -1192.00   -1190.00   -1192.00   -1192.00   -1192.00   -1192.00   
-1188.00   -1188.00   -1190.00   -1192.00   -1190.00   -1192.00   -1192.00   -1192.00   -1192.00   -1192.00   
-1188.00   -1186.00   -1188.00   -1192.00   -1192.00   -1192.00   -1190.00   -1192.00   -1192.00   -1192.00   
-1188.00   -1190.00   -1190.00   -1190.00   -1190.00   -1192.00   -1192.00   -1192.00   -1192.00   -1192.00   
-1180.00   -1186.00   -1190.00   -1192.00   -1192.00   -1186.00   -1192.00   -1192.00   -1192.00   -1192.00   
-1182.00   -1188.00   -1192.00   -1188.00   -1192.00   -1192.00   -1192.00   -1192.00   -1192.00   -1192.00   
-1182.00   -1184.00   -1190.00   -1190.00   -1186.00   -1188.00   -1190.00   -1192.00   -1192.00   -1190.00   
-1192.00   -1188.00   -1188.00   -1190.00   -1190.00   -1192.00   -1190.00   -1192.00   -1192.00   -1192.00   
-1184.00   -1182.00   -1186.00   -1192.00   -1192.00   -1192.00   -1190.00   -1190.00   -1190.00   -1192.00   
-1184.00   -1184.00   -1190.00   -1190.00   -1192.00   -1192.00   -1192.00   -1192.00   -1192.00   -1192.00   
-1186.00   -1192.00   -1190.00   -1190.00   -1190.00   -1192.00   -1192.00   -1192.00   -1192.00   -1192.00   
-1188.00   -1188.00   -1190.00   -1192.00   -1190.00   -1192.00   -1190.00   -1192.00   -1192.00   -1192.00   
-1188.00   -1192.00   -1188.00   -1188.00   -1192.00   -1192.00   -1190.00   -1192.00   -1192.00   -1192.00   
-1184.00   -1186.00   -1184.00   -1190.00   -1190.00   -1190.00   -1190.00   -1192.00   -1192.00   -1192.00   
-1186.00   -1190.00   -1188.00   -1190.00   -1192.00   -1190.00   -1192.00   -1192.00   -1192.00   -1192.00   
-1186.00   -1188.00   -1188.00   -1190.00   -1192.00   -1192.00   -1192.00   -1192.00   -1192.00   -1192.00   
-1180.00   -1190.00   -1190.00   -1188.00   -1192.00   -1192.00   -1192.00   -1192.00   -1192.00   -1192.00   
-1186.00   -1192.00   -1188.00   -1192.00   -1190.00   -1190.00   -1192.00   -1190.00   -1192.00   -1192.00   
-1182.00   -1186.00   -1188.00   -1188.00   -1190.00   -1192.00   -1188.00   -1192.00   -1192.00   -1192.00   
-1186.00   -1186.00   -1192.00   -1190.00   -1190.00   -1192.00   -1192.00   -1192.00   -1188.00   -1192.00   
-1188.00   -1192.00   -1190.00   -1184.00   -1192.00   -1192.00   -1190.00   -1192.00   -1192.00   -1192.00   
-1188.00   -1190.00   -1190.00   -1192.00   -1192.00   -1190.00   -1192.00   -1192.00   -1192.00   -1192.00   
-1190.00   -1188.00   -1190.00   -1190.00   -1192.00   -1192.00   -1192.00   -1192.00   -1192.00   -1190.00   
-1180.00   -1186.00   -1190.00   -1188.00   -1192.00   -1188.00   -1190.00   -1190.00   -1192.00   -1192.00   
-1182.00   -1184.00   -1184.00   -1188.00   -1190.00   -1190.00   -1192.00   -1192.00   -1192.00   -1190.00   
-1184.00   -1184.00   -1192.00   -1192.00   -1192.00   -1192.00   -1190.00   -1190.00   -1192.00   -1192.00   
-1182.00   -1190.00   -1192.00   -1188.00   -1190.00   -1192.00   -1192.00   -1192.00   -1192.00   -1192.00   
-1178.00   -1186.00   -1188.00   -1188.00   -1190.00   -1192.00   -1192.00   -1192.00   -1192.00   -1192.00   
-1188.00   -1188.00   -1192.00   -1190.00   -1192.00   -1192.00   -1192.00   -1190.00   -1192.00   -1192.00   
-1188.00   -1186.00   -1190.00   -1190.00   -1192.00   -1190.00   -1192.00   -1190.00   -1192.00   -1192.00   
-1182.00   -1182.00   -1184.00   -1190.00   -1192.00   -1192.00   -1190.00   -1192.00   -1192.00   -1192.00   
-1182.00   -1186.00   -1188.00   -1192.00   -1192.00   -1192.00   -1192.00   -1192.00   -1192.00   -1192.00   
-1188.00   -1188.00   -1186.00   -1192.00   -1188.00   -1192.00   -1192.00   -1192.00   -1192.00   -1192.00   
-1186.00   -1190.00   -1190.00   -1192.00   -1192.00   -1190.00   -1192.00   -1192.00   -1192.00   -1192.00   
-1186.00   -1192.00   -1186.00   -1188.00   -1190.00   -1186.00   -1190.00   -1192.00   -1190.00   -1192.00   
-1192.00   -1190.00   -1186.00   -1188.00   -1182.00   -1190.00   -1190.00   -1192.00   -1192.00   -1192.00   
-1182.00   -1192.00   -1192.00   -1192.00   -1192.00   -1190.00   -1192.00   -1192.00   -1192.00   -1192.00   
-1188.00   -1184.00   -1186.00   -1190.00   -1192.00   -1192.00   -1192.00   -1192.00   -1192.00   -1190.00   
-1184.00   -1190.00   -1192.00   -1192.00   -1190.00   -1192.00   -1192.00   -1192.00   -1192.00   -1192.00   
-1186.00   -1190.00   -1188.00   -1192.00   -1192.00   -1192.00   -1192.00   -1192.00   -1192.00   -1192.00   
-1188.00   -1182.00   -1192.00   -1186.00   -1192.00   -1190.00   -1192.00   -1192.00   -1192.00   -1192.00   
-1184.00   -1190.00   -1186.00   -1188.00   -1192.00   -1192.00   -1192.00   -1192.00   -1192.00   -1192.00   
-1188.00   -1190.00   -1190.00   -1190.00   -1188.00   -1192.00   -1192.00   -1192.00   -1192.00   -1192.00   
-1184.00   -1188.00   -1190.00   -1188.00   -1190.00   -1192.00   -1192.00   -1192.00   -1192.00   -1192.00   
-1190.00   -1184.00   -1188.00   -1192.00   -1192.00   -1192.00   -1192.00   -1192.00   -1192.00   -1192.00   
-1190.00   -1188.00   -1186.00   -1190.00   -1190.00   -1192.00   -1192.00   -1192.00   -1192.00   -1192.00   
-1184.00   -1184.00   -1182.00   -1192.00   -1190.00   -1192.00   -1192.00   -1192.00   -1192.00   -1192.00   
-1184.00   -1190.00   -1188.00   -1190.00   -1192.00   -1192.00   -1190.00   -1192.00   -1192.00   -1192.00   
-1184.00   -1188.00   -1188.00   -1186.00   -1190.00   -1192.00   -1192.00   -1192.00   -1192.00   -1190.00   
-1184.00   -1190.00   -1186.00   -1188.00   -1190.00   -1192.00   -1192.00   -1192.00   -1190.00   -1192.00   
-1182.00   -1190.00   -1184.00   -1190.00   -1192.00   -1190.00   -1192.00   -1192.00   -1192.00   -1192.00   
-1188.00   -1182.00   -1192.00   -1190.00   -1192.00   -1192.00   -1190.00   -1190.00   -1190.00   -1192.00   
-1188.00   -1186.00   -1190.00   -1192.00   -1186.00   -1190.00   -1192.00   -1192.00   -1190.00   -1192.00   
-1188.00   -1188.00   -1186.00   -1192.00   -1192.00   -1192.00   -1192.00   -1190.00   -1192.00   -1192.00   
-1184.00   -1190.00   -1188.00   -1192.00   -1192.00   -1192.00   -1190.00   -1192.00   -1192.00   -1192.00   
-1186.00   -1182.00   -1188.00   -1192.00   -1190.00   -1192.00   -1192.00   -1190.00   -1192.00   -1192.00   
-1188.00   -1180.00   -1184.00   -1192.00   -1192.00   -1192.00   -1192.00   -1190.00   -1192.00   -1192.00   
-1178.00   -1188.00   -1192.00   -1188.00   -1192.00   -1192.00   -1192.00   -1192.00   -1192.00   -1192.00   
-1188.00   -1184.00   -1188.00   -1190.00   -1192.00   -1192.00   -1192.00   -1192.00   -1192.00   -1190.00   
-1188.00   -1190.00   -1190.00   -1190.00   -1188.00   -1192.00   -1192.00   -1192.00   -1192.00   -1192.00   
-1186.00   -1186.00   -1188.00   -1188.00   -1184.00   -1192.00   -1188.00   -1192.00   -1190.00   -1192.00   
-1186.00   -1186.00   -1190.00   -1192.00   -1188.00   -1190.00   -1190.00   -1192.00   -1190.00   -1192.00   
-1180.00   -1190.00   -1186.00   -1190.00   -1192.00   -1192.00   -1192.00   -1192.00   -1190.00   -1192.00   
-1188.00   -1190.00   -1188.00   -1192.00   -1192.00   -1190.00   -1192.00   -1190.00   -1192.00   -1192.00   
-1184.00   -1186.00   -1188.00   -1192.00   -1192.00   -1192.00   -1190.00   -1192.00   -1192.00   -1192.00   
-1190.00   -1182.00   -1188.00   -1190.00   -1190.00   -1188.00   -1192.00   -1192.00   -1192.00   -1192.00   
-1190.00   -1188.00   -1190.00   -1188.00   -1190.00   -1192.00   -1192.00   -1192.00   -1192.00   -1192.00   
-1188.00   -1188.00   -1192.00   -1190.00   -1188.00   -1192.00   -1190.00   -1192.00   -1192.00   -1192.00   
-1182.00   -1188.00   -1192.00   -1192.00   -1190.00   -1190.00   -1192.00   -1192.00   -1192.00   -1192.00   
-1188.00   -1190.00   -1190.00   -1190.00   -1190.00   -1192.00   -1190.00   -1192.00   -1192.00   -1192.00   
-1186.00   -1190.00   -1190.00   -1190.00   -1190.00   -1192.00   -1190.00   -1190.00   -1192.00   -1192.00   
-1184.00   -1188.00   -1190.00   -1184.00   -1186.00   -1190.00   -1192.00   -1192.00   -1192.00   -1192.00   
-1182.00   -1178.00   -1190.00   -1184.00   -1192.00   -1190.00   -1192.00   -1190.00   -1188.00   -1192.00   
-1184.00   -1190.00   -1190.00   -1190.00   -1190.00   -1190.00   -1192.00   -1188.00   -1192.00   -1192.00   
-1188.00   -1188.00   -1188.00   -1192.00   -1188.00   -1192.00   -1190.00   -1192.00   -1192.00   -1192.00   
-1188.00   -1188.00   -1188.00   -1188.00   -1192.00   -1192.00   -1190.00   -1192.00   -1192.00   -1192.00   
-1190.00   -1190.00   -1186.00   -1188.00   -1192.00   -1192.00   -1192.00   -1192.00   -1192.00   -1192.00   
-1192.00   -1190.00   -1186.00   -1190.00   -1190.00   -1188.00   -1190.00   -1192.00   -1190.00   -1192.00   
-1190.00   -1190.00   -1190.00   -1192.00   -1192.00   -1192.00   -1192.00   -1192.00   -1190.00   -1192.00   
-1186.00   -1190.00   -1190.00   -1192.00   -1188.00   -1190.00   -1190.00   -1192.00   -1192.00   -1192.00   
-1186.00   -1192.00   -1188.00   -1188.00   -1192.00   -1192.00   -1192.00   -1192.00   -1192.00   -1192.00   
-1186.00   -1188.00   -1186.00   -1190.00   -1190.00   -1192.00   -1192.00   -1192.00   -1192.00   -1192.00   
-1184.00   -1188.00   -1186.00   -1190.00   -1192.00   -1192.00   -1192.00   -1192.00   -1192.00   -1192.00   
-1186.00   -1178.00   -1186.00   -1184.00   -1192.00   -1192.00   -1192.00   -1192.00   -1192.00   -1192.00   
-1188.00   -1182.00   -1186.00   -1190.00   -1192.00   -1192.00   -1192.00   -1192.00   -1192.00   -1190.00   
-1186.00   -1186.00   -1190.00   -1190.00   -1188.00   -1192.00   -1190.00   -1190.00   -1192.00   -1192.00   
-1188.00   -1186.00   -1186.00   -1190.00   -1188.00   -1188.00   -1190.00   -1192.00   -1192.00   -1192.00   
-1186.00   -1188.00   -1188.00   -1188.00   -1192.00   -1192.00   -1192.00   -1190.00   -1192.00   -1192.00   
-1182.00   -1190.00   -1190.00   -1192.00   -1188.00   -1192.00   -1192.00   -1192.00   -1192.00   -1192.00   
-1186.00   -1190.00   -1192.00   -1192.00   -1190.00   -1190.00   -1192.00   -1192.00   -1192.00   -1192.00   
-1186.00   -1188.00   -1192.00   -1192.00   -1192.00   -1190.00   -1190.00   -1192.00   -1192.00   -1192.00   
-1192.00   -1184.00   -1192.00   -1192.00   -1192.00   -1190.00   -1192.00   -1192.00   -1192.00   -1192.00   
-1188.00   -1186.00   -1190.00   -1186.00   -1192.00   -1192.00   -1190.00   -1192.00   -1192.00   -1192.00   
-1186.00   -1186.00   -1186.00   -1188.00   -1190.00   -1190.00   -1192.00   -1192.00   -1190.00   -1192.00   
-1186.00   -1184.00   -1190.00   -1186.00   -1184.00   -1192.00   -1192.00   -1192.00   -1192.00   -1192.00   
-1186.00   -1184.00   -1190.00   -1190.00   -1192.00   -1192.00   -1192.00   -1192.00   -1192.00   -1192.00   
-1190.00   -1186.00   -1190.00   -1190.00   -1190.00   -1192.00   -1190.00   -1188.00   -1192.00   -1192.00   
-1184.00   -1188.00   -1190.00   -1192.00   -1192.00   -1190.00   -1190.00   -1192.00   -1192.00   -1192.00   
-1188.00   -1190.00   -1190.00   -1190.00   -1192.00   -1192.00   -1190.00   -1192.00   -1192.00   -1192.00   
-1178.00   -1184.00   -1188.00   -1188.00   -1188.00   -1192.00   -1190.00   -1192.00   -1190.00   -1192.00   
-1190.00   -1190.00   -1188.00   -1192.00   -1190.00   -1192.00   -1192.00   -1190.00   -1192.00   -1192.00   
-1188.00   -1184.00   -1184.00   -1190.00   -1192.00   -1192.00   -1190.00   -1192.00   -1192.00   -1192.00   
-1186.00   -1190.00   -1188.00   -1188.00   -1188.00   -1192.00   -1192.00   -1192.00   -1192.00   -1192.00   
-1180.00   -1188.00   -1190.00   -1188.00   -1186.00   -1190.00   -1192.00   -1192.00   -1192.00   -1192.00   
-1186.00   -1188.00   -1188.00   -1186.00   -1192.00   -1190.00   -1192.00   -1192.00   -1192.00   -1192.00   
-1190.00   -1190.00   -1184.00   -1190.00   -1190.00   -1192.00   -1192.00   -1192.00   -1192.00   -1190.00   
-1180.00   -1190.00   -1190.00   -1188.00   -1190.00   -1186.00   -1192.00   -1192.00   -1192.00   -1192.00   
-1190.00   -1186.00   -1186.00   -1192.00   -1188.00   -1192.00   -1192.00   -1192.00   -1192.00   -1192.00   
-1184.00   -1186.00   -1188.00   -1188.00   -1190.00   -1192.00   -1192.00   -1192.00   -1192.00   -1192.00   
-1180.00   -1180.00   -1188.00   -1190.00   -1192.00   -1190.00   -1192.00   -1192.00   -1192.00   -1192.00   
-1184.00   -1182.00   -1188.00   -1190.00   -1190.00   -1190.00   -1190.00   -1188.00   -1192.00   -1190.00   
-1186.00   -1188.00   -1192.00   -1190.00   -1190.00   -1190.00   -1192.00   -1192.00   -1192.00   -1192.00   
-1190.00   -1192.00   -1188.00   -1188.00   -1192.00   -1192.00   -1192.00   -1190.00   -1192.00   -1192.00   
-1182.00   -1192.00   -1192.00   -1192.00   -1192.00   -1188.00   -1192.00   -1192.00   -1192.00   -1192.00   
-1186.00   -1190.00   -1190.00   -1192.00   -1188.00   -1190.00   -1192.00   -1190.00   -1192.00   -1192.00   
-1190.00   -1188.00   -1190.00   -1190.00   -1192.00   -1192.00   -1190.00   -1190.00   -1192.00   -1192.00   
-1188.00   -1186.00   -1188.00   -1190.00   -1186.00   -1188.00   -1192.00   -1192.00   -1192.00   -1192.00   
-1188.00   -1190.00   -1192.00   -1192.00   -1190.00   -1192.00   -1192.00   -1192.00   -1192.00   -1192.00   
-1182.00   -1190.00   -1192.00   -1192.00   -1192.00   -1192.00   -1190.00   -1192.00   -1192.00   -1190.00   
