-4750.00   -4756.00   -4754.00   -4766.00   -4764.00   -4770.00   -4776.00   -4774.00   -4776.00   -4770.00   
-4742.00   -4764.00   -4768.00   -4766.00   -4772.00   -4774.00   -4774.00   -4774.00   -4776.00   -4774.00   
-4758.00   -4758.00   -4762.00   -4766.00   -4766.00   -4774.00   -4772.00   -4774.00   -4776.00   -4776.00   
-4754.00   -4758.00   -4766.00   -4766.00   -4770.00   -4770.00   -4770.00   -4770.00   -4774.00   -4772.00   
-4746.00   -4758.00   -4764.00   -4772.00   -4768.00   -4776.00   -4772.00   -4774.00   -4774.00   -4774.00   
-4738.00   -4752.00   -4764.00   -4764.00   -4762.00   -4770.00   -4766.00   -4774.00   -4776.00   -4776.00   
-4744.00   -4748.00   -4754.00   -4766.00   -4764.00   -4766.00   -4772.00   -4774.00   -4774.00   -4774.00   
-4746.00   -4750.00   -4764.00   -4766.00   -4772.00   -4774.00   -4772.00   -4772.00   -4772.00   -4776.00   
-4754.00   -4754.00   -4758.00   -4760.00   -4768.00   -4772.00   -4774.00   -4770.00   -4772.00   -4776.00   
-4748.00   -4756.00   -4752.00   -4764.00   -4772.00   -4772.00   -4770.00   -4772.00   -4772.00   -4774.00   
-4752.00   -4754.00   -4756.00   -4764.00   -4754.00   -4772.00   -4772.00   -4774.00   -4774.00   -4774.00   
-4754.00   -4760.00   -4770.00   -4766.00   -4768.00   -4766.00   -4768.00   -4772.00   -4776.00   -4774.00   
-4738.00   -4746.00   -4764.00   -4768.00   -4766.00   -4772.00   -4774.00   -4772.00   -4772.00   -4776.00   
-4748.00   -4750.00   -4770.00   -4772.00   -4766.00   -4772.00   -4772.00   -4774.00   -4776.00   -4772.00   
-4744.00   -4762.00   -4768.00   -4758.00   -4770.00   -4770.00   -4772.00   -4776.00   -4774.00   -4776.00   
-4734.00   -4762.00   -4756.00   -4774.00   -4774.00   -4772.00   -4776.00   -4772.00   -4772.00   -4776.00   
-4762.00   -4758.00   -4756.00   -4770.00   -4766.00   -4774.00   -4770.00   -4776.00   -4772.00   -4772.00   
-4748.00   -4752.00   -4754.00   -4766.00   -4766.00   -4770.00   -4776.00   -4770.00   -4774.00   -4774.00   
-4752.00   -4754.00   -4764.00   -4766.00   -4772.00   -4774.00   -4774.00   -4776.00   -4772.00   -4774.00   
-4752.00   -4760.00   -4768.00   -4770.00   -4776.00   -4768.00   -4772.00   -4776.00   -4776.00   -4776.00   
-4746.00   -4756.00   -4764.00   -4760.00   -4766.00   -4774.00   -4774.00   -4772.00   -4772.00   -4776.00   
-4750.00   -4760.00   -4756.00   -4764.00   -4764.00   -4774.00   -4774.00   -4772.00   -4770.00   -4776.00   
-4764.00   -4760.00   -4764.00   -4774.00   -4774.00   -4770.00   -4774.00   -4774.00   -4772.00   -4772.00   
-4740.00   -4766.00   -4762.00   -4766.00   -4768.00   -4772.00   -4774.00   -4776.00   -4776.00   -4776.00   
-4742.00   -4762.00   -4758.00   -4770.00   -4770.00   -4766.00   -4770.00   -4776.00   -4772.00   -4776.00   
-4742.00   -4752.00   -4772.00   -4760.00   -4772.00   -4776.00   -4768.00   -4776.00   -4772.00   -4774.00   
-4754.00   -4752.00   -4758.00   -4766.00   -4768.00   -4756.00   -4770.00   -4772.00   -4774.00   -4776.00   
-4754.00   -4758.00   -4760.00   -4764.00   -4766.00   -4766.00   -4770.00   -4768.00   -4770.00   -4776.00   
-4756.00   -4762.00   -4764.00   -4760.00   -4766.00   -4772.00   -4772.00   -4774.00   -4776.00   -4776.00   
-4750.00   -4770.00   -4758.00   -4766.00   -4770.00   -4772.00   -4776.00   -4768.00   -4774.00   -4776.00   
-4762.00   -4744.00   -4758.00   -4760.00   -4768.00   -4764.00   -4770.00   -4772.00   -4774.00   -4776.00   
-4746.00   -4752.00   -4768.00   -4758.00   -4776.00   -4774.00   -4770.00   -4774.00   -4776.00   -4776.00   
-4748.00   -4754.00   -4752.00   -4768.00   -4770.00   -4768.00   -4772.00   -4772.00   -4776.00   -4772.00   
-4748.00   -4756.00   -4758.00   -4770.00   -4768.00   -4776.00   -4772.00   -4774.00   -4776.00   -4776.00   
-4744.00   -4754.00   -4756.00   -4770.00   -4766.00   -4772.00   -4768.00   -4774.00   -4774.00   -4776.00   
-4750.00   -4760.00   -4768.00   -4768.00   -4774.00   -4762.00   -4774.00   -4772.00   -4772.00   -4776.00   
-4750.00   -4760.00   -4756.00   -4764.00   -4766.00   -4772.00   -4768.00   -4770.00   -4772.00   -4774.00   
-4758.00   -4766.00   -4760.00   -4760.00   -4772.00   -4768.00   -4772.00   -4772.00   -4774.00   -4774.00   
-4746.00   -4762.00   -4768.00   -4772.00   -4774.00   -4772.00   -4776.00   -4774.00   -4774.00   -4776.00   
-4756.00   -4758.00   -4760.00   -4766.00   -4770.00   -4770.00   -4772.00   -4770.00   -4774.00   -4776.00   
-4752.00   -4768.00   -4760.00   -4764.00   -4766.00   -4768.00   -4772.00   -4774.00   -4776.00   -4776.00   
-4742.00   -4754.00   -4770.00   -4756.00   -4770.00   -4768.00   -4776.00   -4776.00   -4774.00   -4772.00   
-4742.00   -4758.00   -4768.00   -4772.00   -4768.00   -4774.00   -4770.00   -4774.00   -4776.00   -4776.00   
-4754.00   -4768.00   -4762.00   -4768.00   -4766.00   -4772.00   -4774.00   -4774.00   -4776.00   -4772.00   
-4748.00   -4764.00   -4762.00   -4768.00   -4770.00   -4766.00   -4776.00   -4776.00   -4776.00   -4776.00   
-4730.00   -4764.00   -4750.00   -4762.00   -4770.00   -4764.00   -4772.00   -4776.00   -4770.00   -4776.00   
-4760.00   -4752.00   -4764.00   -4768.00   -4772.00   -4770.00   -4776.00   -4772.00   -4774.00   -4776.00   
-4752.00   -4756.00   -4764.00   -4766.00   -4774.00   -4774.00   -4772.00   -4770.00   -4774.00   -4774.00   
-4748.00   -4756.00   -4768.00   -4768.00   -4768.00   -4772.00   -4772.00   -4772.00   -4776.00   -4776.00   
-4754.00   -4758.00   -4758.00   -4770.00   -4774.00   -4766.00   -4772.00   -4772.00   -4776.00   -4774.00   
-4752.00   -4754.00   -4760.00   -4768.00   -4768.00   -4766.00   -4772.00   -4772.00   -4774.00   -4774.00   
-4756.00   -4744.00   -4764.00   -4774.00   -4772.00   -4772.00   -4772.00   -4772.00   -4776.00   -4776.00   
-4760.00   -4750.00   -4758.00   -4768.00   -4774.00   -4774.00   -4772.00   -4776.00   -4776.00   -4774.00   
-4760.00   -4750.00   -4758.00   -4772.00   -4770.00   -4768.00   -4776.00   -4770.00   -4776.00   -4772.00   
-4756.00   -4756.00   -4756.00   -4756.00   -4772.00   -4770.00   -4770.00   -4772.00   -4772.00   -4776.00   
-4756.00   -4758.00   -4754.00   -4770.00   -4768.00   -4770.00   -4774.00   -4776.00   -4772.00   -4776.00   
-4748.00   -4760.00   -4752.00   -4762.00   -4768.00   -4774.00   -4774.00   -4774.00   -4770.00   -4776.00   
-4750.00   -4754.00   -4762.00   -4768.00   -4766.00   -4768.00   -4770.00   -4774.00   -4776.00   -4772.00   
-4754.00   -4754.00   -4760.00   -4774.00   -4764.00   -4770.00   -4774.00   -4774.00   -4776.00   -4774.00   
-4748.00   -4754.00   -4762.00   -4760.00   -4772.00   -4772.00   -4776.00   -4772.00   -4772.00   -4774.00   
-4762.00   -4754.00   -4764.00   -4766.00   -4776.00   -4762.00   -4770.00   -4768.00   -4776.00   -4776.00   
-4748.00   -4762.00   -4766.00   -4762.00   -4770.00   -4776.00   -4772.00   -4774.00   -4776.00   -4776.00   
-4752.00   -4758.00   -4758.00   -4764.00   -4774.00   -4766.00   -4772.00   -4776.00   -4776.00   -4774.00   
-4752.00   -4762.00   -4760.00   -4766.00   -4764.00   -4770.00   -4774.00   -4774.00   -4774.00   -4776.00   
-4736.00   -4738.00   -4756.00   -4770.00   -4768.00   -4768.00   -4774.00   -4776.00   -4776.00   -4776.00   
-4736.00   -4762.00   -4762.00   -4766.00   -4766.00   -4770.00   -4772.00   -4776.00   -4770.00   -4776.00   
-4754.00   -4762.00   -4764.00   -4758.00   -4768.00   -4768.00   -4772.00   -4776.00   -4774.00   -4776.00   
-4742.00   -4746.00   -4762.00   -4768.00   -4766.00   -4764.00   -4776.00   -4776.00   -4772.00   -4776.00   
-4752.00   -4752.00   -4754.00   -4758.00   -4768.00   -4768.00   -4768.00   -4772.00   -4776.00   -4776.00   
-4756.00   -4762.00   -4764.00   -4764.00   -4766.00   -4772.00   -4774.00   -4776.00   -4774.00   -4776.00   
-4748.00   -4754.00   -4760.00   -4766.00   -4770.00   -4774.00   -4774.00   -4774.00   -4776.00   -4774.00   
-4746.00   -4756.00   -4768.00   -4766.00   -4768.00   -4776.00   -4770.00   -4772.00   -4776.00   -4774.00   
-4752.00   -4760.00   -4762.00   -4760.00   -4772.00   -4768.00   -4770.00   -4774.00   -4772.00   -4774.00   
-4742.00   -4766.00   -4758.00   -4770.00   -4768.00   -4770.00   -4772.00   -4768.00   -4774.00   -4774.00   
-4744.00   -4756.00   -4766.00   -4770.00   -4770.00   -4772.00   -4770.00   -4776.00   -4776.00   -4776.00   
-4748.00   -4756.00   -4768.00   -4766.00   -4768.00   -4768.00   -4776.00   -4774.00   -4774.00   -4776.00   
-4744.00   -4766.00   -4762.00   -4766.00   -4772.00   -4770.00   -4770.00   -4774.00   -4776.00   -4776.00   
-4740.00   -4764.00   -4768.00   -4770.00   -4770.00   -4772.00   -4772.00   -4776.00   -4774.00   -4776.00   
-4754.00   -4766.00   -4756.00   -4770.00   -4774.00   -4776.00   -4774.00   -4774.00   -4776.00   -4774.00   
-4758.00   -4758.00   -4762.00   -4764.00   -4768.00   -4770.00   -4774.00   -4772.00   -4770.00   -4774.00   
-4748.00   -4764.00   -4764.00   -4772.00   -4764.00   -4774.00   -4774.00   -4770.00   -4776.00   -4776.00   
-4756.00   -4760.00   -4754.00   -4762.00   -4768.00   -4772.00   -4768.00   -4770.00   -4776.00   -4774.00   
-4752.00   -4754.00   -4766.00   -4768.00   -4770.00   -4774.00   -4770.00   -4776.00   -4776.00   -4772.00   
-4752.00   -4758.00   -4766.00   -4770.00   -4766.00   -4766.00   -4772.00   -4776.00   -4774.00   -4776.00   
-4744.00   -4758.00   -4764.00   -4770.00   -4772.00   -4774.00   -4770.00   -4776.00   -4776.00   -4774.00   
-4750.00   -4754.00   -4754.00   -4770.00   -4768.00   -4770.00   -4772.00   -4774.00   -4776.00   -4774.00   
-4748.00   -4764.00   -4756.00   -4764.00   -4770.00   -4768.00   -4766.00   -4772.00   -4776.00   -4774.00   
-4754.00   -4772.00   -4762.00   -4770.00   -4766.00   -4768.00   -4772.00   -4774.00   -4774.00   -4774.00   
-4754.00   -4754.00   -4760.00   -4768.00   -4766.00   -4774.00   -4766.00   -4772.00   -4776.00   -4776.00   
-4750.00   -4766.00   -4758.00   -4762.00   -4774.00   -4768.00   -4770.00   -4772.00   -4776.00   -4776.00   
-4756.00   -4768.00   -4764.00   -4770.00   -4766.00   -4770.00   -4776.00   -4772.00   -4772.00   -4776.00   
-4748.00   -4758.00   -4762.00   -4760.00   -4772.00   -4770.00   -4776.00   -4774.00   -4770.00   -4776.00   
-4742.00   -4752.00   -4760.00   -4768.00   -4772.00   -4776.00   -4770.00   -4776.00   -4772.00   -4776.00   
-4742.00   -4754.00   -4758.00   -4770.00   -4768.00   -4770.00   -4774.00   -4774.00   -4776.00   -4774.00   
-4742.00   -4752.00   -4756.00   -4764.00   -4772.00   -4772.00   -4772.00   -4774.00   -4776.00   -4772.00   
-4754.00   -4748.00   -4760.00   -4768.00   -4776.00   -4768.00   -4772.00   -4774.00   -4772.00   -4774.00   
-4750.00   -4744.00   -4748.00   -4770.00   -4766.00   -4774.00   -4774.00   -4774.00   -4776.00   -4774.00   
-4756.00   -4758.00   -4758.00   -4766.00   -4768.00   -4772.00   -4768.00   -4776.00   -4776.00   -4772.00   
-4742.00   -4760.00   -4762.00   -4764.00   -4774.00   -4766.00   -4774.00   -4776.00   -4774.00   -4774.00   
-4750.00   -4754.00   -4762.00   -4772.00   -4772.00   -4768.00   -4774.00   -4776.00   -4772.00   -4774.00   
-4748.00   -4752.00   -4764.00   -4754.00   -4766.00   -4768.00   -4770.00   -4774.00   -4774.00   -4776.00   
-4742.00   -4750.00   -4756.00   -4772.00   -4772.00   -4776.00   -4774.00   -4774.00   -4774.00   -4774.00   
-4742.00   -4752.00   -4766.00   -4766.00   -4766.00   -4772.00   -4772.00   -4774.00   -4772.00   -4776.00   
-4742.00   -4760.00   -4764.00   -4772.00   -4768.00   -4774.00   -4776.00   -4774.00   -4776.00   -4774.00   
-4752.00   -4748.00   -4760.00   -4768.00   -4774.00   -4760.00   -4776.00   -4774.00   -4772.00   -4776.00   
-4746.00   -4750.00   -4754.00   -4774.00   -4768.00   -4772.00   -4770.00   -4772.00   -4776.00   -4776.00   
-4748.00   -4748.00   -4750.00   -4764.00   -4764.00   -4772.00   -4774.00   -4776.00   -4774.00   -4776.00   
-4762.00   -4758.00   -4762.00   -4760.00   -4766.00   -4770.00   -4776.00   -4776.00   -4772.00   -4770.00   
-4750.00   -4760.00   -4762.00   -4764.00   -4770.00   -4776.00   -4772.00   -4774.00   -4774.00   -4774.00   
-4748.00   -4760.00   -4764.00   -4770.00   -4768.00   -4774.00   -4774.00   -4774.00   -4774.00   -4774.00   
-4748.00   -4752.00   -4758.00   -4766.00   -4770.00   -4772.00   -4774.00   -4774.00   -4776.00   -4776.00   
-4746.00   -4752.00   -4764.00   -4768.00   -4770.00   -4766.00   -4770.00   -4776.00   -4776.00   -4774.00   
-4752.00   -4760.00   -4760.00   -4764.00   -4772.00   -4772.00   -4772.00   -4776.00   -4774.00   -4770.00   
-4742.00   -4756.00   -4770.00   -4762.00   -4774.00   -4772.00   -4772.00   -4776.00   -4774.00   -4774.00   
-4742.00   -4744.00   -4760.00   -4772.00   -4762.00   -4770.00   -4770.00   -4776.00   -4776.00   -4776.00   
-4752.00   -4754.00   -4772.00   -4764.00   -4772.00   -4774.00   -4776.00   -4772.00   -4776.00   -4776.00   
-4744.00   -4758.00   -4766.00   -4766.00   -4770.00   -4776.00   -4774.00   -4774.00   -4774.00   -4776.00   
-4746.00   -4752.00   -4752.00   -4762.00   -4772.00   -4774.00   -4768.00   -4774.00   -4774.00   -4774.00   
-4742.00   -4764.00   -4762.00   -4768.00   -4762.00   -4768.00   -4772.00   -4776.00   -4772.00   -4774.00   
-4744.00   -4750.00   -4764.00   -4770.00   -4772.00   -4770.00   -4774.00   -4776.00   -4774.00   -4774.00   
-4734.00   -4746.00   -4760.00   -4764.00   -4766.00   -4772.00   -4772.00   -4776.00   -4770.00   -4774.00   
-4754.00   -4748.00   -4770.00   -4772.00   -4768.00   -4774.00   -4776.00   -4776.00   -4774.00   -4776.00   
-4760.00   -4756.00   -4762.00   -4762.00   -4770.00   -4770.00   -4774.00   -4772.00   -4774.00   -4774.00   
-4736.00   -4758.00   -4762.00   -4758.00   -4768.00   -4768.00   -4772.00   -4774.00   -4776.00   -4774.00   
-4744.00   -4752.00   -4758.00   -4758.00   -4768.00   -4772.00   -4768.00   -4776.00   -4772.00   -4776.00   
-4754.00   -4750.00   -4764.00   -4766.00   -4770.00   -4774.00   -4772.00   -4776.00   -4776.00   -4774.00   
-4752.00   -4756.00   -4760.00   -4764.00   -4764.00   -4774.00   -4770.00   -4772.00   -4776.00   -4774.00   
-4760.00   -4760.00   -4772.00   -4768.00   -4770.00   -4770.00   -4774.00   -4768.00   -4774.00   -4774.00   
-4754.00   -4760.00   -4758.00   -4764.00   -4768.00   -4768.00   -4764.00   -4776.00   -4774.00   -4772.00   
-4746.00   -4756.00   -4764.00   -4766.00   -4768.00   -4772.00   -4776.00   -4772.00   -4774.00   -4774.00   
-4740.00   -4752.00   -4760.00   -4770.00   -4768.00   -4770.00   -4770.00   -4772.00   -4776.00   -4774.00   
-4744.00   -4760.00   -4758.00   -4770.00   -4768.00   -4774.00   -4772.00   -4772.00   -4776.00   -4772.00   
-4752.00   -4768.00   -4758.00   -4770.00   -4766.00   -4770.00   -4776.00   -4774.00   -4776.00   -4776.00   
-4746.00   -4754.00   -4766.00   -4762.00   -4770.00   -4774.00   -4770.00   -4774.00   -4772.00   -4772.00   
-4760.00   -4752.00   -4768.00   -4774.00   -4768.00   -4768.00   -4766.00   -4770.00   -4770.00   -4774.00   
-4754.00   -4744.00   -4762.00   -4772.00   -4772.00   -4768.00   -4774.00   -4776.00   -4772.00   -4776.00   
-4734.00   -4760.00   -4756.00   -4760.00   -4770.00   -4774.00   -4774.00   -4772.00   -4772.00   -4774.00   
-4744.00   -4756.00   -4760.00   -4770.00   -4768.00   -4766.00   -4772.00   -4776.00   -4776.00   -4776.00   
-4758.00   -4740.00   -4766.00   -4766.00   -4772.00   -4770.00   -4764.00   -4772.00   -4776.00   -4774.00   
-4750.00   -4758.00   -4764.00   -4770.00   -4764.00   -4774.00   -4772.00   -4774.00   -4774.00   -4776.00   
-4756.00   -4754.00   -4764.00   -4768.00   -4766.00   -4768.00   -4768.00   -4776.00   -4776.00   -4776.00   
-4748.00   -4756.00   -4760.00   -4756.00   -4768.00   -4770.00   -4774.00   -4776.00   -4776.00   -4776.00   
-4756.00   -4758.00   -4768.00   -4766.00   -4772.00   -4764.00   -4776.00   -4774.00   -4772.00   -4770.00   
-4758.00   -4760.00   -4768.00   -4760.00   -4760.00   -4776.00   -4774.00   -4770.00   -4772.00   -4776.00   
-4744.00   -4764.00   -4764.00   -4766.00   -4772.00   -4772.00   -4776.00   -4772.00   -4774.00   -4776.00   
-4748.00   -4764.00   -4764.00   -4770.00   -4768.00   -4772.00   -4772.00   -4774.00   -4774.00   -4774.00   
-4746.00   -4766.00   -4762.00   -4770.00   -4770.00   -4772.00   -4774.00   -4776.00   -4774.00   -4776.00   
-4750.00   -4758.00   -4768.00   -4776.00   -4766.00   -4774.00   -4774.00   -4770.00   -4772.00   -4776.00   
-4744.00   -4758.00   -4756.00   -4764.00   -4772.00   -4774.00   -4774.00   -4776.00   -4774.00   -4776.00   
-4748.00   -4748.00   -4752.00   -4762.00   -4772.00   -4770.00   -4776.00   -4772.00   -4774.00   -4774.00   
-4746.00   -4746.00   -4758.00   -4766.00   -4770.00   -4768.00   -4770.00   -4770.00   -4774.00   -4774.00   
-4754.00   -4762.00   -4762.00   -4766.00   -4770.00   -4770.00   -4774.00   -4772.00   -4776.00   -4774.00   
-4768.00   -4756.00   -4762.00   -4760.00   -4772.00   -4770.00   -4772.00   -4772.00   -4774.00   -4774.00   
-4742.00   -4762.00   -4762.00   -4760.00   -4772.00   -4776.00   -4768.00   -4768.00   -4770.00   -4772.00   
-4756.00   -4760.00   -4758.00   -4774.00   -4768.00   -4770.00   -4770.00   -4776.00   -4776.00   -4774.00   
-4744.00   -4752.00   -4754.00   -4770.00   -4766.00   -4776.00   -4772.00   -4776.00   -4776.00   -4774.00   
-4746.00   -4754.00   -4764.00   -4768.00   -4772.00   -4770.00   -4768.00   -4776.00   -4776.00   -4776.00   
-4754.00   -4762.00   -4760.00   -4770.00   -4774.00   -4768.00   -4776.00   -4774.00   -4774.00   -4776.00   
-4748.00   -4764.00   -4764.00   -4768.00   -4764.00   -4766.00   -4770.00   -4774.00   -4772.00   -4776.00   
-4750.00   -4762.00   -4766.00   -4770.00   -4770.00   -4764.00   -4770.00   -4776.00   -4774.00   -4772.00   
-4758.00   -4760.00   -4758.00   -4768.00   -4762.00   -4770.00   -4772.00   -4772.00   -4772.00   -4774.00   
-4752.00   -4752.00   -4762.00   -4766.00   -4772.00   -4770.00   -4770.00   -4774.00   -4776.00   -4776.00   
-4758.00   -4760.00   -4760.00   -4764.00   -4770.00   -4770.00   -4776.00   -4770.00   -4770.00   -4776.00   
-4750.00   -4758.00   -4762.00   -4762.00   -4774.00   -4774.00   -4770.00   -4776.00   -4772.00   -4776.00   
-4742.00   -4746.00   -4744.00   -4766.00   -4764.00   -4774.00   -4770.00   -4774.00   -4774.00   -4776.00   
-4762.00   -4752.00   -4766.00   -4770.00   -4764.00   -4772.00   -4770.00   -4774.00   -4772.00   -4774.00   
-4750.00   -4750.00   -4750.00   -4766.00   -4772.00   -4770.00   -4770.00   -4776.00   -4776.00   -4772.00   
-4742.00   -4756.00   -4766.00   -4764.00   -4770.00   -4762.00   -4774.00   -4774.00   -4774.00   -4776.00   
-4754.00   -4764.00   -4756.00   -4766.00   -4760.00   -4774.00   -4772.00   -4774.00   -4772.00   -4774.00   
-4756.00   -4764.00   -4760.00   -4762.00   -4764.00   -4774.00   -4776.00   -4772.00   -4772.00   -4776.00   
-4746.00   -4756.00   -4766.00   -4760.00   -4772.00   -4772.00   -4774.00   -4776.00   -4772.00   -4774.00   
-4756.00   -4766.00   -4754.00   -4760.00   -4754.00   -4774.00   -4772.00   -4776.00   -4774.00   -4774.00   
-4746.00   -4760.00   -4764.00   -4770.00   -4766.00   -4770.00   -4776.00   -4770.00   -4776.00   -4776.00   
-4758.00   -4772.00   -4764.00   -4768.00   -4774.00   -4776.00   -4776.00   -4772.00   -4776.00   -4776.00   
-4748.00   -4762.00   -4768.00   -4762.00   -4770.00   -4774.00   -4774.00   -4774.00   -4774.00   -4776.00   
-4758.00   -4766.00   -4762.00   -4764.00   -4764.00   -4768.00   -4774.00   -4772.00   -4776.00   -4776.00   
-4758.00   -4752.00   -4768.00   -4764.00   -4774.00   -4774.00   -4768.00   -4774.00   -4774.00   -4774.00   
-4744.00   -4762.00   -4772.00   -4770.00   -4770.00   -4772.00   -4774.00   -4776.00   -4772.00   -4776.00   
-4744.00   -4768.00   -4764.00   -4766.00   -4772.00   -4764.00   -4774.00   -4774.00   -4774.00   -4774.00   
-4740.00   -4760.00   -4766.00   -4766.00   -4764.00   -4768.00   -4774.00   -4776.00   -4772.00   -4776.00   
-4754.00   -4750.00   -4766.00   -4768.00   -4774.00   -4768.00   -4772.00   -4776.00   -4776.00   -4774.00   
-4752.00   -4758.00   -4758.00   -4768.00   -4774.00   -4768.00   -4774.00   -4770.00   -4774.00   -4774.00   
-4754.00   -4746.00   -4762.00   -4776.00   -4770.00   -4776.00   -4770.00   -4772.00   -4776.00   -4776.00   
-4732.00   -4758.00   -4762.00   -4760.00   -4772.00   -4766.00   -4774.00   -4770.00   -4772.00   -4776.00   
-4746.00   -4760.00   -4768.00   -4764.00   -4770.00   -4768.00   -4776.00   -4774.00   -4774.00   -4772.00   
-4754.00   -4760.00   -4754.00   -4768.00   -4768.00   -4768.00   -4772.00   -4774.00   -4776.00   -4776.00   
-4746.00   -4758.00   -4762.00   -4760.00   -4768.00   -4774.00   -4776.00   -4776.00   -4776.00   -4776.00   
-4748.00   -4760.00   -4762.00   -4774.00   -4758.00   -4766.00   -4774.00   -4776.00   -4776.00   -4774.00   
-4756.00   -4764.00   -4762.00   -4766.00   -4766.00   -4774.00   -4768.00   -4774.00   -4772.00   -4774.00   
-4750.00   -4744.00   -4758.00   -4772.00   -4770.00   -4768.00   -4772.00   -4776.00   -4774.00   -4776.00   
-4764.00   -4750.00   -4766.00   -4762.00   -4772.00   -4768.00   -4770.00   -4774.00   -4776.00   -4776.00   
-4752.00   -4760.00   -4762.00   -4766.00   -4768.00   -4774.00   -4774.00   -4772.00   -4776.00   -4776.00   
-4748.00   -4756.00   -4770.00   -4766.00   -4766.00   -4766.00   -4770.00   -4774.00   -4774.00   -4774.00   
-4752.00   -4764.00   -4764.00   -4770.00   -4772.00   -4772.00   -4772.00   -4776.00   -4774.00   -4774.00   
-4754.00   -4758.00   -4762.00   -4768.00   -4766.00   -4772.00   -4772.00   -4776.00   -4776.00   -4776.00   
-4760.00   -4766.00   -4768.00   -4762.00   -4766.00   -4776.00   -4772.00   -4776.00   -4776.00   -4772.00   
-4742.00   -4760.00   -4764.00   -4764.00   -4776.00   -4776.00   -4776.00   -4774.00   -4774.00   -4776.00   
-4754.00   -4760.00   -4766.00   -4772.00   -4766.00   -4770.00   -4774.00   -4772.00   -4776.00   -4776.00   
-4738.00   -4750.00   -4764.00   -4770.00   -4772.00   -4770.00   -4772.00   -4774.00   -4774.00   -4776.00   
-4746.00   -4758.00   -4770.00   -4768.00   -4766.00   -4772.00   -4770.00   -4776.00   -4774.00   -4776.00   
-4754.00   -4760.00   -4760.00   -4766.00   -4768.00   -4774.00   -4774.00   -4776.00   -4776.00   -4772.00   
-4762.00   -4752.00   -4760.00   -4760.00   -4766.00   -4772.00   -4774.00   -4776.00   -4774.00   -4774.00   
-4750.00   -4760.00   -4758.00   -4776.00   -4770.00   -4768.00   -4776.00   -4776.00   -4776.00   -4772.00   
-4744.00   -4764.00   -4768.00   -4764.00   -4770.00   -4762.00   -4776.00   -4772.00   -4774.00   -4776.00   
-4754.00   -4742.00   -4764.00   -4764.00   -4770.00   -4774.00   -4774.00   -4776.00   -4776.00   -4776.00   
-4756.00   -4752.00   -4764.00   -4764.00   -4774.00   -4768.00   -4768.00   -4774.00   -4776.00   -4776.00   
-4750.00   -4758.00   -4762.00   -4764.00   -4768.00   -4774.00   -4774.00   -4766.00   -4772.00   -4774.00   
-4742.00   -4760.00   -4766.00   -4762.00   -4774.00   -4768.00   -4772.00   -4774.00   -4776.00   -4772.00   
-4748.00   -4762.00   -4762.00   -4772.00   -4764.00   -4766.00   -4772.00   -4772.00   -4770.00   -4776.00   
-4750.00   -4758.00   -4764.00   -4770.00   -4768.00   -4774.00   -4774.00   -4774.00   -4772.00   -4776.00   
-4750.00   -4752.00   -4772.00   -4772.00   -4774.00   -4770.00   -4774.00   -4774.00   -4776.00   -4776.00   
-4754.00   -4754.00   -4758.00   -4762.00   -4768.00   -4770.00   -4774.00   -4774.00   -4770.00   -4774.00   
-4748.00   -4758.00   -4758.00   -4764.00   -4774.00   -4774.00   -4772.00   -4770.00   -4776.00   -4772.00   
-4746.00   -4768.00   -4762.00   -4766.00   -4768.00   -4772.00   -4770.00   -4772.00   -4774.00   -4776.00   
-4740.00   -4760.00   -4766.00   -4760.00   -4770.00   -4770.00   -4776.00   -4776.00   -4776.00   -4772.00   
-4758.00   -4750.00   -4764.00   -4762.00   -4764.00   -4774.00   -4770.00   -4770.00   -4772.00   -4776.00   
-4754.00   -4758.00   -4760.00   -4772.00   -4766.00   -4770.00   -4772.00   -4772.00   -4776.00   -4776.00   
-4754.00   -4760.00   -4762.00   -4766.00   -4776.00   -4774.00   -4774.00   -4776.00   -4774.00   -4776.00   
-4758.00   -4762.00   -4762.00   -4766.00   -4764.00   -4770.00   -4772.00   -4774.00   -4776.00   -4776.00   
-4754.00   -4750.00   -4766.00   -4752.00   -4772.00   -4772.00   -4768.00   -4776.00   -4774.00   -4774.00   
-4748.00   -4750.00   -4758.00   -4772.00   -4764.00   -4770.00   -4776.00   -4772.00   -4776.00   -4776.00   
-4744.00   -4756.00   -4764.00   -4762.00   -4768.00   -4766.00   -4774.00   -4774.00   -4776.00   -4774.00   
-4754.00   -4760.00   -4760.00   -4762.00   -4772.00   -4764.00   -4774.00   -4772.00   -4776.00   -4772.00   
-4738.00   -4754.00   -4770.00   -4766.00   -4760.00   -4770.00   -4770.00   -4774.00   -4776.00   -4774.00   
-4742.00   -4756.00   -4768.00   -4758.00   -4772.00   -4774.00   -4772.00   -4774.00   -4776.00   -4776.00   
-4750.00   -4754.00   -4760.00   -4766.00   -4770.00   -4772.00   -4774.00   -4774.00   -4776.00   -4776.00   
-4752.00   -4756.00   -4752.00   -4764.00   -4770.00   -4774.00   -4772.00   -4774.00   -4776.00   -4776.00   
-4738.00   -4750.00   -4760.00   -4776.00   -4766.00   -4770.00   -4774.00   -4774.00   -4774.00   -4776.00   
-4746.00   -4752.00   -4760.00   -4758.00   -4774.00   -4770.00   -4776.00   -4774.00   -4774.00   -4772.00   
-4752.00   -4760.00   -4758.00   -4764.00   -4770.00   -4766.00   -4774.00   -4776.00   -4774.00   -4776.00   
-4754.00   -4756.00   -4768.00   -4768.00   -4768.00   -4762.00   -4776.00   -4776.00   -4774.00   -4776.00   
-4734.00   -4762.00   -4758.00   -4766.00   -4774.00   -4774.00   -4774.00   -4772.00   -4776.00   -4774.00   
-4752.00   -4766.00   -4754.00   -4760.00   -4758.00   -4764.00   -4768.00   -4774.00   -4776.00   -4776.00   
-4758.00   -4760.00   -4758.00   -4758.00   -4766.00   -4770.00   -4772.00   -4772.00   -4772.00   -4776.00   
-4734.00   -4756.00   -4752.00   -4768.00   -4774.00   -4770.00   -4772.00   -4774.00   -4774.00   -4772.00   
-4760.00   -4764.00   -4760.00   -4766.00   -4774.00   -4774.00   -4770.00   -4772.00   -4776.00   -4774.00   
-4742.00   -4758.00   -4770.00   -4762.00   -4770.00   -4768.00   -4772.00   -4772.00   -4776.00   -4776.00   
-4758.00   -4758.00   -4758.00   -4768.00   -4770.00   -4766.00   -4776.00   -4774.00   -4776.00   -4772.00   
-4760.00   -4760.00   -4750.00   -4766.00   -4768.00   -4772.00   -4772.00   -4766.00   -4774.00   -4774.00   
-4748.00   -4760.00   -4764.00   -4754.00   -4774.00   -4762.00   -4776.00   -4770.00   -4776.00   -4774.00   
-4758.00   -4760.00   -4762.00   -4764.00   -4764.00   -4772.00   -4768.00   -4774.00   -4776.00   -4776.00   
-4744.00   -4748.00   -4762.00   -4758.00   -4760.00   -4772.00   -4776.00   -4770.00   -4776.00   -4776.00   
-4748.00   -4764.00   -4768.00   -4766.00   -4768.00   -4770.00   -4774.00   -4772.00   -4774.00   -4774.00   
-4756.00   -4752.00   -4762.00   -4772.00   -4764.00   -4772.00   -4774.00   -4772.00   -4774.00   -4774.00   
-4758.00   -4752.00   -4770.00   -4770.00   -4774.00   -4770.00   -4774.00   -4770.00   -4774.00   -4776.00   
-4748.00   -4754.00   -4762.00   -4764.00   -4760.00   -4768.00   -4774.00   -4776.00   -4774.00   -4776.00   
-4744.00   -4764.00   -4766.00   -4770.00   -4768.00   -4770.00   -4774.00   -4774.00   -4776.00   -4776.00   
-4746.00   -4762.00   -4764.00   -4772.00   -4768.00   -4770.00   -4772.00   -4772.00   -4776.00   -4772.00   
-4744.00   -4754.00   -4766.00   -4760.00   -4760.00   -4774.00   -4770.00   -4772.00   -4776.00   -4774.00   
-4742.00   -4742.00   -4766.00   -4768.00   -4772.00   -4764.00   -4770.00   -4772.00   -4776.00   -4776.00   
-4746.00   -4758.00   -4760.00   -4760.00   -4770.00   -4772.00   -4774.00   -4776.00   -4772.00   -4776.00   
-4758.00   -4752.00   -4764.00   -4772.00   -4774.00   -4764.00   -4772.00   -4776.00   -4774.00   -4776.00   
-4760.00   -4758.00   -4760.00   -4758.00   -4770.00   -4772.00   -4774.00   -4770.00   -4776.00   -4776.00   
-4752.00   -4750.00   -4760.00   -4760.00   -4768.00   -4774.00   -4768.00   -4770.00   -4776.00   -4774.00   
-4750.00   -4748.00   -4760.00   -4762.00   -4768.00   -4770.00   -4772.00   -4776.00   -4772.00   -4776.00   
-4744.00   -4754.00   -4758.00   -4770.00   -4768.00   -4776.00   -4774.00   -4776.00   -4776.00   -4776.00   
-4764.00   -4768.00   -4758.00   -4770.00   -4768.00   -4774.00   -4770.00   -4768.00   -4774.00   -4774.00   
-4748.00   -4762.00   -4758.00   -4768.00   -4774.00   -4762.00   -4770.00   -4776.00   -4776.00   -4776.00   
-4756.00   -4764.00   -4754.00   -4758.00   -4772.00   -4770.00   -4772.00   -4772.00   -4774.00   -4774.00   
-4752.00   -4750.00   -4760.00   -4768.00   -4762.00   -4772.00   -4772.00   -4776.00   -4774.00   -4776.00   
-4738.00   -4752.00   -4760.00   -4772.00   -4770.00   -4776.00   -4768.00   -4772.00   -4772.00   -4774.00   
-4752.00   -4758.00   -4758.00   -4762.00   -4766.00   -4772.00   -4772.00   -4776.00   -4770.00   -4774.00   
-4754.00   -4754.00   -4762.00   -4768.00   -4766.00   -4772.00   -4774.00   -4774.00   -4774.00   -4776.00   
-4752.00   -4746.00   -4766.00   -4766.00   -4768.00   -4768.00   -4772.00   -4772.00   -4774.00   -4774.00   
-4744.00   -4750.00   -4770.00   -4758.00   -4766.00   -4768.00   -4772.00   -4774.00   -4776.00   -4776.00   
-4752.00   -4762.00   -4758.00   -4768.00   -4768.00   -4768.00   -4774.00   -4776.00   -4776.00   -4776.00   
-4746.00   -4750.00   -4762.00   -4770.00   -4768.00   -4774.00   -4768.00   -4776.00   -4770.00   -4770.00   
-4748.00   -4742.00   -4762.00   -4766.00   -4764.00   -4766.00   -4772.00   -4774.00   -4774.00   -4772.00   
-4756.00   -4770.00   -4754.00   -4758.00   -4770.00   -4770.00   -4774.00   -4774.00   -4776.00   -4776.00   
-4756.00   -4760.00   -4768.00   -4758.00   -4766.00   -4774.00   -4776.00   -4776.00   -4776.00   -4776.00   
-4764.00   -4754.00   -4754.00   -4762.00   -4772.00   -4774.00   -4774.00   -4774.00   -4774.00   -4776.00   
-4742.00   -4758.00   -4766.00   -4770.00   -4770.00   -4772.00   -4774.00   -4764.00   -4774.00   -4772.00   
-4748.00   -4760.00   -4754.00   -4772.00   -4770.00   -4770.00   -4772.00   -4774.00   -4774.00   -4774.00   
-4754.00   -4762.00   -4762.00   -4762.00   -4774.00   -4774.00   -4774.00   -4770.00   -4772.00   -4776.00   
-4748.00   -4746.00   -4768.00   -4758.00   -4768.00   -4770.00   -4772.00   -4772.00   -4774.00   -4776.00   
-4752.00   -4754.00   -4762.00   -4768.00   -4766.00   -4772.00   -4770.00   -4768.00   -4774.00   -4774.00   
-4744.00   -4756.00   -4770.00   -4768.00   -4770.00   -4770.00   -4774.00   -4774.00   -4774.00   -4776.00   
-4758.00   -4754.00   -4764.00   -4760.00   -4768.00   -4772.00   -4772.00   -4770.00   -4770.00   -4772.00   
-4750.00   -4756.00   -4766.00   -4764.00   -4774.00   -4774.00   -4776.00   -4774.00   -4772.00   -4776.00   
-4742.00   -4756.00   -4754.00   -4756.00   -4766.00   -4772.00   -4772.00   -4772.00   -4776.00   -4774.00   
-4756.00   -4756.00   -4762.00   -4766.00   -4772.00   -4774.00   -4774.00   -4774.00   -4772.00   -4774.00   
-4744.00   -4762.00   -4764.00   -4772.00   -4770.00   -4776.00   -4774.00   -4776.00   -4776.00   -4776.00   
-4748.00   -4762.00   -4760.00   -4764.00   -4770.00   -4776.00   -4774.00   -4774.00   -4774.00   -4774.00   
-4764.00   -4754.00   -4758.00   -4760.00   -4774.00   -4772.00   -4774.00   -4772.00   -4774.00   -4776.00   
-4746.00   -4756.00   -4772.00   -4760.00   -4770.00   -4776.00   -4770.00   -4774.00   -4774.00   -4774.00   
-4752.00   -4756.00   -4772.00   -4764.00   -4772.00   -4772.00   -4770.00   -4774.00   -4776.00   -4774.00   
-4770.00   -4756.00   -4762.00   -4762.00   -4766.00   -4768.00   -4774.00   -4768.00   -4774.00   -4776.00   
-4744.00   -4760.00   -4768.00   -4762.00   -4768.00   -4772.00   -4774.00   -4774.00   -4774.00   -4776.00   
-4734.00   -4742.00   -4758.00   -4758.00   -4774.00   -4774.00   -4776.00   -4776.00   -4774.00   -4776.00   
-4754.00   -4766.00   -4754.00   -4762.00   -4768.00   -4774.00   -4772.00   -4776.00   -4774.00   -4776.00   
-4748.00   -4756.00   -4760.00   -4768.00   -4768.00   -4774.00   -4770.00   -4774.00   -4776.00   -4776.00   
-4746.00   -4756.00   -4756.00   -4764.00   -4770.00   -4772.00   -4766.00   -4772.00   -4772.00   -4776.00   
-4750.00   -4768.00   -4768.00   -4762.00   -4764.00   -4764.00   -4774.00   -4772.00   -4772.00   -4774.00   
-4746.00   -4754.00   -4748.00   -4758.00   -4770.00   -4772.00   -4768.00   -4776.00   -4772.00   -4776.00   
-4744.00   -4764.00   -4756.00   -4760.00   -4770.00   -4774.00   -4774.00   -4770.00   -4774.00   -4776.00   
-4756.00   -4740.00   -4766.00   -4770.00   -4772.00   -4768.00   -4774.00   -4774.00   -4774.00   -4774.00   
-4760.00   -4758.00   -4766.00   -4770.00   -4774.00   -4770.00   -4772.00   -4772.00   -4776.00   -4776.00   
-4744.00   -4758.00   -4756.00   -4764.00   -4768.00   -4774.00   -4772.00   -4776.00   -4776.00   -4776.00   
-4746.00   -4762.00   -4764.00   -4760.00   -4766.00   -4774.00   -4772.00   -4776.00   -4774.00   -4776.00   
-4742.00   -4752.00   -4768.00   -4762.00   -4770.00   -4774.00   -4768.00   -4774.00   -4774.00   -4776.00   
