36       0.69314718        
30       2.77725881        
28       2.08462669        
26       2.77830688        
24       4.16252695        
22       4.09996909        
20       5.12997994        
18       5.79930006        
16       5.93567410        
14       6.61996391        
12       7.20570935        
10       7.57989403        
8        8.00532570        
6        8.35544285        
4        8.65466857        
2        8.95110558        
0        9.13446607        
-2       9.15126858        
-4       9.02068819        
-6       8.75055314        
-8       8.30266860        
-10      7.60392447        
-12      6.58185087        
-14      5.18209170        
-16      3.19090991        
