-594.00    -594.00    -594.00    -596.00    -596.00    -594.00    -596.00    -596.00    -596.00    -596.00    
-592.00    -594.00    -594.00    -594.00    -596.00    -596.00    -596.00    -596.00    -596.00    -596.00    
-596.00    -594.00    -592.00    -596.00    -596.00    -596.00    -596.00    -596.00    -596.00    -596.00    
-594.00    -594.00    -596.00    -596.00    -596.00    -596.00    -596.00    -596.00    -596.00    -596.00    
-590.00    -596.00    -596.00    -596.00    -596.00    -596.00    -596.00    -596.00    -596.00    -596.00    
-594.00    -596.00    -592.00    -596.00    -596.00    -596.00    -596.00    -596.00    -596.00    -596.00    
-594.00    -596.00    -596.00    -596.00    -596.00    -596.00    -596.00    -596.00    -596.00    -596.00    
-596.00    -596.00    -594.00    -596.00    -594.00    -596.00    -596.00    -596.00    -596.00    -596.00    
-592.00    -592.00    -596.00    -596.00    -594.00    -596.00    -596.00    -596.00    -596.00    -596.00    
-590.00    -592.00    -596.00    -596.00    -596.00    -596.00    -596.00    -596.00    -596.00    -596.00    
-588.00    -590.00    -596.00    -596.00    -596.00    -596.00    -596.00    -596.00    -596.00    -594.00    
-592.00    -596.00    -596.00    -596.00    -596.00    -596.00    -596.00    -596.00    -596.00    -596.00    
-594.00    -596.00    -596.00    -596.00    -596.00    -596.00    -596.00    -596.00    -596.00    -594.00    
-592.00    -594.00    -596.00    -596.00    -596.00    -596.00    -596.00    -596.00    -596.00    -596.00    
-590.00    -596.00    -594.00    -594.00    -594.00    -594.00    -596.00    -596.00    -596.00    -596.00    
-594.00    -596.00    -596.00    -596.00    -596.00    -596.00    -596.00    -596.00    -596.00    -596.00    
-588.00    -594.00    -596.00    -594.00    -596.00    -596.00    -596.00    -596.00    -596.00    -596.00    
-596.00    -596.00    -596.00    -594.00    -594.00    -596.00    -596.00    -594.00    -596.00    -596.00    
-592.00    -596.00    -594.00    -594.00    -594.00    -596.00    -596.00    -596.00    -596.00    -596.00    
-592.00    -590.00    -594.00    -596.00    -596.00    -596.00    -594.00    -596.00    -596.00    -596.00    
-594.00    -594.00    -596.00    -594.00    -596.00    -596.00    -596.00    -596.00    -596.00    -596.00    
-594.00    -594.00    -594.00    -594.00    -596.00    -596.00    -596.00    -596.00    -596.00    -594.00    
-596.00    -596.00    -594.00    -596.00    -596.00    -596.00    -596.00    -596.00    -596.00    -596.00    
-592.00    -594.00    -596.00    -596.00    -594.00    -596.00    -596.00    -596.00    -596.00    -596.00    
-594.00    -596.00    -590.00    -594.00    -596.00    -596.00    -596.00    -596.00    -596.00    -596.00    
-590.00    -594.00    -596.00    -592.00    -596.00    -594.00    -596.00    -596.00    -596.00    -596.00    
-596.00    -596.00    -596.00    -596.00    -594.00    -594.00    -596.00    -596.00    -596.00    -596.00    
-592.00    -596.00    -596.00    -594.00    -594.00    -596.00    -594.00    -596.00    -596.00    -596.00    
-594.00    -590.00    -594.00    -596.00    -596.00    -596.00    -596.00    -596.00    -596.00    -596.00    
-594.00    -596.00    -596.00    -596.00    -596.00    -596.00    -596.00    -596.00    -596.00    -594.00    
-596.00    -590.00    -594.00    -596.00    -596.00    -596.00    -596.00    -596.00    -594.00    -596.00    
-594.00    -590.00    -596.00    -594.00    -594.00    -596.00    -596.00    -596.00    -596.00    -596.00    
-596.00    -596.00    -592.00    -596.00    -596.00    -596.00    -596.00    -596.00    -596.00    -596.00    
-592.00    -592.00    -596.00    -590.00    -596.00    -596.00    -596.00    -596.00    -596.00    -596.00    
-592.00    -596.00    -594.00    -596.00    -594.00    -596.00    -596.00    -596.00    -596.00    -596.00    
-594.00    -594.00    -590.00    -596.00    -596.00    -596.00    -594.00    -596.00    -596.00    -596.00    
-594.00    -596.00    -594.00    -594.00    -594.00    -596.00    -596.00    -594.00    -596.00    -596.00    
-594.00    -592.00    -594.00    -596.00    -596.00    -594.00    -596.00    -596.00    -596.00    -592.00    
-594.00    -592.00    -594.00    -594.00    -596.00    -596.00    -596.00    -596.00    -596.00    -596.00    
-594.00    -596.00    -592.00    -596.00    -594.00    -596.00    -596.00    -596.00    -596.00    -596.00    
-596.00    -596.00    -588.00    -596.00    -596.00    -594.00    -596.00    -596.00    -596.00    -596.00    
-592.00    -594.00    -594.00    -596.00    -594.00    -596.00    -594.00    -596.00    -596.00    -594.00    
-588.00    -596.00    -592.00    -594.00    -596.00    -596.00    -596.00    -596.00    -596.00    -596.00    
-596.00    -594.00    -596.00    -596.00    -596.00    -594.00    -596.00    -596.00    -596.00    -596.00    
-594.00    -594.00    -596.00    -596.00    -596.00    -596.00    -596.00    -594.00    -594.00    -596.00    
-592.00    -594.00    -596.00    -592.00    -594.00    -596.00    -596.00    -596.00    -596.00    -596.00    
-592.00    -590.00    -596.00    -592.00    -596.00    -596.00    -596.00    -596.00    -596.00    -596.00    
-596.00    -588.00    -596.00    -592.00    -596.00    -596.00    -596.00    -596.00    -596.00    -596.00    
-592.00    -596.00    -592.00    -588.00    -596.00    -596.00    -596.00    -596.00    -596.00    -596.00    
-586.00    -594.00    -592.00    -592.00    -596.00    -596.00    -596.00    -596.00    -596.00    -596.00    
-594.00    -594.00    -592.00    -594.00    -594.00    -596.00    -596.00    -596.00    -596.00    -596.00    
-596.00    -594.00    -596.00    -596.00    -596.00    -596.00    -594.00    -596.00    -596.00    -596.00    
-594.00    -594.00    -594.00    -596.00    -596.00    -594.00    -596.00    -596.00    -596.00    -596.00    
-594.00    -592.00    -596.00    -596.00    -594.00    -594.00    -596.00    -596.00    -596.00    -596.00    
-594.00    -594.00    -594.00    -596.00    -596.00    -596.00    -596.00    -596.00    -596.00    -596.00    
-596.00    -594.00    -596.00    -594.00    -596.00    -596.00    -596.00    -596.00    -596.00    -596.00    
-592.00    -594.00    -594.00    -596.00    -596.00    -594.00    -594.00    -596.00    -596.00    -596.00    
-590.00    -596.00    -596.00    -596.00    -596.00    -596.00    -596.00    -596.00    -596.00    -596.00    
-594.00    -594.00    -594.00    -594.00    -592.00    -596.00    -596.00    -596.00    -596.00    -596.00    
-590.00    -592.00    -592.00    -594.00    -596.00    -594.00    -596.00    -596.00    -596.00    -596.00    
-592.00    -592.00    -594.00    -596.00    -592.00    -596.00    -596.00    -596.00    -596.00    -596.00    
-596.00    -594.00    -594.00    -596.00    -596.00    -596.00    -596.00    -596.00    -596.00    -596.00    
-594.00    -594.00    -596.00    -596.00    -594.00    -596.00    -596.00    -596.00    -596.00    -596.00    
-590.00    -592.00    -596.00    -596.00    -596.00    -596.00    -594.00    -594.00    -596.00    -596.00    
-590.00    -592.00    -596.00    -596.00    -596.00    -596.00    -594.00    -596.00    -596.00    -596.00    
-596.00    -590.00    -594.00    -596.00    -596.00    -596.00    -592.00    -596.00    -594.00    -596.00    
-594.00    -594.00    -596.00    -594.00    -596.00    -596.00    -596.00    -596.00    -596.00    -596.00    
-596.00    -592.00    -592.00    -596.00    -594.00    -596.00    -596.00    -596.00    -596.00    -596.00    
-594.00    -594.00    -596.00    -594.00    -596.00    -596.00    -596.00    -596.00    -596.00    -596.00    
-594.00    -592.00    -596.00    -596.00    -596.00    -596.00    -596.00    -596.00    -594.00    -596.00    
-592.00    -596.00    -596.00    -594.00    -596.00    -596.00    -596.00    -596.00    -596.00    -596.00    
-592.00    -596.00    -594.00    -596.00    -596.00    -596.00    -596.00    -596.00    -596.00    -594.00    
-592.00    -594.00    -596.00    -596.00    -596.00    -596.00    -596.00    -596.00    -596.00    -596.00    
-596.00    -588.00    -592.00    -594.00    -596.00    -594.00    -596.00    -596.00    -596.00    -596.00    
-590.00    -592.00    -596.00    -594.00    -596.00    -594.00    -596.00    -596.00    -596.00    -596.00    
-594.00    -594.00    -596.00    -594.00    -596.00    -596.00    -596.00    -596.00    -594.00    -596.00    
-596.00    -594.00    -590.00    -596.00    -596.00    -596.00    -596.00    -596.00    -596.00    -596.00    
-592.00    -596.00    -596.00    -596.00    -596.00    -592.00    -596.00    -596.00    -596.00    -596.00    
-592.00    -594.00    -588.00    -596.00    -594.00    -594.00    -596.00    -596.00    -596.00    -596.00    
-590.00    -594.00    -592.00    -596.00    -594.00    -594.00    -596.00    -594.00    -596.00    -596.00    
-592.00    -594.00    -592.00    -594.00    -596.00    -596.00    -596.00    -596.00    -596.00    -596.00    
-590.00    -594.00    -594.00    -594.00    -596.00    -596.00    -596.00    -596.00    -596.00    -596.00    
-592.00    -596.00    -596.00    -596.00    -594.00    -594.00    -596.00    -596.00    -596.00    -596.00    
-594.00    -594.00    -594.00    -594.00    -596.00    -596.00    -596.00    -594.00    -596.00    -596.00    
-592.00    -596.00    -596.00    -596.00    -596.00    -596.00    -594.00    -596.00    -596.00    -596.00    
-586.00    -596.00    -596.00    -596.00    -596.00    -594.00    -596.00    -596.00    -596.00    -596.00    
-594.00    -590.00    -596.00    -594.00    -596.00    -596.00    -594.00    -596.00    -596.00    -594.00    
-588.00    -594.00    -596.00    -596.00    -596.00    -594.00    -596.00    -596.00    -594.00    -596.00    
-592.00    -596.00    -596.00    -596.00    -596.00    -596.00    -596.00    -596.00    -596.00    -596.00    
-594.00    -592.00    -596.00    -590.00    -596.00    -596.00    -596.00    -596.00    -596.00    -596.00    
-592.00    -594.00    -594.00    -596.00    -594.00    -596.00    -596.00    -596.00    -596.00    -596.00    
-590.00    -594.00    -596.00    -596.00    -594.00    -596.00    -594.00    -596.00    -596.00    -596.00    
-588.00    -596.00    -596.00    -596.00    -594.00    -596.00    -596.00    -596.00    -596.00    -596.00    
-596.00    -594.00    -594.00    -596.00    -596.00    -596.00    -596.00    -596.00    -596.00    -594.00    
-592.00    -594.00    -588.00    -596.00    -596.00    -596.00    -596.00    -596.00    -596.00    -596.00    
-592.00    -596.00    -596.00    -596.00    -596.00    -596.00    -596.00    -596.00    -596.00    -596.00    
-592.00    -588.00    -594.00    -596.00    -596.00    -596.00    -596.00    -596.00    -596.00    -596.00    
-592.00    -596.00    -594.00    -594.00    -596.00    -596.00    -596.00    -596.00    -596.00    -596.00    
-590.00    -590.00    -596.00    -596.00    -596.00    -596.00    -596.00    -596.00    -596.00    -596.00    
-594.00    -590.00    -596.00    -596.00    -596.00    -596.00    -596.00    -596.00    -594.00    -596.00    
-594.00    -596.00    -594.00    -594.00    -596.00    -596.00    -594.00    -596.00    -596.00    -596.00    
-594.00    -596.00    -594.00    -594.00    -594.00    -596.00    -596.00    -596.00    -596.00    -596.00    
-594.00    -594.00    -590.00    -596.00    -596.00    -596.00    -596.00    -596.00    -596.00    -596.00    
-596.00    -592.00    -590.00    -596.00    -594.00    -596.00    -596.00    -596.00    -596.00    -596.00    
-594.00    -590.00    -596.00    -596.00    -596.00    -596.00    -596.00    -596.00    -596.00    -596.00    
-592.00    -596.00    -592.00    -596.00    -596.00    -596.00    -596.00    -596.00    -596.00    -596.00    
-594.00    -596.00    -596.00    -596.00    -596.00    -596.00    -596.00    -596.00    -596.00    -596.00    
-586.00    -594.00    -594.00    -594.00    -592.00    -596.00    -596.00    -596.00    -596.00    -596.00    
-592.00    -594.00    -590.00    -596.00    -596.00    -596.00    -596.00    -596.00    -596.00    -596.00    
-592.00    -596.00    -594.00    -596.00    -596.00    -596.00    -596.00    -596.00    -596.00    -596.00    
-592.00    -596.00    -594.00    -596.00    -596.00    -596.00    -596.00    -596.00    -596.00    -596.00    
-590.00    -594.00    -594.00    -594.00    -594.00    -596.00    -594.00    -596.00    -596.00    -596.00    
-590.00    -594.00    -596.00    -594.00    -596.00    -596.00    -596.00    -596.00    -596.00    -596.00    
-594.00    -596.00    -596.00    -592.00    -596.00    -596.00    -596.00    -596.00    -596.00    -596.00    
-594.00    -590.00    -596.00    -596.00    -594.00    -596.00    -596.00    -596.00    -596.00    -596.00    
-584.00    -594.00    -594.00    -596.00    -594.00    -590.00    -596.00    -596.00    -596.00    -596.00    
-584.00    -596.00    -594.00    -596.00    -596.00    -594.00    -596.00    -596.00    -596.00    -596.00    
-592.00    -594.00    -596.00    -592.00    -596.00    -596.00    -596.00    -596.00    -596.00    -596.00    
-594.00    -592.00    -596.00    -594.00    -596.00    -596.00    -594.00    -596.00    -594.00    -596.00    
-596.00    -596.00    -596.00    -596.00    -596.00    -596.00    -596.00    -596.00    -596.00    -596.00    
-590.00    -596.00    -594.00    -596.00    -596.00    -596.00    -596.00    -596.00    -596.00    -596.00    
-594.00    -594.00    -590.00    -596.00    -594.00    -596.00    -596.00    -596.00    -596.00    -596.00    
-590.00    -594.00    -596.00    -594.00    -596.00    -596.00    -596.00    -596.00    -596.00    -596.00    
-594.00    -594.00    -596.00    -596.00    -596.00    -594.00    -596.00    -596.00    -596.00    -596.00    
-594.00    -594.00    -594.00    -596.00    -596.00    -594.00    -596.00    -596.00    -596.00    -596.00    
-594.00    -594.00    -592.00    -596.00    -596.00    -596.00    -594.00    -596.00    -596.00    -596.00    
-594.00    -594.00    -596.00    -596.00    -596.00    -596.00    -594.00    -596.00    -596.00    -596.00    
-596.00    -596.00    -596.00    -594.00    -596.00    -596.00    -596.00    -596.00    -594.00    -596.00    
-594.00    -594.00    -594.00    -594.00    -596.00    -594.00    -596.00    -596.00    -596.00    -596.00    
-588.00    -590.00    -592.00    -594.00    -594.00    -596.00    -596.00    -596.00    -596.00    -596.00    
-592.00    -596.00    -592.00    -596.00    -596.00    -596.00    -596.00    -596.00    -596.00    -596.00    
-588.00    -594.00    -594.00    -594.00    -596.00    -596.00    -596.00    -594.00    -596.00    -596.00    
-596.00    -590.00    -596.00    -596.00    -596.00    -596.00    -594.00    -596.00    -596.00    -596.00    
-592.00    -592.00    -592.00    -594.00    -594.00    -596.00    -596.00    -596.00    -596.00    -596.00    
-592.00    -594.00    -594.00    -592.00    -592.00    -596.00    -596.00    -596.00    -596.00    -596.00    
-594.00    -596.00    -596.00    -592.00    -596.00    -594.00    -594.00    -596.00    -596.00    -596.00    
-586.00    -594.00    -596.00    -596.00    -592.00    -596.00    -596.00    -596.00    -596.00    -596.00    
-594.00    -596.00    -594.00    -596.00    -594.00    -596.00    -596.00    -596.00    -596.00    -596.00    
-590.00    -590.00    -596.00    -594.00    -596.00    -596.00    -596.00    -596.00    -594.00    -596.00    
-592.00    -594.00    -596.00    -596.00    -596.00    -596.00    -596.00    -596.00    -596.00    -596.00    
-590.00    -596.00    -592.00    -596.00    -596.00    -596.00    -596.00    -596.00    -596.00    -596.00    
-594.00    -596.00    -596.00    -590.00    -596.00    -594.00    -596.00    -596.00    -596.00    -596.00    
-588.00    -596.00    -594.00    -596.00    -596.00    -596.00    -596.00    -596.00    -596.00    -596.00    
-594.00    -592.00    -596.00    -596.00    -594.00    -592.00    -596.00    -596.00    -596.00    -594.00    
-596.00    -592.00    -590.00    -596.00    -596.00    -596.00    -596.00    -596.00    -596.00    -596.00    
-594.00    -596.00    -596.00    -596.00    -594.00    -596.00    -596.00    -596.00    -592.00    -596.00    
-584.00    -596.00    -594.00    -592.00    -596.00    -596.00    -596.00    -596.00    -596.00    -596.00    
-594.00    -594.00    -592.00    -596.00    -596.00    -594.00    -596.00    -596.00    -596.00    -596.00    
-594.00    -596.00    -592.00    -596.00    -596.00    -596.00    -596.00    -596.00    -596.00    -596.00    
-596.00    -590.00    -594.00    -592.00    -594.00    -596.00    -596.00    -596.00    -596.00    -596.00    
-592.00    -596.00    -596.00    -592.00    -596.00    -596.00    -594.00    -596.00    -596.00    -596.00    
-590.00    -596.00    -594.00    -594.00    -596.00    -596.00    -596.00    -594.00    -596.00    -596.00    
-592.00    -594.00    -596.00    -596.00    -594.00    -596.00    -596.00    -596.00    -596.00    -596.00    
-592.00    -596.00    -596.00    -596.00    -592.00    -596.00    -594.00    -596.00    -596.00    -596.00    
-594.00    -594.00    -596.00    -596.00    -596.00    -596.00    -596.00    -596.00    -596.00    -596.00    
-590.00    -592.00    -596.00    -596.00    -596.00    -596.00    -596.00    -596.00    -596.00    -596.00    
-594.00    -592.00    -592.00    -596.00    -596.00    -596.00    -596.00    -596.00    -596.00    -596.00    
-592.00    -594.00    -590.00    -596.00    -596.00    -596.00    -596.00    -596.00    -596.00    -596.00    
-596.00    -596.00    -596.00    -596.00    -596.00    -594.00    -596.00    -596.00    -596.00    -596.00    
-596.00    -596.00    -594.00    -594.00    -592.00    -596.00    -596.00    -596.00    -596.00    -596.00    
-590.00    -594.00    -594.00    -596.00    -594.00    -596.00    -596.00    -596.00    -596.00    -596.00    
-586.00    -596.00    -596.00    -594.00    -594.00    -594.00    -596.00    -596.00    -596.00    -596.00    
-596.00    -596.00    -592.00    -592.00    -594.00    -596.00    -596.00    -596.00    -596.00    -596.00    
-592.00    -594.00    -594.00    -594.00    -596.00    -596.00    -596.00    -596.00    -596.00    -596.00    
-592.00    -596.00    -586.00    -596.00    -594.00    -594.00    -594.00    -596.00    -596.00    -596.00    
-592.00    -594.00    -594.00    -594.00    -596.00    -596.00    -596.00    -596.00    -596.00    -596.00    
-592.00    -592.00    -592.00    -594.00    -596.00    -596.00    -594.00    -596.00    -596.00    -596.00    
-594.00    -592.00    -592.00    -594.00    -596.00    -596.00    -596.00    -596.00    -596.00    -596.00    
-588.00    -594.00    -594.00    -594.00    -596.00    -596.00    -594.00    -596.00    -596.00    -596.00    
-596.00    -594.00    -590.00    -596.00    -596.00    -596.00    -594.00    -596.00    -596.00    -596.00    
-592.00    -594.00    -596.00    -596.00    -594.00    -596.00    -594.00    -596.00    -596.00    -596.00    
-596.00    -594.00    -594.00    -596.00    -596.00    -594.00    -596.00    -596.00    -596.00    -596.00    
-594.00    -594.00    -596.00    -594.00    -596.00    -596.00    -596.00    -596.00    -596.00    -596.00    
-586.00    -588.00    -594.00    -594.00    -596.00    -596.00    -596.00    -596.00    -596.00    -596.00    
-596.00    -594.00    -594.00    -596.00    -592.00    -596.00    -596.00    -596.00    -596.00    -596.00    
-594.00    -596.00    -594.00    -596.00    -596.00    -596.00    -596.00    -596.00    -596.00    -596.00    
-592.00    -594.00    -596.00    -596.00    -594.00    -596.00    -596.00    -596.00    -596.00    -596.00    
-596.00    -594.00    -596.00    -590.00    -596.00    -596.00    -596.00    -594.00    -596.00    -596.00    
-596.00    -592.00    -596.00    -596.00    -596.00    -596.00    -596.00    -596.00    -596.00    -596.00    
-594.00    -592.00    -592.00    -592.00    -596.00    -596.00    -596.00    -596.00    -596.00    -596.00    
-594.00    -596.00    -594.00    -596.00    -594.00    -596.00    -596.00    -592.00    -596.00    -596.00    
-592.00    -594.00    -592.00    -596.00    -594.00    -596.00    -594.00    -596.00    -596.00    -596.00    
-590.00    -590.00    -596.00    -594.00    -592.00    -596.00    -596.00    -596.00    -596.00    -596.00    
-588.00    -596.00    -596.00    -592.00    -596.00    -594.00    -596.00    -596.00    -596.00    -596.00    
-590.00    -594.00    -594.00    -594.00    -594.00    -596.00    -596.00    -596.00    -596.00    -596.00    
-594.00    -596.00    -594.00    -594.00    -596.00    -596.00    -596.00    -596.00    -596.00    -596.00    
-592.00    -594.00    -594.00    -596.00    -596.00    -596.00    -596.00    -594.00    -596.00    -596.00    
-592.00    -592.00    -590.00    -596.00    -596.00    -596.00    -596.00    -596.00    -596.00    -596.00    
-592.00    -592.00    -590.00    -596.00    -596.00    -596.00    -596.00    -596.00    -596.00    -596.00    
-592.00    -594.00    -596.00    -594.00    -596.00    -592.00    -596.00    -596.00    -596.00    -596.00    
-590.00    -594.00    -594.00    -596.00    -594.00    -594.00    -596.00    -596.00    -596.00    -596.00    
-594.00    -594.00    -596.00    -596.00    -596.00    -594.00    -596.00    -596.00    -596.00    -596.00    
-586.00    -596.00    -592.00    -596.00    -596.00    -596.00    -596.00    -596.00    -596.00    -596.00    
-594.00    -594.00    -596.00    -596.00    -594.00    -596.00    -596.00    -596.00    -596.00    -596.00    
-596.00    -590.00    -592.00    -596.00    -596.00    -596.00    -596.00    -596.00    -596.00    -596.00    
-588.00    -596.00    -594.00    -596.00    -596.00    -596.00    -596.00    -596.00    -596.00    -596.00    
-592.00    -590.00    -594.00    -596.00    -594.00    -596.00    -596.00    -596.00    -596.00    -596.00    
-590.00    -592.00    -594.00    -594.00    -596.00    -596.00    -596.00    -596.00    -596.00    -596.00    
-590.00    -596.00    -596.00    -596.00    -594.00    -590.00    -596.00    -596.00    -596.00    -596.00    
-594.00    -594.00    -594.00    -596.00    -596.00    -596.00    -596.00    -596.00    -596.00    -596.00    
-594.00    -592.00    -596.00    -596.00    -596.00    -596.00    -594.00    -596.00    -594.00    -596.00    
-592.00    -590.00    -596.00    -592.00    -592.00    -596.00    -596.00    -596.00    -596.00    -596.00    
-596.00    -590.00    -594.00    -596.00    -596.00    -596.00    -596.00    -596.00    -596.00    -596.00    
-590.00    -594.00    -596.00    -596.00    -594.00    -596.00    -596.00    -596.00    -596.00    -596.00    
-596.00    -594.00    -596.00    -592.00    -596.00    -594.00    -596.00    -596.00    -596.00    -596.00    
-590.00    -596.00    -592.00    -594.00    -596.00    -596.00    -594.00    -596.00    -596.00    -596.00    
-594.00    -592.00    -594.00    -594.00    -596.00    -594.00    -596.00    -596.00    -596.00    -596.00    
-596.00    -590.00    -596.00    -596.00    -594.00    -594.00    -596.00    -596.00    -596.00    -596.00    
-592.00    -594.00    -596.00    -596.00    -596.00    -596.00    -596.00    -596.00    -596.00    -596.00    
-594.00    -590.00    -594.00    -596.00    -596.00    -596.00    -590.00    -596.00    -596.00    -596.00    
-592.00    -590.00    -596.00    -594.00    -596.00    -596.00    -596.00    -596.00    -596.00    -596.00    
-586.00    -596.00    -594.00    -594.00    -594.00    -596.00    -596.00    -596.00    -596.00    -596.00    
-588.00    -596.00    -594.00    -594.00    -596.00    -596.00    -596.00    -596.00    -596.00    -596.00    
-596.00    -596.00    -596.00    -594.00    -596.00    -596.00    -596.00    -596.00    -596.00    -596.00    
-588.00    -596.00    -596.00    -592.00    -596.00    -596.00    -596.00    -596.00    -596.00    -596.00    
-592.00    -596.00    -590.00    -596.00    -596.00    -596.00    -596.00    -596.00    -596.00    -596.00    
-592.00    -594.00    -596.00    -596.00    -596.00    -596.00    -596.00    -596.00    -596.00    -594.00    
-592.00    -596.00    -596.00    -594.00    -596.00    -596.00    -594.00    -596.00    -596.00    -596.00    
-590.00    -596.00    -596.00    -592.00    -596.00    -596.00    -596.00    -596.00    -596.00    -596.00    
-588.00    -594.00    -596.00    -596.00    -596.00    -594.00    -596.00    -596.00    -596.00    -596.00    
-590.00    -596.00    -594.00    -594.00    -596.00    -596.00    -596.00    -596.00    -596.00    -596.00    
-596.00    -594.00    -594.00    -594.00    -596.00    -596.00    -596.00    -596.00    -596.00    -596.00    
-594.00    -590.00    -592.00    -596.00    -596.00    -596.00    -596.00    -596.00    -596.00    -594.00    
-594.00    -590.00    -596.00    -594.00    -594.00    -596.00    -594.00    -596.00    -596.00    -596.00    
-588.00    -590.00    -594.00    -592.00    -594.00    -596.00    -596.00    -596.00    -596.00    -596.00    
-590.00    -594.00    -592.00    -594.00    -596.00    -596.00    -596.00    -596.00    -596.00    -594.00    
-594.00    -596.00    -596.00    -594.00    -594.00    -596.00    -596.00    -596.00    -596.00    -596.00    
-592.00    -594.00    -596.00    -596.00    -596.00    -596.00    -596.00    -596.00    -596.00    -596.00    
-594.00    -594.00    -594.00    -594.00    -592.00    -596.00    -594.00    -596.00    -596.00    -596.00    
-592.00    -594.00    -596.00    -596.00    -596.00    -596.00    -596.00    -596.00    -596.00    -596.00    
-596.00    -592.00    -586.00    -596.00    -596.00    -596.00    -596.00    -596.00    -596.00    -596.00    
-590.00    -588.00    -596.00    -596.00    -594.00    -596.00    -596.00    -596.00    -594.00    -596.00    
-590.00    -594.00    -596.00    -590.00    -596.00    -596.00    -596.00    -596.00    -596.00    -596.00    
-596.00    -596.00    -596.00    -596.00    -596.00    -596.00    -596.00    -596.00    -596.00    -596.00    
-594.00    -596.00    -592.00    -594.00    -596.00    -596.00    -596.00    -596.00    -596.00    -596.00    
-590.00    -596.00    -596.00    -596.00    -594.00    -596.00    -596.00    -596.00    -596.00    -596.00    
-594.00    -596.00    -592.00    -596.00    -596.00    -596.00    -596.00    -596.00    -596.00    -596.00    
-594.00    -592.00    -596.00    -596.00    -596.00    -596.00    -596.00    -596.00    -594.00    -596.00    
-596.00    -592.00    -596.00    -594.00    -596.00    -596.00    -596.00    -596.00    -596.00    -596.00    
-592.00    -588.00    -592.00    -594.00    -596.00    -596.00    -596.00    -596.00    -596.00    -596.00    
-594.00    -594.00    -590.00    -596.00    -596.00    -596.00    -594.00    -596.00    -596.00    -596.00    
-592.00    -594.00    -596.00    -592.00    -594.00    -596.00    -594.00    -596.00    -596.00    -596.00    
-594.00    -596.00    -596.00    -596.00    -596.00    -596.00    -596.00    -596.00    -596.00    -596.00    
-596.00    -594.00    -592.00    -596.00    -596.00    -594.00    -594.00    -596.00    -596.00    -596.00    
-592.00    -594.00    -596.00    -596.00    -596.00    -594.00    -596.00    -596.00    -596.00    -596.00    
-594.00    -592.00    -594.00    -596.00    -594.00    -596.00    -592.00    -596.00    -596.00    -596.00    
-592.00    -596.00    -592.00    -596.00    -592.00    -596.00    -594.00    -596.00    -596.00    -596.00    
-590.00    -594.00    -594.00    -596.00    -590.00    -596.00    -596.00    -596.00    -596.00    -596.00    
-592.00    -594.00    -590.00    -596.00    -596.00    -596.00    -596.00    -596.00    -596.00    -596.00    
-596.00    -594.00    -596.00    -594.00    -596.00    -596.00    -596.00    -596.00    -596.00    -596.00    
-596.00    -592.00    -592.00    -596.00    -596.00    -596.00    -596.00    -596.00    -596.00    -596.00    
-588.00    -592.00    -594.00    -596.00    -596.00    -596.00    -596.00    -594.00    -596.00    -596.00    
-588.00    -594.00    -596.00    -596.00    -596.00    -592.00    -596.00    -596.00    -596.00    -596.00    
-594.00    -594.00    -594.00    -596.00    -594.00    -594.00    -594.00    -594.00    -596.00    -596.00    
-592.00    -596.00    -596.00    -596.00    -596.00    -596.00    -596.00    -596.00    -596.00    -596.00    
-588.00    -594.00    -596.00    -596.00    -596.00    -596.00    -596.00    -596.00    -596.00    -596.00    
-590.00    -592.00    -592.00    -596.00    -594.00    -596.00    -594.00    -594.00    -596.00    -596.00    
-594.00    -592.00    -596.00    -596.00    -596.00    -596.00    -596.00    -596.00    -596.00    -596.00    
-594.00    -592.00    -594.00    -596.00    -594.00    -596.00    -596.00    -596.00    -596.00    -596.00    
-594.00    -592.00    -592.00    -596.00    -594.00    -594.00    -596.00    -596.00    -594.00    -596.00    
-590.00    -592.00    -596.00    -594.00    -596.00    -596.00    -596.00    -594.00    -596.00    -596.00    
-590.00    -596.00    -594.00    -592.00    -596.00    -596.00    -596.00    -596.00    -596.00    -596.00    
-596.00    -594.00    -596.00    -594.00    -596.00    -596.00    -596.00    -596.00    -596.00    -596.00    
-594.00    -594.00    -596.00    -594.00    -594.00    -596.00    -594.00    -594.00    -596.00    -596.00    
-590.00    -596.00    -596.00    -596.00    -596.00    -596.00    -596.00    -596.00    -596.00    -596.00    
-596.00    -594.00    -596.00    -592.00    -594.00    -596.00    -596.00    -596.00    -596.00    -596.00    
-592.00    -594.00    -594.00    -594.00    -592.00    -596.00    -596.00    -596.00    -596.00    -596.00    
-594.00    -592.00    -588.00    -592.00    -594.00    -596.00    -596.00    -596.00    -594.00    -596.00    
-594.00    -594.00    -596.00    -594.00    -596.00    -596.00    -596.00    -596.00    -596.00    -596.00    
-590.00    -596.00    -594.00    -594.00    -596.00    -596.00    -592.00    -596.00    -596.00    -596.00    
-594.00    -590.00    -596.00    -596.00    -592.00    -594.00    -596.00    -596.00    -596.00    -596.00    
-594.00    -594.00    -594.00    -592.00    -594.00    -596.00    -596.00    -596.00    -596.00    -596.00    
-592.00    -594.00    -596.00    -596.00    -596.00    -596.00    -596.00    -596.00    -596.00    -596.00    
-590.00    -590.00    -596.00    -596.00    -596.00    -596.00    -596.00    -596.00    -596.00    -596.00    
-592.00    -596.00    -596.00    -592.00    -596.00    -596.00    -596.00    -596.00    -596.00    -596.00    
-590.00    -594.00    -594.00    -592.00    -596.00    -596.00    -596.00    -596.00    -596.00    -596.00    
-588.00    -590.00    -592.00    -596.00    -596.00    -596.00    -596.00    -594.00    -596.00    -596.00    
-586.00    -596.00    -594.00    -596.00    -594.00    -596.00    -596.00    -596.00    -596.00    -596.00    
-594.00    -596.00    -590.00    -592.00    -596.00    -594.00    -596.00    -596.00    -596.00    -596.00    
-596.00    -594.00    -592.00    -592.00    -596.00    -596.00    -596.00    -596.00    -596.00    -596.00    
-592.00    -594.00    -594.00    -596.00    -596.00    -596.00    -594.00    -596.00    -594.00    -596.00    
-596.00    -594.00    -596.00    -594.00    -594.00    -596.00    -596.00    -596.00    -596.00    -596.00    
-594.00    -596.00    -594.00    -594.00    -594.00    -596.00    -594.00    -596.00    -596.00    -596.00    
-594.00    -596.00    -596.00    -596.00    -596.00    -592.00    -596.00    -596.00    -596.00    -596.00    
-592.00    -592.00    -594.00    -590.00    -594.00    -596.00    -596.00    -596.00    -596.00    -596.00    
-592.00    -596.00    -592.00    -594.00    -594.00    -594.00    -594.00    -596.00    -596.00    -596.00    
-590.00    -594.00    -594.00    -596.00    -596.00    -596.00    -596.00    -596.00    -596.00    -596.00    
-592.00    -594.00    -596.00    -596.00    -596.00    -594.00    -596.00    -596.00    -596.00    -596.00    
-590.00    -596.00    -594.00    -596.00    -596.00    -596.00    -596.00    -596.00    -596.00    -596.00    
-596.00    -596.00    -592.00    -596.00    -596.00    -594.00    -596.00    -596.00    -596.00    -596.00    
-596.00    -594.00    -594.00    -594.00    -596.00    -596.00    -596.00    -596.00    -596.00    -596.00    
-594.00    -594.00    -596.00    -596.00    -596.00    -594.00    -596.00    -596.00    -596.00    -596.00    
-594.00    -594.00    -594.00    -594.00    -596.00    -596.00    -596.00    -596.00    -596.00    -596.00    
-594.00    -592.00    -596.00    -594.00    -596.00    -596.00    -596.00    -596.00    -596.00    -596.00    
-594.00    -596.00    -596.00    -594.00    -596.00    -596.00    -596.00    -596.00    -596.00    -596.00    
-594.00    -594.00    -592.00    -596.00    -594.00    -594.00    -596.00    -596.00    -596.00    -596.00    
-596.00    -590.00    -596.00    -596.00    -594.00    -594.00    -596.00    -596.00    -596.00    -596.00    
-596.00    -596.00    -594.00    -594.00    -596.00    -596.00    -596.00    -596.00    -596.00    -596.00    
-590.00    -592.00    -596.00    -596.00    -596.00    -596.00    -596.00    -596.00    -596.00    -596.00    
-596.00    -592.00    -594.00    -596.00    -594.00    -596.00    -596.00    -596.00    -596.00    -596.00    
-592.00    -596.00    -594.00    -596.00    -594.00    -596.00    -596.00    -596.00    -596.00    -596.00    
-590.00    -594.00    -596.00    -594.00    -596.00    -596.00    -596.00    -596.00    -596.00    -596.00    
-590.00    -592.00    -594.00    -594.00    -596.00    -594.00    -596.00    -596.00    -596.00    -596.00    
-594.00    -596.00    -594.00    -596.00    -596.00    -594.00    -596.00    -596.00    -596.00    -596.00    
-594.00    -592.00    -594.00    -596.00    -590.00    -592.00    -596.00    -596.00    -594.00    -596.00    
-590.00    -594.00    -594.00    -596.00    -594.00    -596.00    -596.00    -592.00    -596.00    -596.00    
-594.00    -594.00    -596.00    -596.00    -596.00    -596.00    -596.00    -596.00    -596.00    -594.00    
-590.00    -596.00    -594.00    -596.00    -594.00    -596.00    -596.00    -596.00    -596.00    -596.00    
-594.00    -592.00    -596.00    -590.00    -596.00    -596.00    -596.00    -596.00    -596.00    -596.00    
-594.00    -594.00    -592.00    -594.00    -596.00    -596.00    -596.00    -596.00    -596.00    -596.00    
-592.00    -594.00    -594.00    -594.00    -596.00    -596.00    -596.00    -596.00    -596.00    -596.00    
-588.00    -594.00    -596.00    -596.00    -594.00    -594.00    -596.00    -596.00    -596.00    -596.00    
-594.00    -596.00    -594.00    -596.00    -594.00    -596.00    -596.00    -596.00    -594.00    -596.00    
-594.00    -596.00    -594.00    -596.00    -594.00    -596.00    -594.00    -596.00    -596.00    -596.00    
-590.00    -596.00    -592.00    -596.00    -596.00    -596.00    -596.00    -596.00    -594.00    -596.00    
-588.00    -592.00    -594.00    -594.00    -594.00    -596.00    -596.00    -596.00    -596.00    -596.00    
-588.00    -592.00    -596.00    -594.00    -596.00    -596.00    -596.00    -596.00    -594.00    -596.00    
-596.00    -596.00    -592.00    -596.00    -596.00    -596.00    -596.00    -596.00    -596.00    -596.00    
-592.00    -592.00    -596.00    -596.00    -596.00    -596.00    -594.00    -596.00    -596.00    -596.00    
-594.00    -596.00    -594.00    -596.00    -596.00    -596.00    -594.00    -596.00    -596.00    -596.00    
-596.00    -592.00    -596.00    -596.00    -596.00    -596.00    -596.00    -596.00    -596.00    -596.00    
-594.00    -596.00    -596.00    -596.00    -594.00    -594.00    -596.00    -596.00    -596.00    -596.00    
-592.00    -596.00    -596.00    -592.00    -596.00    -596.00    -596.00    -596.00    -596.00    -596.00    
-596.00    -594.00    -592.00    -596.00    -596.00    -594.00    -596.00    -596.00    -596.00    -596.00    
-594.00    -596.00    -594.00    -596.00    -594.00    -596.00    -596.00    -596.00    -596.00    -596.00    
-596.00    -596.00    -590.00    -596.00    -594.00    -596.00    -594.00    -596.00    -596.00    -596.00    
-594.00    -596.00    -594.00    -596.00    -596.00    -596.00    -594.00    -596.00    -596.00    -596.00    
-596.00    -592.00    -596.00    -596.00    -596.00    -594.00    -596.00    -596.00    -596.00    -596.00    
-594.00    -596.00    -596.00    -596.00    -596.00    -596.00    -596.00    -596.00    -596.00    -596.00    
-590.00    -596.00    -596.00    -594.00    -596.00    -596.00    -596.00    -596.00    -596.00    -596.00    
-592.00    -596.00    -596.00    -596.00    -596.00    -596.00    -596.00    -596.00    -596.00    -596.00    
-590.00    -590.00    -592.00    -594.00    -596.00    -596.00    -596.00    -596.00    -596.00    -596.00    
-594.00    -594.00    -594.00    -590.00    -596.00    -596.00    -596.00    -596.00    -596.00    -596.00    
-596.00    -594.00    -594.00    -596.00    -594.00    -596.00    -596.00    -596.00    -596.00    -596.00    
-594.00    -594.00    -594.00    -594.00    -596.00    -596.00    -596.00    -596.00    -596.00    -596.00    
-594.00    -594.00    -592.00    -594.00    -594.00    -596.00    -596.00    -596.00    -596.00    -596.00    
-592.00    -596.00    -596.00    -594.00    -596.00    -596.00    -596.00    -596.00    -596.00    -596.00    
-596.00    -596.00    -594.00    -596.00    -596.00    -596.00    -596.00    -596.00    -596.00    -596.00    
-592.00    -592.00    -594.00    -596.00    -594.00    -592.00    -596.00    -592.00    -596.00    -596.00    
-596.00    -592.00    -596.00    -596.00    -596.00    -596.00    -596.00    -596.00    -596.00    -596.00    
-594.00    -588.00    -594.00    -592.00    -596.00    -596.00    -596.00    -596.00    -596.00    -596.00    
-586.00    -594.00    -596.00    -596.00    -594.00    -596.00    -596.00    -596.00    -596.00    -596.00    
-594.00    -596.00    -592.00    -594.00    -596.00    -596.00    -596.00    -596.00    -596.00    -596.00    
-594.00    -596.00    -596.00    -594.00    -594.00    -594.00    -596.00    -596.00    -596.00    -596.00    
-596.00    -592.00    -594.00    -596.00    -596.00    -596.00    -596.00    -596.00    -596.00    -596.00    
-592.00    -594.00    -596.00    -594.00    -594.00    -596.00    -596.00    -596.00    -596.00    -596.00    
-594.00    -596.00    -594.00    -592.00    -596.00    -596.00    -596.00    -596.00    -596.00    -596.00    
-594.00    -594.00    -596.00    -596.00    -596.00    -596.00    -596.00    -596.00    -596.00    -596.00    
-592.00    -596.00    -594.00    -594.00    -596.00    -596.00    -596.00    -596.00    -596.00    -596.00    
-594.00    -594.00    -594.00    -596.00    -596.00    -596.00    -594.00    -596.00    -596.00    -596.00    
-596.00    -596.00    -596.00    -596.00    -596.00    -596.00    -596.00    -596.00    -596.00    -596.00    
-596.00    -596.00    -592.00    -594.00    -594.00    -596.00    -594.00    -596.00    -596.00    -596.00    
-590.00    -592.00    -594.00    -596.00    -596.00    -594.00    -596.00    -596.00    -596.00    -596.00    
-588.00    -596.00    -594.00    -592.00    -596.00    -596.00    -596.00    -596.00    -596.00    -596.00    
-594.00    -596.00    -596.00    -596.00    -596.00    -596.00    -594.00    -596.00    -596.00    -596.00    
-594.00    -596.00    -596.00    -594.00    -596.00    -596.00    -596.00    -596.00    -596.00    -596.00    
-590.00    -594.00    -594.00    -596.00    -596.00    -596.00    -596.00    -596.00    -596.00    -596.00    
-596.00    -592.00    -596.00    -596.00    -596.00    -596.00    -596.00    -596.00    -596.00    -594.00    
-596.00    -594.00    -596.00    -596.00    -596.00    -596.00    -596.00    -596.00    -596.00    -596.00    
-586.00    -594.00    -594.00    -596.00    -596.00    -594.00    -596.00    -596.00    -596.00    -596.00    
-592.00    -596.00    -596.00    -596.00    -594.00    -594.00    -596.00    -596.00    -596.00    -596.00    
-596.00    -594.00    -594.00    -594.00    -594.00    -594.00    -596.00    -596.00    -596.00    -596.00    
-596.00    -596.00    -590.00    -596.00    -594.00    -596.00    -596.00    -596.00    -596.00    -596.00    
-592.00    -594.00    -596.00    -596.00    -594.00    -596.00    -596.00    -596.00    -596.00    -596.00    
-592.00    -596.00    -594.00    -596.00    -596.00    -594.00    -594.00    -596.00    -596.00    -596.00    
-586.00    -596.00    -592.00    -596.00    -596.00    -594.00    -596.00    -596.00    -596.00    -594.00    
-594.00    -592.00    -596.00    -596.00    -596.00    -596.00    -596.00    -596.00    -596.00    -596.00    
-596.00    -594.00    -596.00    -596.00    -596.00    -596.00    -596.00    -594.00    -596.00    -596.00    
-594.00    -594.00    -592.00    -594.00    -596.00    -596.00    -596.00    -596.00    -596.00    -596.00    
-592.00    -594.00    -594.00    -596.00    -594.00    -596.00    -596.00    -596.00    -596.00    -596.00    
-596.00    -594.00    -594.00    -592.00    -594.00    -596.00    -594.00    -596.00    -596.00    -596.00    
-594.00    -594.00    -594.00    -596.00    -594.00    -596.00    -596.00    -596.00    -596.00    -596.00    
-592.00    -592.00    -592.00    -592.00    -596.00    -596.00    -596.00    -596.00    -596.00    -596.00    
-592.00    -596.00    -592.00    -594.00    -596.00    -596.00    -596.00    -596.00    -596.00    -596.00    
-594.00    -592.00    -592.00    -596.00    -596.00    -596.00    -594.00    -596.00    -596.00    -596.00    
-590.00    -592.00    -596.00    -596.00    -596.00    -596.00    -596.00    -596.00    -596.00    -596.00    
-594.00    -596.00    -596.00    -596.00    -596.00    -596.00    -594.00    -596.00    -596.00    -596.00    
-592.00    -596.00    -596.00    -594.00    -596.00    -594.00    -596.00    -596.00    -596.00    -596.00    
-594.00    -596.00    -596.00    -596.00    -596.00    -594.00    -596.00    -596.00    -596.00    -596.00    
-592.00    -594.00    -596.00    -596.00    -596.00    -596.00    -596.00    -596.00    -596.00    -596.00    
-592.00    -594.00    -594.00    -596.00    -596.00    -596.00    -596.00    -596.00    -594.00    -596.00    
-588.00    -596.00    -596.00    -594.00    -594.00    -596.00    -596.00    -596.00    -596.00    -596.00    
-596.00    -594.00    -594.00    -596.00    -594.00    -596.00    -596.00    -594.00    -596.00    -596.00    
-596.00    -596.00    -596.00    -596.00    -596.00    -594.00    -596.00    -596.00    -596.00    -596.00    
-596.00    -594.00    -594.00    -596.00    -594.00    -596.00    -596.00    -596.00    -596.00    -596.00    
-596.00    -596.00    -592.00    -596.00    -596.00    -596.00    -596.00    -596.00    -596.00    -596.00    
-594.00    -596.00    -596.00    -594.00    -596.00    -596.00    -594.00    -596.00    -594.00    -596.00    
-594.00    -592.00    -592.00    -594.00    -594.00    -596.00    -596.00    -596.00    -596.00    -596.00    
-594.00    -594.00    -596.00    -596.00    -596.00    -596.00    -594.00    -596.00    -596.00    -596.00    
-596.00    -596.00    -592.00    -596.00    -594.00    -596.00    -594.00    -596.00    -596.00    -596.00    
-594.00    -592.00    -594.00    -592.00    -596.00    -596.00    -596.00    -596.00    -596.00    -596.00    
-596.00    -594.00    -594.00    -596.00    -596.00    -596.00    -596.00    -596.00    -596.00    -596.00    
-594.00    -592.00    -596.00    -594.00    -594.00    -596.00    -596.00    -596.00    -596.00    -596.00    
-596.00    -592.00    -596.00    -588.00    -596.00    -596.00    -596.00    -596.00    -596.00    -596.00    
-592.00    -594.00    -594.00    -594.00    -596.00    -596.00    -594.00    -594.00    -596.00    -596.00    
-590.00    -594.00    -594.00    -596.00    -596.00    -596.00    -594.00    -596.00    -596.00    -596.00    
-596.00    -594.00    -596.00    -596.00    -596.00    -594.00    -592.00    -596.00    -596.00    -596.00    
-596.00    -594.00    -594.00    -594.00    -596.00    -596.00    -596.00    -596.00    -596.00    -596.00    
-594.00    -596.00    -596.00    -596.00    -596.00    -596.00    -594.00    -596.00    -596.00    -596.00    
-592.00    -596.00    -596.00    -596.00    -596.00    -594.00    -596.00    -596.00    -596.00    -596.00    
-590.00    -594.00    -596.00    -596.00    -596.00    -596.00    -596.00    -596.00    -596.00    -596.00    
-590.00    -592.00    -596.00    -596.00    -596.00    -596.00    -596.00    -596.00    -596.00    -596.00    
-594.00    -594.00    -596.00    -596.00    -596.00    -596.00    -596.00    -596.00    -596.00    -596.00    
-596.00    -596.00    -596.00    -596.00    -596.00    -596.00    -596.00    -596.00    -594.00    -596.00    
-594.00    -596.00    -596.00    -592.00    -596.00    -596.00    -594.00    -596.00    -596.00    -594.00    
-596.00    -596.00    -596.00    -596.00    -594.00    -596.00    -596.00    -596.00    -594.00    -596.00    
-594.00    -592.00    -596.00    -596.00    -596.00    -596.00    -596.00    -596.00    -596.00    -596.00    
-592.00    -592.00    -596.00    -594.00    -596.00    -596.00    -596.00    -596.00    -596.00    -596.00    
-594.00    -592.00    -596.00    -596.00    -596.00    -596.00    -596.00    -596.00    -596.00    -596.00    
-594.00    -594.00    -596.00    -594.00    -594.00    -596.00    -596.00    -596.00    -596.00    -596.00    
-592.00    -594.00    -596.00    -596.00    -596.00    -596.00    -596.00    -596.00    -596.00    -596.00    
-594.00    -594.00    -590.00    -594.00    -596.00    -596.00    -596.00    -596.00    -596.00    -596.00    
-594.00    -596.00    -596.00    -596.00    -594.00    -596.00    -596.00    -596.00    -596.00    -596.00    
-590.00    -596.00    -596.00    -594.00    -596.00    -594.00    -596.00    -596.00    -596.00    -596.00    
-594.00    -594.00    -596.00    -596.00    -596.00    -596.00    -596.00    -596.00    -596.00    -596.00    
-592.00    -596.00    -590.00    -596.00    -596.00    -594.00    -596.00    -596.00    -596.00    -596.00    
-594.00    -592.00    -596.00    -596.00    -596.00    -596.00    -596.00    -594.00    -596.00    -596.00    
-594.00    -594.00    -594.00    -594.00    -596.00    -596.00    -596.00    -596.00    -596.00    -596.00    
-590.00    -594.00    -592.00    -596.00    -596.00    -596.00    -596.00    -596.00    -596.00    -596.00    
-594.00    -594.00    -596.00    -596.00    -596.00    -596.00    -594.00    -596.00    -596.00    -596.00    
-588.00    -596.00    -596.00    -594.00    -596.00    -596.00    -596.00    -596.00    -596.00    -596.00    
-590.00    -592.00    -594.00    -596.00    -596.00    -596.00    -596.00    -596.00    -596.00    -596.00    
-596.00    -596.00    -596.00    -596.00    -596.00    -596.00    -596.00    -596.00    -594.00    -596.00    
-596.00    -592.00    -596.00    -594.00    -596.00    -596.00    -596.00    -596.00    -596.00    -596.00    
-588.00    -592.00    -596.00    -596.00    -594.00    -596.00    -596.00    -596.00    -596.00    -596.00    
-594.00    -592.00    -596.00    -596.00    -596.00    -596.00    -596.00    -594.00    -596.00    -596.00    
-594.00    -596.00    -596.00    -594.00    -596.00    -596.00    -596.00    -596.00    -596.00    -596.00    
-594.00    -592.00    -596.00    -592.00    -596.00    -596.00    -592.00    -596.00    -596.00    -596.00    
-596.00    -594.00    -596.00    -596.00    -596.00    -596.00    -594.00    -596.00    -596.00    -596.00    
-596.00    -596.00    -596.00    -594.00    -596.00    -596.00    -596.00    -596.00    -596.00    -596.00    
-594.00    -596.00    -594.00    -596.00    -594.00    -594.00    -596.00    -596.00    -596.00    -596.00    
-594.00    -592.00    -596.00    -596.00    -596.00    -594.00    -596.00    -596.00    -596.00    -596.00    
-592.00    -592.00    -596.00    -596.00    -596.00    -596.00    -596.00    -596.00    -596.00    -594.00    
-596.00    -596.00    -594.00    -596.00    -596.00    -596.00    -596.00    -596.00    -596.00    -596.00    
-596.00    -594.00    -596.00    -596.00    -596.00    -596.00    -596.00    -596.00    -596.00    -596.00    
-594.00    -596.00    -592.00    -596.00    -594.00    -596.00    -596.00    -596.00    -596.00    -596.00    
-596.00    -596.00    -596.00    -596.00    -594.00    -596.00    -596.00    -596.00    -596.00    -596.00    
-596.00    -594.00    -596.00    -596.00    -596.00    -594.00    -596.00    -596.00    -596.00    -596.00    
-594.00    -596.00    -594.00    -592.00    -596.00    -596.00    -596.00    -596.00    -596.00    -596.00    
-594.00    -588.00    -594.00    -596.00    -594.00    -596.00    -596.00    -596.00    -596.00    -596.00    
-596.00    -596.00    -594.00    -594.00    -596.00    -596.00    -594.00    -596.00    -596.00    -596.00    
-596.00    -596.00    -596.00    -596.00    -596.00    -596.00    -596.00    -596.00    -596.00    -596.00    
-590.00    -590.00    -594.00    -596.00    -594.00    -596.00    -596.00    -596.00    -596.00    -596.00    
-592.00    -596.00    -594.00    -594.00    -596.00    -596.00    -596.00    -596.00    -596.00    -596.00    
-592.00    -596.00    -594.00    -596.00    -596.00    -596.00    -596.00    -596.00    -596.00    -596.00    
-594.00    -594.00    -594.00    -596.00    -596.00    -596.00    -596.00    -596.00    -596.00    -596.00    
-596.00    -596.00    -592.00    -596.00    -596.00    -596.00    -596.00    -596.00    -596.00    -596.00    
-594.00    -596.00    -596.00    -596.00    -594.00    -596.00    -596.00    -596.00    -596.00    -596.00    
-592.00    -590.00    -596.00    -596.00    -594.00    -596.00    -594.00    -596.00    -596.00    -596.00    
-596.00    -588.00    -596.00    -596.00    -594.00    -596.00    -596.00    -596.00    -596.00    -596.00    
-592.00    -596.00    -592.00    -594.00    -596.00    -596.00    -594.00    -596.00    -596.00    -596.00    
-594.00    -596.00    -594.00    -594.00    -596.00    -596.00    -596.00    -596.00    -596.00    -596.00    
-586.00    -590.00    -592.00    -596.00    -594.00    -596.00    -596.00    -596.00    -594.00    -596.00    
-590.00    -594.00    -594.00    -596.00    -594.00    -596.00    -596.00    -596.00    -596.00    -596.00    
-592.00    -590.00    -592.00    -594.00    -594.00    -596.00    -596.00    -596.00    -596.00    -596.00    
-594.00    -592.00    -590.00    -596.00    -596.00    -596.00    -596.00    -596.00    -596.00    -596.00    
-586.00    -594.00    -594.00    -594.00    -596.00    -596.00    -596.00    -596.00    -596.00    -596.00    
-590.00    -596.00    -592.00    -596.00    -594.00    -596.00    -596.00    -596.00    -594.00    -596.00    
-596.00    -592.00    -596.00    -594.00    -596.00    -596.00    -596.00    -596.00    -596.00    -596.00    
-592.00    -594.00    -596.00    -594.00    -592.00    -596.00    -596.00    -596.00    -596.00    -596.00    
-592.00    -592.00    -594.00    -594.00    -596.00    -592.00    -596.00    -596.00    -596.00    -596.00    
-594.00    -592.00    -594.00    -594.00    -596.00    -596.00    -596.00    -596.00    -596.00    -596.00    
-588.00    -596.00    -596.00    -596.00    -596.00    -596.00    -596.00    -596.00    -596.00    -596.00    
-592.00    -596.00    -596.00    -594.00    -596.00    -596.00    -596.00    -596.00    -596.00    -596.00    
-596.00    -594.00    -594.00    -596.00    -594.00    -596.00    -592.00    -596.00    -596.00    -594.00    
-596.00    -594.00    -596.00    -596.00    -594.00    -596.00    -596.00    -596.00    -596.00    -596.00    
-596.00    -594.00    -592.00    -596.00    -592.00    -596.00    -596.00    -596.00    -596.00    -596.00    
-596.00    -596.00    -596.00    -596.00    -596.00    -596.00    -596.00    -596.00    -594.00    -596.00    
-596.00    -594.00    -596.00    -592.00    -594.00    -596.00    -596.00    -596.00    -596.00    -596.00    
-592.00    -596.00    -596.00    -594.00    -596.00    -594.00    -596.00    -596.00    -596.00    -596.00    
-594.00    -596.00    -596.00    -596.00    -596.00    -596.00    -596.00    -596.00    -596.00    -596.00    
-596.00    -596.00    -596.00    -596.00    -596.00    -596.00    -596.00    -596.00    -596.00    -596.00    
-592.00    -592.00    -594.00    -596.00    -596.00    -596.00    -596.00    -596.00    -594.00    -596.00    
-592.00    -596.00    -596.00    -592.00    -596.00    -596.00    -596.00    -596.00    -596.00    -596.00    
-594.00    -594.00    -596.00    -592.00    -596.00    -596.00    -596.00    -596.00    -596.00    -596.00    
-590.00    -594.00    -594.00    -592.00    -594.00    -596.00    -596.00    -596.00    -596.00    -596.00    
-592.00    -596.00    -590.00    -596.00    -596.00    -596.00    -596.00    -596.00    -596.00    -596.00    
-596.00    -596.00    -596.00    -594.00    -592.00    -596.00    -596.00    -596.00    -596.00    -596.00    
-592.00    -596.00    -596.00    -592.00    -596.00    -596.00    -596.00    -596.00    -596.00    -596.00    
-594.00    -596.00    -594.00    -596.00    -594.00    -594.00    -596.00    -596.00    -596.00    -596.00    
-596.00    -596.00    -592.00    -596.00    -596.00    -596.00    -596.00    -596.00    -596.00    -596.00    
-594.00    -594.00    -596.00    -592.00    -594.00    -596.00    -596.00    -596.00    -596.00    -596.00    
-596.00    -594.00    -596.00    -594.00    -594.00    -596.00    -596.00    -596.00    -596.00    -596.00    
-590.00    -596.00    -596.00    -594.00    -594.00    -596.00    -596.00    -596.00    -596.00    -596.00    
-596.00    -588.00    -596.00    -596.00    -596.00    -594.00    -596.00    -596.00    -596.00    -596.00    
-594.00    -590.00    -596.00    -594.00    -594.00    -594.00    -596.00    -596.00    -596.00    -596.00    
-594.00    -596.00    -590.00    -594.00    -596.00    -594.00    -596.00    -596.00    -596.00    -596.00    
-590.00    -592.00    -594.00    -596.00    -596.00    -596.00    -596.00    -596.00    -596.00    -596.00    
-588.00    -596.00    -592.00    -596.00    -596.00    -596.00    -596.00    -596.00    -596.00    -596.00    
-590.00    -594.00    -596.00    -596.00    -596.00    -596.00    -596.00    -596.00    -596.00    -596.00    
-588.00    -592.00    -592.00    -596.00    -596.00    -594.00    -596.00    -594.00    -596.00    -596.00    
-592.00    -596.00    -596.00    -594.00    -596.00    -594.00    -596.00    -596.00    -596.00    -594.00    
-592.00    -594.00    -596.00    -596.00    -596.00    -596.00    -596.00    -596.00    -596.00    -596.00    
-594.00    -592.00    -594.00    -596.00    -596.00    -596.00    -596.00    -596.00    -596.00    -596.00    
-592.00    -594.00    -596.00    -596.00    -594.00    -592.00    -596.00    -596.00    -596.00    -596.00    
-596.00    -596.00    -596.00    -596.00    -594.00    -596.00    -596.00    -596.00    -596.00    -596.00    
-594.00    -592.00    -594.00    -596.00    -596.00    -596.00    -596.00    -596.00    -596.00    -596.00    
-590.00    -596.00    -592.00    -592.00    -596.00    -596.00    -596.00    -596.00    -596.00    -596.00    
-592.00    -594.00    -594.00    -592.00    -592.00    -596.00    -596.00    -596.00    -596.00    -596.00    
-590.00    -596.00    -596.00    -596.00    -594.00    -596.00    -596.00    -596.00    -596.00    -596.00    
