76       0.69314718        
70       3.46673757        
68       2.77476413        
66       3.46416974        
64       5.54363072        
62       5.48048658        
60       6.36791117        
58       7.45116432        
56       7.67921448        
54       8.53369552        
52       9.29612168        
50       9.70390141        
48       10.41384552       
46       11.03936136       
44       11.54377043       
42       12.15403828       
40       12.70407538       
38       13.21411840       
36       13.75523662       
34       14.26370397       
32       14.74643387       
30       15.23116916       
28       15.69441125       
26       16.13892187       
24       16.57102896       
22       16.98118967       
20       17.37242000       
18       17.74347263       
16       18.09412190       
14       18.41885972       
12       18.71776056       
10       18.98882718       
8        19.22736200       
6        19.43158880       
4        19.59733476       
2        19.71867697       
0        19.79290449       
-2       19.81609820       
-4       19.77990259       
-6       19.67815710       
-8       19.50470142       
-10      19.25044748       
-12      18.90994195       
-14      18.47806071       
-16      17.94630593       
-18      17.31139023       
-20      16.56240631       
-22      15.69155949       
-24      14.69099630       
-26      13.54642853       
-28      12.24924028       
-30      10.76273885       
-32      9.02937002        
-34      6.92704969        
-36      4.15282807        
