156      0.69314718        
150      4.15758861        
148      3.46672535        
146      4.16275638        
144      6.92875372        
142      6.89641836        
140      7.74854660        
138      9.40371960        
136      9.71278164        
134      10.61879183       
132      11.74492340       
130      12.24510364       
128      13.11019502       
126      13.99310945       
124      14.59465343       
122      15.38741930       
120      16.14365208       
118      16.78170058       
116      17.51048630       
114      18.20175133       
112      18.84432712       
110      19.52420734       
108      20.17309601       
106      20.80385949       
104      21.43970258       
102      22.05998376       
100      22.66616230       
98       23.27382698       
96       23.86820131       
94       24.45190388       
92       25.03481170       
90       25.60485568       
88       26.16485132       
86       26.72255045       
84       27.26787881       
82       27.80704059       
80       28.33972923       
78       28.86366196       
76       29.38062379       
74       29.89139962       
72       30.39368805       
70       30.88758999       
68       31.37429972       
66       31.85416245       
64       32.32519075       
62       32.78975023       
60       33.24456009       
58       33.69143200       
56       34.13011819       
54       34.56008602       
52       34.98282017       
50       35.39493047       
48       35.79826568       
46       36.19208939       
44       36.57707041       
42       36.95073034       
40       37.31241460       
38       37.66689092       
36       38.00817545       
34       38.33768840       
32       38.65734927       
30       38.96276374       
28       39.25657944       
26       39.53529121       
24       39.79992802       
22       40.05210052       
20       40.28719593       
18       40.50628573       
16       40.70962779       
14       40.89474125       
12       41.06145160       
10       41.20928977       
8        41.33675360       
6        41.44253447       
4        41.52639170       
2        41.58756411       
0        41.62388269       
-2       41.63456374       
-4       41.61896495       
-6       41.57437323       
-8       41.49982782       
-10      41.39333872       
-12      41.25382010       
-14      41.08084793       
-16      40.87233452       
-18      40.62657180       
-20      40.34121105       
-22      40.01609310       
-24      39.64790153       
-26      39.23787868       
-28      38.78161180       
-30      38.28011019       
-32      37.73155193       
-34      37.13105728       
-36      36.47849099       
-38      35.77184619       
-40      35.00786385       
-42      34.18486441       
-44      33.30099128       
-46      32.34917466       
-48      31.32828542       
-50      30.23052326       
-52      29.05303655       
-54      27.78838844       
-56      26.42116509       
-58      24.94215818       
-60      23.33566484       
-62      21.58526382       
-64      19.65710963       
-66      17.51282804       
-68      15.08299395       
-70      12.25105618       
-72      8.73228752        
